50 200
15 0 1 2 4 5 8 9 15 19 22 23 31 32 44 49 
15 0 1 3 4 7 10 13 14 17 23 25 31 35 37 49 
14 0 1 3 4 15 20 23 24 28 29 32 38 42 43 
14 0 1 3 5 8 10 12 18 19 26 33 34 35 39 
15 0 1 3 6 12 13 21 29 32 36 44 45 46 47 48 
14 0 1 4 10 22 23 24 32 37 38 41 42 44 48 
15 0 1 5 6 14 20 21 22 26 27 30 31 39 43 46 
14 0 2 3 5 6 9 13 21 24 25 31 38 47 49 
15 0 2 3 5 7 9 13 14 25 32 34 36 42 44 45 
15 0 2 3 5 10 16 20 24 35 37 42 43 45 46 48 
15 0 2 3 7 8 10 21 25 29 36 37 40 41 43 49 
13 0 2 3 13 25 27 32 35 39 41 42 43 47 
15 0 2 4 10 18 19 20 22 25 29 30 32 37 40 41 
15 0 2 5 6 8 9 14 15 20 23 35 38 39 41 47 
15 0 2 5 8 10 14 15 17 18 19 25 28 31 40 47 
14 0 2 6 8 13 17 21 22 25 28 31 37 41 44 
15 0 2 6 14 16 19 22 24 26 31 33 35 43 46 48 
15 0 2 7 10 13 14 15 19 29 32 33 34 42 44 45 
15 0 2 9 10 15 16 24 27 28 29 32 37 42 43 48 
14 0 2 9 11 12 16 17 18 24 25 33 35 42 46 
15 0 2 9 15 17 26 28 32 33 37 39 41 45 47 48 
15 0 2 10 13 15 16 18 20 23 33 38 39 43 45 49 
13 0 3 4 5 6 11 12 13 18 31 34 44 46 
15 0 3 4 5 8 11 13 31 32 38 39 41 43 47 49 
15 0 3 5 9 12 13 16 17 18 25 26 27 41 46 49 
14 0 3 8 9 13 15 16 19 21 22 29 30 36 40 
15 0 3 9 13 20 21 25 28 29 32 34 39 44 46 47 
15 0 3 9 17 22 24 32 33 34 35 39 40 41 43 47 
14 0 3 15 18 22 23 26 29 30 35 39 41 45 49 
15 0 3 16 17 19 21 27 31 34 36 39 40 45 47 48 
14 0 4 5 16 17 18 21 22 23 28 33 37 42 49 
14 0 4 6 8 12 25 30 38 41 42 44 45 46 48 
14 0 4 9 11 17 19 24 26 27 32 36 37 38 40 
15 0 4 9 12 15 17 22 26 27 30 31 33 36 37 47 
14 0 5 6 7 13 18 24 28 29 32 34 37 41 46 
15 0 5 6 8 9 17 24 25 27 28 31 34 39 42 45 
15 0 5 10 12 13 20 25 26 33 37 38 40 46 47 48 
15 0 6 8 14 17 19 20 23 26 34 37 40 43 44 45 
15 0 6 9 13 14 16 18 26 28 30 31 36 41 48 49 
14 0 7 8 9 16 22 25 27 29 31 32 34 39 41 
15 0 7 9 11 12 14 17 18 23 26 42 44 45 47 49 
15 0 7 11 13 17 21 25 26 34 35 39 42 44 48 49 
15 0 7 11 15 21 24 27 28 29 30 32 39 40 42 43 
15 0 8 13 14 15 24 27 28 35 36 39 40 42 45 46 
13 0 9 10 11 14 19 20 29 30 31 32 44 47 
15 0 9 11 12 16 17 23 24 26 29 33 34 37 38 39 
15 0 15 16 18 23 27 30 32 34 35 37 39 41 46 48 
15 1 2 3 4 7 9 11 13 16 18 19 31 41 46 47 
12 1 2 3 5 13 18 20 21 36 39 45 48 
15 1 2 3 7 8 11 14 17 19 23 35 36 38 42 48 
15 1 2 3 11 12 20 22 24 25 26 32 33 45 48 49 
14 1 2 4 8 12 13 15 28 33 35 37 39 44 46 
13 1 2 5 7 14 21 22 29 31 37 38 40 44 
15 1 2 5 10 16 17 18 20 23 27 29 31 34 44 48 
14 1 2 6 7 9 15 16 31 34 35 38 41 42 44 
15 1 2 6 12 13 16 17 29 32 33 34 35 36 37 44 
15 1 2 7 12 14 18 28 32 34 37 38 40 41 42 47 
15 1 2 8 9 10 14 19 22 33 35 36 38 42 47 49 
15 1 2 8 9 17 23 24 26 28 33 34 38 42 43 45 
15 1 2 13 15 17 23 24 25 27 31 32 43 44 47 48 
14 1 3 4 6 8 9 12 18 25 27 32 33 42 46 
15 1 3 4 6 8 10 12 16 18 23 29 33 34 36 38 
15 1 3 4 9 11 14 15 17 23 25 31 40 41 42 45 
15 1 3 5 7 16 20 21 22 23 24 30 33 39 41 49 
15 1 3 6 12 13 16 17 20 27 34 38 39 42 45 49 
15 1 3 7 13 15 16 20 22 23 24 27 38 39 47 48 
15 1 3 10 13 15 17 21 24 27 29 34 35 38 39 43 
15 1 3 10 16 19 21 27 28 31 33 35 38 39 41 44 
15 1 4 5 13 18 20 21 27 28 33 36 37 38 40 45 
14 1 4 7 10 20 24 27 29 30 34 39 43 48 49 
13 1 4 7 13 14 15 19 21 26 29 33 45 48 
15 1 4 13 19 21 24 27 35 36 38 43 44 46 48 49 
15 1 5 6 12 13 14 19 27 30 32 36 39 40 41 46 
15 1 5 6 14 15 16 17 18 22 31 33 36 38 41 48 
15 1 5 7 9 13 14 17 19 25 26 29 36 39 45 46 
15 1 5 11 13 14 17 19 20 22 24 25 39 40 43 46 
15 1 6 15 19 20 25 28 30 31 33 34 39 43 48 49 
14 1 6 16 19 21 24 25 31 34 37 40 41 45 48 
13 1 7 8 15 17 26 27 35 36 39 44 46 49 
15 1 7 10 13 15 20 26 28 34 36 41 43 44 45 46 
14 1 7 10 15 22 23 25 32 35 36 38 45 46 47 
15 1 8 10 12 18 20 24 26 27 30 34 43 46 48 49 
14 1 8 13 22 24 25 28 30 32 33 38 40 41 47 
15 1 8 14 19 21 23 30 31 32 36 39 40 44 45 46 
15 1 9 12 13 18 20 23 26 29 31 39 40 41 42 46 
15 1 9 14 15 16 22 23 24 26 31 32 35 36 39 47 
15 1 9 14 16 17 23 26 28 30 34 36 41 44 45 46 
14 1 15 22 24 34 35 36 37 39 40 41 42 46 47 
15 2 3 4 5 8 10 11 16 21 31 32 37 39 42 49 
11 2 3 4 6 15 23 24 37 44 46 48 
14 2 3 4 12 13 14 21 22 26 30 34 36 37 40 
15 2 3 5 9 10 11 12 20 24 29 34 36 39 44 49 
15 2 3 6 7 10 15 16 19 23 26 39 44 46 47 49 
15 2 3 6 7 13 17 18 30 31 34 38 40 43 44 45 
15 2 3 6 15 20 24 25 28 30 32 45 46 47 48 49 
15 2 3 7 8 16 17 19 20 21 23 26 30 31 46 48 
15 2 3 9 15 16 21 27 30 31 38 40 41 42 43 46 
15 2 3 9 15 19 22 27 31 33 37 38 40 44 47 48 
14 2 4 6 7 8 10 18 21 25 27 31 41 42 45 
15 2 4 6 7 9 15 23 26 28 29 31 35 37 39 49 
14 2 4 6 8 9 19 22 28 33 35 43 44 45 47 
15 2 4 6 8 12 14 21 25 30 31 34 35 38 45 49 
15 2 4 6 12 16 19 25 26 32 34 35 41 45 46 47 
11 2 4 7 9 10 16 20 23 25 35 49 
15 2 4 7 9 11 20 21 22 24 32 40 43 44 46 49 
15 2 4 10 12 14 18 22 27 29 36 37 40 41 44 45 
14 2 5 6 8 15 16 21 25 27 34 35 37 41 45 
15 2 5 7 9 12 13 14 17 23 25 26 27 34 39 45 
15 2 5 8 16 22 23 25 26 32 33 34 35 40 41 47 
15 2 5 14 17 21 23 25 27 28 34 36 41 42 43 48 
14 2 6 7 9 10 13 14 16 28 29 31 34 36 38 
13 2 6 8 9 10 22 23 27 28 36 38 40 46 
15 2 6 8 9 12 18 22 28 29 30 32 35 38 40 45 
15 2 6 8 14 19 22 23 27 28 31 36 41 44 46 48 
15 2 7 9 13 14 17 18 21 25 26 29 30 41 44 46 
15 2 7 13 14 18 19 23 29 34 36 41 43 46 47 49 
14 2 7 15 16 18 25 26 27 29 32 33 40 47 48 
14 2 8 10 17 18 20 22 24 35 41 43 44 46 49 
15 2 8 12 17 19 20 21 31 33 36 38 39 43 45 47 
15 2 8 14 19 27 28 29 30 31 32 33 37 41 42 45 
15 2 10 14 15 24 26 28 30 31 34 35 37 45 46 48 
13 2 12 13 17 21 23 28 31 32 43 44 45 47 
12 2 13 17 28 32 33 35 36 40 43 45 48 
13 2 14 18 21 26 27 32 34 35 36 43 46 49 
15 3 4 5 6 7 9 10 13 16 30 37 41 45 46 48 
14 3 4 5 10 14 16 23 27 33 39 40 42 44 45 
12 3 4 6 7 11 16 20 30 31 37 42 43 
15 3 4 6 8 16 22 24 32 33 35 37 42 43 46 49 
15 3 4 7 10 11 24 26 27 28 37 39 45 46 47 48 
15 3 4 8 9 10 12 16 19 26 33 39 41 46 47 49 
15 3 4 8 9 15 16 24 29 31 34 35 36 41 43 46 
15 3 4 9 11 17 18 24 25 29 31 34 35 37 45 49 
15 3 5 6 7 15 20 24 25 28 30 31 39 40 44 45 
14 3 5 8 9 16 18 20 22 28 29 33 36 48 49 
15 3 5 11 12 18 23 29 31 32 35 38 39 43 44 47 
14 3 6 7 8 11 12 18 21 23 31 37 39 43 44 
15 3 6 8 10 11 13 16 19 22 34 38 42 43 45 49 
15 3 6 8 10 14 18 19 21 23 31 32 41 43 45 49 
15 3 6 9 13 15 16 24 26 32 33 38 41 43 46 49 
14 3 6 11 17 22 23 24 25 26 29 30 31 33 39 
15 3 6 12 14 15 19 28 32 33 35 37 41 47 48 49 
15 3 6 15 16 17 18 19 20 22 23 28 42 44 45 47 
15 3 7 9 11 19 21 27 33 34 35 36 38 39 41 42 
13 3 7 9 11 20 21 28 34 36 37 38 39 48 
15 3 7 10 11 12 17 18 23 30 31 32 35 36 41 46 
15 3 8 9 10 11 16 18 19 20 21 22 29 35 36 44 
15 3 8 15 18 20 24 27 28 31 34 36 37 40 42 44 
14 3 9 10 14 16 17 18 21 22 29 33 34 38 48 
15 3 10 11 18 19 20 21 23 28 30 31 32 34 36 45 
15 3 11 14 15 17 21 22 29 31 32 36 39 41 43 48 
15 3 12 13 15 16 19 28 29 30 31 34 37 42 43 49 
15 3 13 14 16 20 23 24 29 34 35 38 42 43 44 49 
14 3 13 16 17 18 21 23 25 27 29 31 34 35 45 
14 3 14 15 17 20 23 25 29 33 39 40 44 45 47 
15 4 5 6 8 11 12 19 20 28 30 31 32 44 46 49 
15 4 6 7 9 12 13 20 22 26 32 33 35 36 39 43 
14 4 6 8 10 14 19 22 24 25 28 33 42 43 47 
15 4 6 11 13 15 19 21 23 29 31 32 36 39 42 49 
13 4 7 15 20 22 26 29 33 34 42 43 46 47 
14 4 9 10 13 19 20 24 30 35 38 40 41 45 47 
15 4 9 10 15 22 24 25 26 27 28 31 35 40 46 48 
15 4 11 12 14 15 17 20 22 25 32 35 36 38 39 49 
13 4 13 18 21 23 28 29 31 33 40 42 45 49 
15 5 6 16 19 22 25 27 28 29 36 39 43 47 48 49 
14 5 7 8 14 18 20 22 24 25 29 30 34 42 49 
13 5 7 11 14 21 24 27 29 31 33 38 41 42 
15 5 8 9 11 12 15 27 32 33 37 38 40 43 46 47 
15 5 8 10 12 13 14 16 17 24 26 29 35 39 42 46 
13 5 8 10 12 19 21 24 25 26 29 30 32 48 
14 5 8 13 17 18 28 29 30 33 38 41 44 45 47 
15 5 11 12 13 17 19 21 27 32 34 36 38 41 43 45 
15 5 14 16 18 21 22 23 24 29 31 33 36 39 44 49 
14 5 18 19 21 22 24 25 28 32 34 38 41 43 49 
15 6 7 8 9 14 18 20 23 24 29 35 36 40 46 49 
14 6 7 9 10 13 15 20 25 30 31 35 39 40 41 
15 6 7 10 11 12 16 19 20 21 23 28 37 42 43 48 
15 6 7 10 14 15 17 21 25 28 32 33 36 38 41 43 
14 6 7 11 16 17 24 28 33 34 37 41 43 44 46 
15 6 7 11 18 19 23 25 26 31 32 36 38 41 43 48 
15 6 8 9 11 12 13 15 17 23 25 35 36 44 48 49 
15 6 8 13 14 20 22 23 27 28 29 32 39 40 45 46 
14 6 9 11 13 17 22 29 30 31 35 36 38 39 44 
15 6 9 11 14 17 22 23 24 25 27 36 37 44 45 47 
14 6 9 13 15 17 18 19 21 26 33 36 42 45 46 
15 6 10 11 14 17 22 25 28 33 34 35 43 44 45 48 
15 6 10 15 19 20 21 23 29 31 32 36 40 45 46 48 
15 7 9 10 11 12 21 22 25 27 28 31 36 42 44 46 
12 7 9 11 15 19 20 26 28 32 39 42 48 
15 7 10 13 15 22 23 25 27 31 35 37 39 43 47 49 
13 7 13 15 17 18 21 28 30 31 35 42 44 46 
14 7 13 15 20 21 24 25 32 33 34 38 39 40 48 
15 8 9 10 14 17 18 23 29 33 35 38 39 41 44 49 
15 8 9 10 14 17 18 25 26 30 31 39 42 43 46 48 
15 8 10 12 14 15 16 19 21 27 28 30 36 39 41 45 
13 8 12 16 17 18 22 30 32 35 40 42 43 45 
14 8 12 23 25 27 28 33 34 35 40 41 45 47 49 
14 10 11 12 13 14 16 24 26 28 39 40 43 45 48 
15 11 13 19 21 22 25 26 31 32 34 35 41 45 46 47 
15 11 14 18 19 20 22 24 25 26 29 30 32 33 44 45 
15 12 13 16 19 21 25 26 27 29 36 42 43 44 46 48 
