40 200
10
0 1 2 4 8 9 18 28 29 35 
10
0 1 2 11 19 23 26 27 36 37 
10
0 1 5 7 17 23 34 36 37 38 
10
0 2 3 4 9 18 20 26 27 35 
9
0 2 3 6 15 19 26 27 32 
10
0 2 3 8 10 18 21 23 31 38 
10
0 2 3 10 15 18 19 25 26 29 
10
0 2 3 18 23 31 32 35 36 39 
10
0 2 4 12 14 15 16 20 21 37 
10
0 2 5 12 17 21 24 25 26 36 
9
0 2 7 11 12 23 25 36 39 
8
0 2 7 21 25 33 34 37 
10
0 2 9 12 18 19 23 28 33 35 
10
0 2 9 13 19 20 25 26 29 32 
10
0 3 4 8 12 14 15 17 32 35 
10
0 3 5 8 9 12 14 22 28 37 
9
0 3 5 9 12 16 18 34 39 
9
0 3 5 10 11 24 30 31 32 
10
0 3 5 15 16 23 24 31 37 38 
10
0 3 5 15 16 33 34 36 38 39 
10
0 3 6 11 21 24 33 36 37 39 
10
0 3 7 8 24 26 29 37 38 39 
10
0 3 7 17 20 21 25 29 33 34 
10
0 3 8 10 16 18 22 27 29 38 
10
0 3 11 22 24 25 27 36 38 39 
8
0 3 26 30 31 37 38 39 
10
0 4 5 10 23 24 29 31 33 34 
9
0 4 10 18 20 24 35 36 38 
10
0 4 12 14 16 17 25 27 33 34 
10
0 4 13 15 17 22 23 24 25 28 
10
0 5 6 7 8 13 14 21 29 36 
10
0 5 7 17 18 19 20 35 38 39 
10
0 5 9 14 16 19 22 24 27 35 
10
0 6 13 15 22 23 24 25 28 31 
9
0 6 13 24 27 28 29 32 37 
10
0 7 11 18 20 21 24 25 27 36 
10
0 7 14 15 19 21 27 29 32 37 
8
0 8 9 12 19 25 26 33 
10
0 8 14 15 23 24 26 27 30 35 
10
0 9 10 13 15 22 29 31 32 35 
7
0 10 11 13 20 21 31 
10
0 13 15 17 22 25 27 31 33 36 
10
1 2 3 6 9 18 29 34 38 39 
10
1 2 3 9 19 28 32 33 37 39 
10
1 2 4 6 7 8 12 15 19 37 
10
1 2 4 7 11 13 15 22 30 37 
10
1 2 4 9 18 20 21 22 32 35 
9
1 2 4 13 18 19 25 29 35 
9
1 2 6 7 10 14 15 22 39 
10
1 2 6 12 13 17 23 25 29 31 
10
1 2 7 18 20 25 28 31 34 39 
10
1 2 7 20 27 29 32 33 36 37 
10
1 2 8 9 10 13 24 30 33 39 
10
1 2 8 9 11 22 26 36 38 39 
9
1 2 16 20 25 34 37 38 39 
9
1 2 18 22 23 26 30 33 39 
10
1 3 4 5 19 21 25 30 33 38 
10
1 3 4 9 15 17 19 26 29 32 
9
1 3 7 14 15 18 20 29 34 
8
1 3 7 19 20 23 34 36 
10
1 3 8 9 11 16 23 25 28 33 
10
1 4 5 7 8 26 27 30 34 36 
10
1 4 6 17 26 30 32 34 35 36 
10
1 4 8 10 17 18 26 28 36 38 
10
1 4 8 12 14 15 23 25 26 34 
10
1 4 9 10 17 26 31 32 37 38 
10
1 4 9 15 21 23 29 30 36 38 
10
1 4 9 16 18 20 30 34 36 37 
9
1 4 11 17 19 21 25 34 36 
9
1 5 6 12 16 28 30 32 34 
10
1 5 16 17 18 19 21 27 38 39 
10
1 6 8 14 16 18 19 26 32 36 
8
1 6 9 10 16 22 32 34 
10
1 6 9 13 18 23 24 27 30 39 
10
1 6 10 17 21 25 26 32 34 36 
10
1 7 10 13 16 17 29 31 34 39 
10
1 8 12 15 16 22 23 31 34 38 
10
1 8 15 17 21 23 25 26 37 38 
9
1 8 18 22 28 30 33 38 39 
9
1 9 10 16 22 26 35 37 39 
10
1 9 13 14 24 28 32 34 37 39 
10
1 10 11 13 16 18 21 24 29 32 
10
1 10 12 17 21 24 32 33 38 39 
10
1 11 19 21 23 24 28 30 32 36 
9
1 13 15 21 22 27 35 38 39 
9
1 15 17 21 22 23 27 32 39 
10
2 3 5 16 20 21 22 23 25 35 
10
2 3 6 7 10 14 21 22 33 38 
10
2 3 6 7 11 17 30 33 36 38 
8
2 3 11 12 14 20 25 26 
9
2 3 14 17 18 24 26 29 30 
9
2 3 15 16 17 18 34 37 38 
10
2 4 6 22 23 25 28 30 32 35 
10
2 4 7 8 10 17 20 21 32 34 
10
2 4 10 12 14 22 25 27 28 33 
10
2 4 10 12 16 23 24 36 37 38 
10
2 4 13 16 17 20 31 34 35 38 
10
2 5 6 8 19 22 23 26 32 35 
10
2 6 7 8 11 18 19 30 31 32 
10
2 6 8 17 19 21 23 24 30 34 
10
2 6 9 14 15 18 24 26 28 33 
10
2 6 11 15 20 22 30 32 35 39 
10
2 6 15 16 19 26 30 32 34 39 
8
2 6 16 18 23 24 32 36 
10
2 7 8 10 17 20 23 25 32 33 
10
2 7 8 11 13 14 21 22 27 36 
10
2 8 10 15 18 21 22 26 27 38 
10
2 9 22 26 27 28 30 31 34 37 
10
2 11 13 15 19 21 23 28 30 35 
9
2 12 18 19 22 28 29 31 35 
10
2 15 20 22 25 29 31 34 37 38 
10
3 4 5 6 13 14 15 19 34 38 
10
3 4 9 10 13 17 21 22 24 36 
10
3 4 9 13 15 22 28 35 37 39 
10
3 4 17 19 21 22 26 32 33 38 
10
3 5 6 7 11 17 19 21 23 29 
10
3 5 8 10 13 18 20 27 30 34 
10
3 5 9 12 16 33 34 36 37 38 
9
3 6 8 10 15 19 26 33 35 
10
3 6 9 13 17 19 20 25 31 38 
9
3 6 10 11 12 21 28 31 35 
10
3 6 15 17 18 22 26 27 31 33 
10
3 7 9 11 17 29 32 35 36 39 
10
3 8 12 13 24 27 33 34 35 39 
10
3 9 11 12 13 16 17 25 26 27 
10
3 9 11 12 14 16 20 22 37 39 
10
3 9 11 14 19 21 22 28 30 37 
10
3 9 19 21 26 27 28 31 33 37 
10
3 10 14 20 21 24 30 31 35 36 
10
3 12 19 27 31 33 34 35 36 38 
10
4 5 6 7 14 17 18 25 31 32 
10
4 5 7 8 11 22 26 30 32 38 
10
4 5 7 8 15 22 24 25 28 35 
10
4 5 7 11 17 18 19 23 35 36 
10
4 5 9 10 19 20 24 30 31 39 
9
4 5 9 11 12 20 24 27 34 
10
4 5 9 11 13 16 19 22 33 35 
10
4 6 7 16 20 28 30 31 34 35 
10
4 6 11 12 13 28 31 34 35 38 
10
4 6 11 16 21 22 25 36 38 39 
10
4 6 12 16 17 21 26 30 35 39 
10
4 6 15 19 29 30 34 35 36 37 
10
4 8 9 16 22 26 28 30 32 38 
10
4 8 11 12 15 20 30 32 36 37 
10
4 8 16 20 21 22 24 27 33 37 
10
4 12 13 20 26 27 32 34 37 39 
8
4 12 16 18 24 25 30 36 
8
4 14 16 18 23 32 34 38 
10
4 14 16 18 26 29 33 35 36 37 
10
5 6 11 14 15 21 26 35 36 37 
10
5 7 12 14 17 20 22 24 29 31 
10
5 8 9 20 22 23 24 25 34 38 
10
5 8 10 18 20 28 29 33 34 36 
10
5 8 14 17 26 31 33 35 37 38 
10
5 8 14 19 20 21 23 25 30 38 
10
5 9 11 15 16 17 19 28 31 39 
9
5 9 13 25 28 33 34 37 39 
9
5 10 11 13 17 20 24 30 35 
9
5 11 14 15 16 19 24 30 31 
10
5 12 19 21 23 24 25 28 29 37 
10
5 17 20 21 23 24 30 33 36 39 
10
6 7 9 12 19 20 33 34 38 39 
7
6 7 10 23 30 34 37 
10
6 8 9 11 19 26 29 30 31 39 
10
6 8 11 15 16 19 24 25 26 31 
9
6 8 13 14 16 23 25 31 39 
10
6 10 13 14 18 24 26 34 36 39 
10
6 20 23 25 26 27 28 34 37 39 
10
7 8 10 15 16 17 19 21 28 36 
10
7 8 17 18 21 25 29 30 31 38 
10
7 9 12 14 23 25 31 32 34 37 
9
7 9 15 16 17 21 24 35 38 
9
7 10 15 16 20 24 25 28 30 
9
7 12 15 18 19 21 23 34 38 
8
7 14 16 23 25 26 27 36 
8
7 14 21 31 32 33 34 36 
10
7 15 20 22 25 28 30 31 34 37 
10
8 9 10 13 14 21 29 30 31 34 
10
8 9 14 16 25 26 29 35 37 39 
9
8 10 12 17 24 25 33 34 36 
10
8 11 17 18 19 26 29 30 36 39 
10
8 11 18 20 22 29 31 37 38 39 
10
8 13 16 24 26 30 31 33 34 37 
9
8 14 16 22 23 24 29 32 39 
10
8 17 22 24 26 27 31 33 34 39 
10
9 10 11 12 14 15 27 30 31 39 
10
9 10 13 14 20 22 30 34 36 37 
9
9 12 14 16 18 20 26 28 30 
10
9 13 17 19 20 32 33 34 36 37 
9
9 15 16 19 22 23 24 28 37 
9
9 17 20 21 26 27 29 30 37 
8
9 21 25 31 32 34 36 38 
10
10 11 12 26 29 30 31 35 36 37 
10
10 12 14 16 17 18 19 21 29 33 
10
10 12 16 17 18 21 28 29 36 38 
10
10 12 19 20 24 29 31 33 35 36 
9
10 14 17 19 21 25 27 38 39 
10
11 13 15 16 17 23 26 27 29 37 
9
13 15 16 18 19 21 29 36 39 
7
22 23 25 27 28 36 37 
