100 10
19
0 3 7 17 20 25 28 32 37 42 45 46 65 73 77 78 86 91 96 
23
0 5 7 8 12 16 21 26 34 36 38 49 55 57 63 68 69 78 79 83 90 93 96 
24
1 8 14 15 20 22 28 34 40 44 46 50 52 54 58 60 62 64 66 78 81 83 87 89 
19
1 12 14 18 26 34 35 44 45 46 53 54 55 59 68 71 74 79 95 
19
2 3 5 7 16 19 21 28 31 35 36 47 51 53 54 65 71 74 79 
25
2 6 12 14 18 20 26 28 31 39 40 45 50 53 66 68 70 72 76 77 78 81 83 89 98 
25
3 6 7 8 14 16 20 23 26 32 34 36 44 45 48 58 61 66 70 73 82 84 89 95 96 
22
3 9 13 25 26 28 30 34 36 41 45 47 54 56 58 68 78 81 85 95 96 97 
13
4 6 13 16 31 36 54 68 70 78 86 91 99 
18
23 26 30 31 33 34 36 37 41 43 44 50 62 69 74 90 95 96 
