30 50
3 0 2 19 
3 0 4 22 
3 0 7 26 
3 0 8 12 
3 0 8 18 
3 0 10 14 
3 0 13 24 
3 0 20 26 
3 1 7 15 
3 1 10 13 
3 1 12 28 
3 1 14 28 
3 1 23 25 
3 1 23 28 
3 2 9 24 
3 2 12 13 
3 3 4 13 
3 3 7 13 
3 3 10 20 
3 3 18 29 
3 3 22 23 
3 4 11 22 
3 4 12 21 
3 4 19 27 
3 5 9 24 
3 5 13 19 
3 5 20 27 
3 6 11 15 
3 6 13 29 
3 6 14 17 
3 6 15 18 
3 7 8 29 
3 7 13 25 
3 7 17 29 
3 7 21 25 
3 8 19 26 
3 9 12 19 
3 9 21 29 
3 10 12 27 
3 10 14 18 
3 10 17 23 
3 10 18 26 
3 11 15 21 
3 12 23 27 
3 14 16 21 
3 15 17 20 
3 17 18 24 
3 18 19 27 
3 21 22 25 
3 23 26 27 
