40 65 100
1 29
1 36
1 4
2 4
2 5
2 35
3 30
3 5
3 27
4 17
4 8
4 10
5 40
5 20
6 10
6 13
7 8
7 29
7 35
8 22
8 30
9 32
9 28
10 28
10 37
10 29
11 36
11 35
11 39
11 38
12 23
13 24
13 18
13 39
14 34
14 40
15 39
15 23
16 37
16 28
16 27
17 25
17 33
17 27
18 38
19 21
20 24
20 22
20 39
21 23
22 29
23 34
23 24
23 40
24 31
25 35
25 26
26 38
27 39
31 32
32 40
33 37
33 36
34 37
35 38
4
1 4 8 7 
8
1 4 17 33 37 16 28 10 
11
2 4 1 36 11 35 38 18 13 6 10 
9
2 5 40 14 34 37 16 28 10 
5
2 35 7 29 22 
12
4 1 29 7 35 38 18 13 24 20 22 8 
5
4 2 35 7 8 
11
4 8 7 29 22 20 39 11 38 35 2 
21
4 17 27 16 28 9 32 40 5 3 30 8 22 20 24 13 39 15 23 21 19 
5
5 2 35 38 26 
11
5 3 27 16 37 33 36 1 4 2 35 
4
5 20 24 31 
5
6 13 24 31 32 
22
6 13 39 20 22 29 10 4 1 36 33 17 27 16 28 9 32 40 14 34 23 15 
6
7 8 4 2 35 38 
13
7 29 1 4 10 37 16 28 9 32 40 23 21 
8
7 35 2 5 20 24 31 32 
13
8 7 29 10 6 13 24 23 15 39 20 5 3 
6
8 22 20 24 31 32 
18
8 22 29 1 4 17 25 35 11 36 33 37 10 6 13 18 38 26 
21
9 32 31 24 13 6 10 37 33 17 27 3 30 8 22 20 5 40 23 21 19 
5
9 32 31 24 20 
5
10 4 1 29 22 
5
10 6 13 18 38 
5
10 28 16 27 39 
9
11 38 26 25 35 7 8 30 3 
4
12 23 15 39 
14
12 23 24 13 6 10 4 2 35 25 17 27 39 15 
13
12 23 24 13 39 11 38 26 25 17 4 10 6 
14
12 23 24 20 22 8 4 17 27 16 28 9 32 31 
19
12 23 24 20 22 29 7 8 30 3 27 17 25 35 38 11 39 13 18 
14
12 23 24 31 32 40 5 2 4 17 33 37 10 29 
24
12 23 34 14 40 5 2 35 7 29 10 6 13 24 31 32 9 28 16 37 33 17 25 26 
16
12 23 40 5 2 35 7 29 10 28 9 32 31 24 13 6 
15
12 23 40 14 34 37 16 27 3 5 20 24 13 39 15 
7
13 6 10 29 7 35 11 
15
13 24 23 40 5 2 4 8 30 3 27 16 37 34 14 
4
13 24 31 32 
15
13 39 20 22 29 1 4 17 33 37 10 28 9 32 31 
15
14 34 23 24 31 32 40 5 20 22 29 7 8 4 1 
7
14 34 37 16 28 10 6 
21
14 34 37 33 36 11 35 38 18 13 24 20 39 15 23 40 5 3 27 16 28 
19
14 40 23 15 39 27 3 5 20 24 31 32 9 28 16 37 10 29 1 
20
14 40 23 34 37 10 4 8 30 3 27 16 28 9 32 31 24 13 39 15 
16
15 23 24 13 6 10 28 16 27 39 11 35 25 26 38 18 
8
15 23 24 13 39 20 5 2 
13
15 39 20 22 29 10 28 9 32 40 23 21 19 
6
16 27 17 25 26 38 
14
16 27 17 33 37 10 6 13 24 31 32 40 14 34 
5
16 28 10 37 34 
18
17 25 35 2 5 40 14 34 23 15 39 11 36 1 29 22 8 30 
5
18 38 35 25 26 
4
19 21 23 12 
28
19 21 23 15 39 20 22 8 30 3 5 40 32 31 24 13 6 10 37 33 36 1 4 17 25 35 38 11 
13
19 21 23 24 13 6 10 4 2 5 20 39 11 
9
19 21 23 24 20 5 40 32 31 
17
19 21 23 24 31 32 9 28 10 37 33 36 11 35 2 4 8 
5
19 21 23 34 14 
15
19 21 23 34 14 40 5 3 30 8 4 10 37 16 28 
26
19 21 23 34 37 33 17 4 1 36 11 38 26 25 35 2 5 20 22 29 10 28 9 32 40 14 
16
19 21 23 40 14 34 37 10 28 9 32 31 24 13 39 15 
11
20 5 40 23 24 13 39 11 35 38 18 
4
20 22 29 10 
7
20 24 13 6 10 4 2 
4
20 24 31 32 
16
22 20 39 11 38 18 13 24 31 32 40 23 34 37 16 28 
7
22 29 10 6 13 18 38 
6
23 34 37 10 28 9 
7
24 13 6 10 4 1 29 
13
24 31 32 9 28 16 27 39 11 36 1 29 7 
11
25 17 33 36 1 4 8 7 35 38 18 
13
25 17 33 36 1 29 10 37 34 14 40 23 12 
27
26 25 35 11 38 18 13 24 23 40 5 20 39 27 3 30 8 4 1 36 33 37 16 28 9 32 31 
4
26 25 35 38 
4
26 38 35 7 
9
27 16 28 9 32 40 23 34 14 
10
27 16 37 33 36 11 39 15 23 34 
4
28 16 37 10 
13
28 16 37 10 6 13 39 27 17 25 26 38 35 
7
29 1 36 33 37 34 23 
5
29 7 8 22 20 
6
29 7 35 11 39 15 
15
29 22 20 5 40 14 34 23 15 39 27 17 33 36 11 
20
29 22 20 39 13 24 23 34 14 40 5 3 27 17 33 37 16 28 9 32 
14
30 8 4 1 36 33 37 16 27 3 5 40 23 12 
6
31 32 40 14 34 37 
12
32 31 24 23 34 37 33 17 4 2 35 25 
5
33 37 10 28 16 
4
33 37 10 29 
4
33 37 16 28 
22
35 11 38 18 13 24 20 39 15 23 34 37 33 36 1 29 7 8 30 3 27 17 
5
36 11 35 38 18 
4
37 34 14 40 
6
38 11 35 2 4 8 
5
38 11 35 25 26 
15
38 35 7 8 22 29 1 4 10 37 33 17 27 3 5 
16
39 15 23 24 13 18 38 35 11 36 1 29 22 20 5 2 
6
39 15 23 40 5 3 
10
40 5 2 4 8 7 35 38 26 25 
13
40 5 2 35 7 29 10 6 13 39 15 23 12 
