80 150 100
1 21
1 51
2 26
2 28
2 67
2 68
3 15
3 75
3 30
4 31
4 41
4 28
4 77
5 20
6 60
6 77
6 14
6 42
6 74
6 9
7 63
8 73
9 62
9 28
10 56
11 66
11 32
11 17
11 23
12 38
12 63
13 69
13 16
13 47
13 62
13 50
14 70
14 72
14 74
14 66
15 33
15 55
15 65
15 47
15 45
16 37
16 36
16 65
16 72
16 46
17 30
17 76
17 38
18 71
18 51
18 42
19 34
19 26
20 58
20 40
20 65
21 34
21 71
22 44
22 72
22 59
23 79
23 38
24 79
24 58
24 56
24 36
24 43
25 43
25 66
25 70
26 67
26 64
27 52
27 28
27 35
27 67
28 49
28 43
28 61
29 59
29 73
29 38
29 69
31 78
31 68
31 45
32 61
32 38
32 64
34 58
34 56
35 64
35 69
36 42
36 56
36 74
36 50
39 58
40 71
40 52
41 45
42 73
43 70
43 68
43 76
45 67
45 76
46 52
47 74
48 68
48 57
48 69
49 65
50 60
50 65
50 71
51 80
52 64
52 73
52 80
53 54
53 62
53 65
53 79
54 69
54 59
55 64
55 75
55 72
56 69
57 72
57 67
59 62
59 76
61 75
61 69
61 63
63 68
65 70
67 75
68 71
69 80
71 73
76 78
6
2 26 67 57 48 69 
6
2 28 4 77 6 60 
16
5 20 65 15 3 75 67 57 72 22 59 29 69 35 64 55 
9
5 20 65 50 60 6 42 36 24 
5
6 9 28 61 32 
12
6 74 36 42 18 71 50 65 15 55 75 3 
4
7 63 12 38 
29
7 63 12 38 23 79 53 65 50 13 69 29 59 62 9 6 74 47 15 55 75 67 26 2 28 43 68 48 57 
11
7 63 61 75 3 30 17 38 29 73 8 
6
8 73 42 6 77 4 
9
8 73 52 27 28 61 69 56 10 
9
8 73 52 40 71 21 34 56 10 
13
8 73 71 40 20 65 16 36 42 18 51 1 21 
10
8 73 71 40 52 64 55 72 16 37 
14
9 6 60 50 36 42 73 52 64 55 15 47 74 14 
12
10 56 24 43 76 45 67 27 28 4 31 78 
14
10 56 36 24 58 20 65 70 43 76 45 67 57 72 
7
12 38 17 30 3 15 47 
10
12 38 17 76 45 31 68 2 28 43 
19
12 63 68 48 57 72 14 66 11 23 38 32 61 69 54 59 29 73 8 
6
14 6 9 28 2 68 
14
14 6 77 4 28 2 68 48 69 56 36 42 73 8 
6
14 74 36 50 65 49 
13
15 55 64 32 11 23 79 24 58 34 21 1 51 
5
16 46 52 80 69 
4
23 38 12 63 
8
25 43 24 36 42 73 71 68 
22
25 66 14 70 43 68 71 73 52 27 35 64 32 38 29 69 56 34 21 1 51 80 
7
26 2 28 9 6 42 36 
8
26 64 32 38 17 76 43 70 
4
28 27 67 2 
21
29 59 54 69 48 68 31 45 76 17 38 32 11 23 79 53 65 15 3 75 67 
11
29 59 62 53 79 24 36 74 6 42 18 
12
31 45 15 3 30 17 38 23 79 53 54 69 
15
31 45 15 47 13 62 9 6 42 73 52 40 71 50 36 
19
34 19 26 64 35 69 80 52 27 28 61 75 67 57 72 55 15 65 20 
5
34 56 69 80 51 
27
36 16 13 47 74 14 6 42 18 71 68 31 45 41 4 28 27 67 75 61 32 38 17 30 3 15 33 
11
36 24 43 28 4 31 45 67 2 68 48 
5
36 56 69 29 59 
13
36 56 69 61 63 12 38 32 64 55 15 65 20 
25
37 16 36 42 73 71 21 34 58 20 40 52 64 35 27 67 45 31 4 28 43 70 14 74 47 
9
37 16 46 52 73 42 18 71 68 
13
37 16 46 52 80 69 61 63 12 38 29 73 8 
15
37 16 65 50 71 18 51 1 21 34 19 26 64 52 46 
5
37 16 65 70 43 
26
37 16 72 57 67 26 2 28 49 65 50 13 62 59 29 38 12 63 68 48 69 80 52 40 20 5 
17
38 23 11 66 25 70 65 49 28 61 75 55 72 14 6 42 18 
6
39 58 20 40 52 46 
8
39 58 20 65 15 3 30 17 
35
39 58 24 79 23 38 32 11 17 30 3 75 55 72 57 67 45 31 78 76 43 68 48 69 56 34 21 1 51 18 71 50 13 16 37 
8
42 6 14 74 47 13 62 53 
5
42 73 29 69 48 
10
43 28 9 62 13 50 65 20 40 52 
8
44 22 72 55 64 35 27 67 
13
45 76 78 31 68 2 67 57 48 69 80 52 40 
19
47 13 62 53 65 16 72 14 74 6 77 4 41 45 76 43 68 31 78 
7
47 15 3 75 61 63 7 
9
49 28 27 35 69 29 59 62 9 
9
49 65 15 45 67 26 2 28 9 
12
49 65 53 62 13 16 46 52 80 51 1 21 
6
49 65 53 79 24 43 
20
52 27 28 9 6 14 72 55 75 3 30 17 38 29 73 71 21 34 56 10 
6
53 65 15 55 72 14 
8
55 64 26 2 28 4 31 78 
10
56 24 43 25 66 14 72 57 67 75 
5
57 48 69 13 62 
12
57 67 26 19 34 21 71 40 20 58 24 79 
7
57 67 26 64 32 61 28 
18
58 24 56 36 16 13 50 65 70 43 76 78 31 4 77 6 14 74 
21
59 22 72 57 48 68 43 24 58 20 40 52 27 67 45 76 17 30 3 15 65 
21
59 29 73 52 64 55 15 47 13 69 56 36 42 6 9 28 61 75 67 27 35 
17
59 62 53 79 23 38 29 69 61 75 3 30 17 76 45 15 33 
30
60 50 36 16 13 47 74 14 70 25 43 68 71 73 42 6 9 28 49 65 15 3 30 17 38 29 69 35 64 52 
10
61 63 68 31 78 76 45 67 57 72 
4
62 53 54 69 
19
63 12 38 23 11 17 30 3 75 61 69 80 52 27 28 49 65 15 33 
9
63 61 28 2 67 26 19 34 21 
14
63 61 28 4 77 6 60 50 65 20 58 24 36 42 
29
63 68 2 28 27 35 64 26 19 34 21 71 18 51 80 52 73 42 6 74 36 16 72 57 48 69 29 38 17 
19
64 26 67 2 68 48 57 72 14 74 36 16 13 50 71 40 20 58 24 
7
64 35 27 67 45 41 4 
10
65 16 36 74 6 14 72 57 67 27 
13
65 50 71 18 51 1 21 34 56 24 58 20 5 
12
66 25 70 43 68 48 57 67 45 41 4 28 
7
68 2 67 45 76 17 11 
20
68 48 57 67 75 3 15 47 13 50 71 40 52 27 35 69 54 59 22 44 
9
70 14 6 74 36 50 13 16 65 
9
72 22 59 76 43 28 9 62 53 
6
72 57 67 26 64 32 
5
74 6 9 28 27 
5
74 14 72 22 44 
11
74 47 15 3 75 61 69 80 51 18 71 
4
75 55 64 26 
4
78 31 4 28 
15
78 31 68 43 76 45 41 4 28 61 32 38 29 59 62 
14
78 76 43 24 56 36 42 18 51 1 21 34 19 26 
13
78 76 59 62 9 28 4 31 68 71 50 60 6 
12
79 23 38 17 11 66 14 6 42 18 71 50 
4
79 53 54 69 
