80 200 100
1 58
1 14
1 50
1 51
1 36
1 43
1 77
2 16
2 77
2 54
2 30
2 56
2 49
2 36
3 39
3 42
3 52
3 48
3 34
3 37
3 50
3 6
4 27
4 14
5 29
5 12
5 52
5 71
6 32
6 73
6 48
7 25
7 45
7 46
7 37
8 32
8 40
8 74
8 53
9 31
9 22
9 54
9 48
9 45
9 35
10 22
10 14
10 79
10 64
10 53
11 61
11 31
11 24
11 71
11 53
12 34
12 74
12 67
12 75
12 36
12 29
12 13
13 44
13 73
13 32
13 34
13 24
14 35
14 78
14 77
14 54
14 66
15 38
15 29
15 31
15 65
15 22
16 74
16 64
17 20
17 26
17 35
18 74
18 60
18 19
18 35
18 40
18 78
18 20
18 58
18 68
19 21
20 42
20 50
20 74
20 33
21 46
21 77
21 70
22 49
22 53
22 78
22 44
22 45
23 43
23 27
23 35
23 37
23 32
23 65
23 78
24 58
24 50
24 46
26 72
26 31
26 78
26 67
26 79
26 66
26 33
27 57
27 40
27 51
28 38
28 55
28 62
29 31
29 30
30 74
30 73
30 31
31 71
31 34
32 76
32 61
33 78
34 45
34 61
34 69
34 46
36 63
37 48
37 69
37 50
37 42
37 59
38 58
39 42
40 66
40 65
40 64
41 51
41 67
41 50
41 59
41 53
41 80
45 46
46 66
46 72
46 63
47 50
47 70
48 58
49 58
49 63
50 60
50 73
51 73
52 68
52 54
52 67
54 59
54 67
54 72
54 60
55 71
55 76
55 72
55 68
56 62
59 68
60 79
60 74
60 77
62 78
62 64
62 76
63 77
64 70
65 71
67 74
67 76
67 71
68 77
69 78
70 80
71 75
76 78
4
3 6 48 37 
5
4 14 35 9 31 
26
4 27 40 66 14 78 69 37 59 41 51 73 6 48 58 18 35 17 26 79 10 64 70 47 50 24 
5
5 52 54 60 77 
21
5 52 54 67 71 55 28 38 58 18 60 50 47 70 21 46 66 40 65 23 43 
4
5 52 67 76 
6
6 3 52 5 12 74 
4
6 48 3 39 
26
6 73 30 31 11 61 34 3 39 42 37 23 27 40 18 35 9 54 59 68 77 21 70 80 41 50 
12
6 73 30 74 18 19 21 77 68 59 54 14 
6
8 40 18 78 69 37 
9
8 40 27 23 65 71 5 29 15 
6
10 22 53 11 61 34 
15
10 53 11 31 34 45 7 46 66 14 54 60 77 1 36 
5
11 24 46 72 54 
4
12 5 52 68 
9
13 32 8 53 10 79 26 31 15 
13
13 73 51 1 36 63 49 2 30 29 12 5 71 
12
16 64 62 76 78 22 49 63 46 34 12 75 
12
16 74 12 67 76 62 64 10 22 9 35 14 
13
18 40 65 71 55 28 62 78 14 77 21 46 45 
11
18 68 52 67 74 12 13 44 22 10 14 
6
19 21 70 80 41 67 
16
20 33 78 26 66 40 65 15 22 53 8 74 30 73 13 24 
13
20 33 78 26 66 40 65 23 32 76 62 56 2 
13
21 46 72 26 66 14 10 79 60 50 41 53 22 
4
21 77 1 43 
6
22 15 29 31 34 45 
16
24 46 63 77 68 52 5 29 30 31 71 65 40 8 53 22 
7
27 4 14 10 53 22 44 
4
27 51 41 80 
7
27 51 73 50 47 70 21 
9
28 55 72 26 79 60 18 19 21 
8
30 29 12 36 63 46 24 50 
12
31 9 45 46 72 54 14 35 23 27 51 1 
16
31 26 78 76 62 64 10 53 8 74 30 29 12 67 41 59 
8
32 8 40 65 15 22 78 76 
23
33 20 50 73 6 3 37 48 58 24 11 61 32 8 53 10 79 60 18 40 65 23 43 
9
34 45 9 35 17 20 50 37 42 
17
34 46 63 49 2 54 72 55 28 62 76 78 26 17 35 14 4 
21
35 9 22 44 13 34 45 46 7 37 59 54 2 16 64 70 21 77 60 79 10 
12
35 18 78 14 10 64 70 80 41 50 60 79 
6
35 23 37 69 78 33 
31
36 63 77 60 50 73 30 2 56 62 76 78 26 67 74 18 19 21 46 24 58 49 22 44 13 32 23 35 17 20 33 
8
38 15 22 53 8 40 64 16 
17
38 58 1 14 4 27 23 35 9 54 67 74 18 78 62 28 55 
11
41 51 73 6 48 37 3 34 61 11 31 
9
41 80 70 21 46 45 22 44 13 
11
42 3 37 7 45 22 53 41 67 71 75 
12
42 37 23 65 15 29 12 34 46 45 22 44 
28
42 39 3 6 48 9 22 78 76 32 61 11 71 55 72 54 60 77 14 10 79 26 31 34 69 37 59 41 
10
43 1 58 24 46 66 40 65 23 27 
16
43 23 65 40 64 16 74 60 54 72 26 79 10 14 4 27 
4
43 23 78 22 
31
43 23 78 33 20 74 30 73 13 32 8 40 66 14 77 1 36 2 56 62 76 55 71 31 29 12 5 52 3 39 42 
16
44 22 9 48 58 18 78 23 32 13 12 34 45 7 46 63 
5
44 22 10 53 8 
7
44 22 15 38 58 24 11 
5
45 46 72 26 67 
4
46 7 37 59 
6
46 24 11 61 32 8 
14
46 34 3 6 48 37 69 78 22 49 63 36 12 29 
9
47 50 73 6 32 13 44 22 49 
47
47 70 21 77 60 79 10 64 16 2 36 63 49 58 48 3 37 50 41 59 68 55 72 54 67 71 5 29 31 26 33 20 18 35 14 1 43 23 27 51 73 13 44 22 45 7 25 
6
48 6 32 8 74 12 
23
48 6 32 76 67 12 13 34 69 78 33 26 31 30 29 15 38 28 62 56 2 77 63 
13
50 37 7 45 22 15 65 71 31 34 46 21 77 
31
52 3 34 31 9 22 44 13 73 51 1 77 21 46 63 36 2 30 29 15 38 58 18 60 79 26 72 55 28 62 56 
20
53 8 40 66 26 79 60 50 1 77 14 54 67 12 13 34 61 32 23 43 
7
53 10 22 15 29 5 12 
11
53 41 59 54 2 56 62 76 78 23 35 
5
54 52 5 12 13 
14
54 59 68 55 76 67 26 31 15 38 28 62 78 33 
6
55 28 38 58 18 68 
12
55 68 52 54 59 37 50 73 6 48 3 42 
9
55 71 11 61 32 76 78 23 65 
14
56 62 64 16 74 30 2 36 63 49 22 45 9 35 
6
58 18 74 12 5 29 
9
58 24 50 37 69 78 33 20 42 
17
58 48 37 42 39 3 6 32 13 44 22 78 14 10 53 8 74 
13
60 54 52 5 71 75 12 74 30 2 36 63 49 
11
60 74 16 2 36 1 51 41 50 37 59 
5
62 56 2 16 64 
22
62 78 14 77 68 52 3 6 73 51 27 23 37 7 45 9 35 18 60 74 12 75 
4
63 36 1 43 
6
65 15 31 9 48 6 
16
66 40 64 10 22 15 65 71 55 76 67 74 30 31 29 5 
8
67 26 78 18 58 24 50 47 
28
67 54 9 48 58 24 11 71 55 72 46 45 7 37 50 1 14 66 26 17 35 23 32 61 34 69 78 33 
13
68 52 5 12 13 32 23 37 50 1 36 2 56 
7
68 52 54 60 79 26 33 
9
69 78 14 66 46 21 70 80 41 
31
69 78 18 68 52 67 54 60 74 30 2 49 58 24 50 73 13 12 34 46 72 55 71 65 23 32 61 11 53 41 51 
10
73 51 1 43 23 27 4 14 10 22 
20
75 71 31 29 12 36 63 77 68 52 54 9 45 22 10 14 78 23 27 4 
18
75 71 31 34 12 36 1 50 60 18 35 9 22 10 79 26 78 23 
32
75 71 55 68 77 1 14 78 22 44 13 12 36 63 49 58 18 74 67 54 60 50 47 70 64 62 28 38 15 29 5 52 
12
77 63 49 58 18 60 79 10 22 45 46 72 
14
79 26 72 55 71 5 12 29 31 15 22 10 53 8 
31
80 41 50 47 70 64 16 74 67 76 32 6 48 3 37 69 34 45 22 78 33 20 17 26 31 71 11 24 46 7 25 
