50 90 10
1 6
2 6
2 49
2 37
2 47
2 38
2 7
3 33
3 30
4 8
4 43
5 20
5 8
5 31
6 39
6 43
6 18
6 16
6 34
6 32
7 29
7 28
7 23
7 37
8 16
8 50
8 34
9 14
9 29
9 36
10 45
10 47
10 43
10 15
10 31
11 18
11 50
11 17
11 16
12 42
12 21
12 41
13 35
13 34
13 41
13 49
13 48
13 50
13 46
14 36
14 42
15 20
15 27
16 38
16 18
17 29
17 25
18 49
18 38
19 41
20 44
20 45
21 31
21 22
21 41
22 44
23 36
24 46
24 25
24 27
25 42
26 50
26 37
27 29
28 40
29 36
30 44
30 34
31 32
32 42
33 48
33 47
34 42
34 36
37 40
38 42
38 50
41 49
47 48
48 49
16
1 6 32 42 38 18 11 16 8 4 43 10 15 20 5 31 
4
2 7 28 40 
6
5 8 34 36 29 7 
15
16 11 17 29 9 14 42 25 24 27 15 10 45 20 5 
5
17 29 9 36 14 
6
23 7 28 40 37 2 
12
29 17 11 18 38 42 34 36 23 7 37 26 
5
31 32 42 14 36 
21
45 20 5 31 32 6 18 49 13 46 24 27 29 17 11 50 38 2 47 48 33 
22
46 24 27 29 17 11 18 6 34 8 50 38 2 49 13 48 33 3 30 44 22 21 
