50 120 150
1 11
1 18
1 35
1 47
1 49
1 30
1 31
1 12
1 40
2 19
2 12
2 15
2 47
3 36
3 40
3 41
3 38
3 49
3 42
4 13
4 49
4 12
5 10
5 16
5 23
5 11
5 45
6 21
6 30
6 35
6 41
6 45
6 38
6 25
6 24
6 31
6 10
7 24
7 37
7 46
7 16
7 44
8 13
8 12
8 25
8 38
9 25
9 38
9 11
9 32
10 49
10 26
10 22
10 24
11 29
12 39
12 42
12 46
12 48
12 32
13 35
13 28
14 20
14 40
14 49
14 26
14 29
14 15
14 28
15 43
15 37
15 25
15 38
16 23
16 44
16 48
17 29
17 50
18 32
18 47
19 21
19 31
19 47
19 25
22 29
22 28
22 26
23 46
23 37
23 26
23 47
25 37
26 27
26 41
26 35
26 47
27 48
27 29
28 30
28 45
28 49
28 37
30 41
31 40
33 46
33 37
34 46
34 40
35 46
36 38
38 45
39 45
41 50
42 49
42 46
43 49
44 49
44 45
47 50
48 50
10
1 11 29 27 26 10 49 43 15 25 
6
1 31 19 47 50 17 
5
1 47 2 19 31 
5
2 12 42 49 10 
5
2 15 25 9 32 
7
2 19 25 8 12 46 34 
4
2 19 47 23 
5
2 19 47 50 17 
5
3 38 9 25 8 
7
3 42 49 28 45 44 7 
5
4 12 1 31 40 
5
4 12 2 19 21 
12
4 12 46 23 47 2 15 14 40 3 41 50 
10
4 13 28 30 1 35 6 41 26 27 
6
5 10 49 28 37 15 
4
5 45 6 35 
6
6 10 49 4 13 28 
4
6 45 38 9 
5
7 24 6 25 15 
6
7 44 49 1 47 18 
4
8 12 32 9 
4
8 13 28 22 
5
8 25 6 41 50 
14
8 25 37 7 24 10 49 3 40 1 30 28 45 44 
8
10 22 26 41 6 35 46 34 
5
10 26 23 37 25 
6
10 26 27 48 12 32 
4
10 49 1 30 
6
10 49 1 35 26 27 
5
10 49 44 45 28 
8
11 9 25 37 28 22 26 41 
13
11 9 32 18 1 12 39 45 5 10 24 6 31 
19
11 9 32 18 47 2 15 25 37 7 44 16 48 50 17 29 22 10 5 
7
11 29 14 15 38 3 41 
7
11 29 14 26 23 37 25 
5
12 2 15 37 28 
7
12 8 13 28 30 1 18 
11
12 32 9 38 45 6 31 40 1 47 2 
4
12 42 3 36 
12
12 46 34 40 3 36 38 45 6 35 13 4 
4
12 48 50 17 
4
13 4 12 46 
5
13 4 12 46 42 
7
13 28 37 33 46 35 6 
9
13 35 1 31 40 3 38 45 6 
4
14 15 25 19 
4
14 26 22 28 
6
14 28 30 6 41 50 
4
14 28 37 15 
8
15 25 8 13 4 49 28 22 
5
16 44 45 6 38 
5
17 29 14 15 37 
4
17 29 22 10 
12
17 50 47 2 19 25 37 15 14 29 11 9 
15
18 47 23 26 41 3 36 38 6 10 5 45 44 7 24 
8
19 25 8 13 35 1 18 32 
4
19 47 26 23 
9
20 14 26 10 5 16 48 27 29 
6
21 6 10 49 44 7 
21
21 6 24 7 46 34 40 1 35 13 8 38 45 5 10 26 14 15 43 49 44 
4
21 6 30 1 
4
21 6 31 1 
8
21 19 47 18 32 9 25 37 
4
22 10 5 45 
4
22 10 6 25 
6
22 10 26 27 29 14 
7
22 10 26 35 46 42 49 
10
22 28 37 33 46 23 5 16 44 7 
6
22 28 37 33 46 34 
16
22 29 14 26 23 5 16 7 37 28 30 6 25 9 38 3 
13
23 16 7 46 33 37 25 8 12 48 50 17 29 
6
23 26 14 49 3 41 
4
23 37 25 9 
4
23 46 12 48 
4
24 6 10 22 
5
24 6 10 26 14 
15
24 10 22 29 14 15 37 23 26 47 19 2 12 8 25 
9
25 15 37 28 49 3 41 6 21 
11
25 19 31 40 14 15 37 23 26 41 6 
4
26 27 29 11 
17
27 29 11 5 45 28 30 41 6 35 46 42 49 14 15 38 3 
4
27 29 14 20 
4
28 14 40 31 
6
28 37 33 46 23 47 
4
29 22 26 35 
5
29 22 26 41 30 
4
29 27 48 16 
9
30 1 35 46 12 2 15 43 49 
8
30 1 47 19 31 40 34 46 
11
30 6 38 9 25 8 13 28 22 29 17 
8
30 28 22 10 6 31 40 14 
7
30 41 26 22 28 14 40 
17
30 41 50 48 16 23 26 14 15 37 33 46 35 6 24 7 44 
12
31 1 47 50 17 29 14 26 23 37 15 25 
4
31 6 25 9 
8
31 6 30 28 13 35 1 18 
7
31 19 2 12 4 13 35 
10
31 19 47 18 1 40 34 46 7 37 
8
32 9 25 19 2 15 38 8 
9
33 37 15 2 12 32 18 1 31 
5
33 37 28 13 35 
4
33 37 28 45 
11
33 46 7 16 5 45 38 36 3 40 31 
11
34 40 14 26 23 47 1 35 6 10 5 
8
34 40 14 29 22 28 49 10 
11
34 46 23 47 26 27 29 17 50 48 12 
14
35 6 31 40 1 49 4 12 32 9 11 5 10 24 
5
35 13 28 22 29 
7
35 13 28 30 1 12 39 
4
35 26 41 30 
8
35 46 34 40 1 11 29 14 
23
35 46 34 40 1 31 6 41 50 47 26 27 48 16 23 37 15 43 49 44 45 39 12 
5
36 3 40 14 20 
11
36 38 9 11 29 22 10 5 16 7 24 
5
37 7 44 49 42 
5
37 28 14 49 1 
5
38 9 32 12 39 
4
38 15 25 8 
4
38 15 25 9 
4
38 36 3 40 
5
39 45 5 11 9 
8
39 45 28 37 25 9 11 5 
15
40 34 46 33 37 23 16 5 11 29 14 28 22 10 26 
4
41 3 49 10 
6
41 50 47 23 37 33 
7
41 50 48 16 5 11 29 
10
41 50 48 27 26 14 29 11 1 40 
8
42 3 36 38 8 12 4 49 
7
42 12 32 9 38 45 5 
6
43 15 25 8 38 3 
5
43 15 25 37 28 
6
43 49 4 12 39 45 
8
44 7 24 10 26 35 46 33 
6
44 7 37 15 14 20 
19
44 16 23 37 25 8 38 36 3 41 30 1 47 2 12 42 49 10 24 
5
45 5 10 26 47 
4
45 6 24 10 
8
45 38 8 12 1 47 26 41 
11
45 39 12 42 3 40 34 46 23 16 5 
13
46 23 26 27 48 16 7 37 15 43 49 44 45 
7
46 35 1 11 9 32 18 
5
47 19 2 15 37 
5
47 19 31 40 3 
20
47 23 26 10 5 16 7 44 45 6 38 36 3 42 46 33 37 15 2 12 
15
47 23 37 15 25 19 2 12 4 13 28 49 44 16 5 
5
48 16 23 37 33 
5
48 50 41 6 45 
4
49 14 26 47 
22
49 43 15 38 36 3 42 12 32 9 25 6 45 44 7 46 34 40 1 31 19 21 
5
50 47 2 15 43 
