40 65 10
1 29
1 36
1 4
2 4
2 5
2 35
3 30
3 5
3 27
4 17
4 8
4 10
5 40
5 20
6 10
6 13
7 8
7 29
7 35
8 22
8 30
9 32
9 28
10 28
10 37
10 29
11 36
11 35
11 39
11 38
12 23
13 24
13 18
13 39
14 34
14 40
15 39
15 23
16 37
16 28
16 27
17 25
17 33
17 27
18 38
19 21
20 24
20 22
20 39
21 23
22 29
23 34
23 24
23 40
24 31
25 35
25 26
26 38
27 39
31 32
32 40
33 37
33 36
34 37
35 38
19
11 35 2 4 8 30 3 27 17 33 37 34 14 40 23 24 31 32 9 
4
12 23 21 19 
19
16 27 3 30 8 4 10 37 34 23 24 20 5 2 35 38 11 39 13 
13
18 38 11 39 13 24 20 5 40 14 34 23 12 
13
28 16 27 3 5 20 39 13 24 31 32 40 23 
9
28 16 37 34 23 24 20 39 27 
4
31 32 9 28 
23
31 32 9 28 10 4 17 25 26 38 35 7 8 30 3 5 20 24 23 15 39 13 18 
26
33 17 27 3 5 40 14 34 37 10 6 13 18 38 26 25 35 2 4 1 36 11 39 20 24 31 
5
38 11 36 1 4 
