40 65 150
1 29
1 36
1 4
2 4
2 5
2 35
3 30
3 5
3 27
4 17
4 8
4 10
5 40
5 20
6 10
6 13
7 8
7 29
7 35
8 22
8 30
9 32
9 28
10 28
10 37
10 29
11 36
11 35
11 39
11 38
12 23
13 24
13 18
13 39
14 34
14 40
15 39
15 23
16 37
16 28
16 27
17 25
17 33
17 27
18 38
19 21
20 24
20 22
20 39
21 23
22 29
23 34
23 24
23 40
24 31
25 35
25 26
26 38
27 39
31 32
32 40
33 37
33 36
34 37
35 38
11
1 4 10 29 22 20 5 3 27 17 33 
4
1 4 17 27 
8
1 29 7 8 4 17 33 36 
7
1 29 10 28 16 27 39 
13
1 36 33 17 4 10 29 22 8 7 35 11 39 
6
2 4 1 29 7 35 
4
2 4 1 36 
4
2 4 17 25 
6
2 4 17 33 36 1 
5
3 27 17 4 8 
7
3 27 17 25 35 11 36 
17
3 30 8 4 2 5 20 24 31 32 9 28 16 37 10 29 22 
7
3 30 8 7 29 1 4 
8
4 8 22 20 39 11 35 2 
5
4 10 29 22 20 
4
4 17 25 26 
8
4 17 27 39 15 23 21 19 
4
4 17 33 37 
6
4 17 33 37 10 29 
7
5 3 27 39 20 22 29 
4
5 20 24 23 
16
5 20 24 23 40 14 34 37 33 17 4 8 30 3 27 16 
5
5 40 32 31 24 
4
6 10 28 9 
9
6 10 37 33 17 4 8 7 29 
5
6 13 18 38 35 
4
6 13 24 20 
9
6 13 24 20 5 3 27 17 33 
6
6 13 24 31 32 9 
6
7 29 1 4 8 22 
10
7 29 1 4 8 30 3 27 16 28 
8
7 29 1 4 17 33 37 16 
6
8 4 2 35 38 26 
5
8 4 17 33 36 
13
9 28 10 6 13 24 31 32 40 14 34 37 16 
18
9 28 10 29 1 4 2 35 7 8 30 3 27 16 37 33 17 25 
7
9 28 16 37 34 23 21 
4
9 32 40 5 
5
9 32 40 14 34 
5
9 32 40 23 12 
10
10 4 2 5 20 24 23 40 14 34 
4
10 29 1 4 
5
10 29 7 8 30 
4
10 37 34 14 
11
11 35 7 8 4 2 5 20 22 29 1 
4
11 35 7 29 
20
12 23 15 39 11 35 25 17 27 16 37 34 14 40 5 3 30 8 7 29 
18
12 23 24 31 32 9 28 10 4 8 22 29 7 35 38 18 13 6 
27
12 23 24 31 32 40 14 34 37 10 4 2 35 7 8 30 3 27 17 33 36 1 29 22 20 39 15 
10
12 23 24 31 32 40 14 34 37 16 
6
12 23 34 14 40 5 
6
12 23 40 5 2 4 
8
12 23 40 5 20 22 8 30 
4
13 6 10 29 
15
13 18 38 26 25 35 2 4 1 29 7 8 30 3 27 
5
13 24 31 32 40 
19
13 24 31 32 40 23 15 39 11 36 1 4 10 29 22 20 5 2 35 
8
13 24 31 32 40 23 34 14 
4
14 34 23 21 
13
14 34 37 33 17 27 3 5 2 4 10 28 16 
16
14 34 37 33 17 27 3 5 40 32 31 24 13 6 10 4 
5
14 34 37 33 36 
8
14 34 37 33 36 11 39 13 
17
14 40 5 2 4 10 6 13 18 38 35 11 36 33 17 25 26 
5
15 23 40 5 3 
4
15 39 13 18 
7
16 28 10 29 1 36 33 
5
17 4 2 5 20 
6
17 4 8 30 3 27 
4
17 4 10 37 
11
17 27 3 5 2 4 1 36 33 37 34 
6
17 33 36 1 29 10 
8
17 33 36 11 39 20 24 31 
5
17 33 37 34 14 
4
18 38 35 2 
4
18 38 35 7 
4
19 21 23 12 
6
19 21 23 15 39 11 
8
19 21 23 24 20 39 27 17 
5
19 21 23 34 37 
5
19 21 23 40 5 
9
19 21 23 40 14 34 37 10 6 
8
19 21 23 40 14 34 37 16 
9
19 21 23 40 14 34 37 33 17 
4
20 5 40 14 
6
20 22 8 4 10 37 
7
20 22 29 1 36 11 35 
10
20 22 29 7 8 4 17 25 26 38 
19
20 24 23 34 37 16 28 10 4 17 27 3 5 2 35 7 29 1 36 
4
20 39 15 23 
4
21 23 24 31 
7
22 8 4 17 33 36 11 
4
22 20 39 13 
4
22 29 1 36 
5
22 29 7 8 4 
5
22 29 7 35 25 
4
22 29 10 4 
7
22 29 10 28 16 37 33 
5
24 20 39 13 6 
15
24 23 34 37 33 17 27 16 28 10 29 22 20 5 40 
8
25 17 4 2 35 11 39 20 
9
25 17 27 3 5 2 35 7 29 
9
25 26 38 18 13 24 31 32 40 
11
25 26 38 35 7 29 1 4 8 22 20 
4
26 38 11 39 
17
26 38 35 25 17 4 10 29 1 36 33 37 34 14 40 32 9 
9
27 39 13 6 10 4 1 36 11 
5
28 10 29 1 4 
5
29 1 36 11 35 
6
29 10 28 9 32 40 
6
30 3 5 20 22 29 
8
30 3 27 39 13 6 10 28 
8
30 8 7 35 25 26 38 11 
6
31 24 23 34 37 10 
12
31 24 23 40 32 9 28 16 37 33 36 1 
13
31 32 9 28 16 37 33 17 27 39 11 38 26 
5
31 32 40 23 21 
6
32 9 28 10 37 16 
6
32 40 5 20 24 13 
5
33 17 4 10 37 
5
33 17 27 3 30 
5
33 17 27 16 37 
5
33 17 27 39 15 
5
33 36 1 4 2 
8
33 37 16 27 39 13 6 10 
5
34 14 40 23 12 
5
34 14 40 23 21 
4
34 14 40 32 
8
34 23 15 39 20 5 3 30 
6
34 37 10 29 7 35 
13
35 2 4 1 36 11 39 13 6 10 28 16 37 
7
35 2 5 40 14 34 23 
5
35 11 38 26 25 
5
35 25 26 38 18 
5
36 1 4 10 37 
4
36 1 29 22 
9
36 11 38 35 7 8 22 29 1 
8
36 33 17 27 16 37 10 28 
10
36 33 37 10 28 16 27 17 25 26 
4
37 16 28 9 
16
37 33 36 11 38 18 13 24 31 32 40 14 34 23 21 19 
11
37 34 14 40 5 20 24 31 32 9 28 
15
38 11 35 7 29 22 8 4 2 5 20 39 15 23 12 
9
38 18 13 6 10 28 9 32 31 
9
38 18 13 6 10 28 9 32 40 
10
38 18 13 6 10 37 33 17 25 26 
10
39 11 35 2 4 17 25 26 38 18 
8
39 15 23 24 31 32 9 28 
4
39 15 23 34 
9
39 15 23 40 5 2 35 11 36 
