50 120 10
1 11
1 18
1 35
1 47
1 49
1 30
1 31
1 12
1 40
2 19
2 12
2 15
2 47
3 36
3 40
3 41
3 38
3 49
3 42
4 13
4 49
4 12
5 10
5 16
5 23
5 11
5 45
6 21
6 30
6 35
6 41
6 45
6 38
6 25
6 24
6 31
6 10
7 24
7 37
7 46
7 16
7 44
8 13
8 12
8 25
8 38
9 25
9 38
9 11
9 32
10 49
10 26
10 22
10 24
11 29
12 39
12 42
12 46
12 48
12 32
13 35
13 28
14 20
14 40
14 49
14 26
14 29
14 15
14 28
15 43
15 37
15 25
15 38
16 23
16 44
16 48
17 29
17 50
18 32
18 47
19 21
19 31
19 47
19 25
22 29
22 28
22 26
23 46
23 37
23 26
23 47
25 37
26 27
26 41
26 35
26 47
27 48
27 29
28 30
28 45
28 49
28 37
30 41
31 40
33 46
33 37
34 46
34 40
35 46
36 38
38 45
39 45
41 50
42 49
42 46
43 49
44 49
44 45
47 50
48 50
4
12 8 38 45 
27
20 14 40 1 18 32 12 2 19 47 50 48 16 23 46 7 44 49 10 26 41 30 6 35 13 8 25 
20
21 19 25 6 31 40 1 18 32 9 11 5 16 7 37 33 46 23 26 22 
7
29 14 15 43 49 28 22 
26
33 37 7 46 35 1 30 28 45 44 49 10 26 22 29 14 40 31 19 21 6 41 3 42 12 39 
7
36 38 15 43 49 42 3 
13
39 45 6 41 50 17 29 27 26 14 40 3 42 
32
39 45 44 7 37 25 15 38 9 32 18 47 50 17 29 14 28 13 4 49 42 3 40 1 30 6 35 46 12 2 19 31 
4
41 26 27 48 
9
49 43 15 37 25 9 38 3 36 
