80 200 150
1 58
1 14
1 50
1 51
1 36
1 43
1 77
2 16
2 77
2 54
2 30
2 56
2 49
2 36
3 39
3 42
3 52
3 48
3 34
3 37
3 50
3 6
4 27
4 14
5 29
5 12
5 52
5 71
6 32
6 73
6 48
7 25
7 45
7 46
7 37
8 32
8 40
8 74
8 53
9 31
9 22
9 54
9 48
9 45
9 35
10 22
10 14
10 79
10 64
10 53
11 61
11 31
11 24
11 71
11 53
12 34
12 74
12 67
12 75
12 36
12 29
12 13
13 44
13 73
13 32
13 34
13 24
14 35
14 78
14 77
14 54
14 66
15 38
15 29
15 31
15 65
15 22
16 74
16 64
17 20
17 26
17 35
18 74
18 60
18 19
18 35
18 40
18 78
18 20
18 58
18 68
19 21
20 42
20 50
20 74
20 33
21 46
21 77
21 70
22 49
22 53
22 78
22 44
22 45
23 43
23 27
23 35
23 37
23 32
23 65
23 78
24 58
24 50
24 46
26 72
26 31
26 78
26 67
26 79
26 66
26 33
27 57
27 40
27 51
28 38
28 55
28 62
29 31
29 30
30 74
30 73
30 31
31 71
31 34
32 76
32 61
33 78
34 45
34 61
34 69
34 46
36 63
37 48
37 69
37 50
37 42
37 59
38 58
39 42
40 66
40 65
40 64
41 51
41 67
41 50
41 59
41 53
41 80
45 46
46 66
46 72
46 63
47 50
47 70
48 58
49 58
49 63
50 60
50 73
51 73
52 68
52 54
52 67
54 59
54 67
54 72
54 60
55 71
55 76
55 72
55 68
56 62
59 68
60 79
60 74
60 77
62 78
62 64
62 76
63 77
64 70
65 71
67 74
67 76
67 71
68 77
69 78
70 80
71 75
76 78
4
1 36 63 46 
16
1 43 23 35 9 22 10 64 70 47 50 73 30 31 71 75 
4
2 16 74 67 
4
2 77 14 66 
7
3 50 60 77 21 70 80 
4
3 52 67 74 
4
4 14 78 23 
8
5 52 54 72 46 34 31 30 
14
6 3 52 68 59 37 48 58 1 14 4 27 23 43 
6
6 48 37 42 3 39 
15
6 73 30 31 9 22 15 29 5 12 34 46 24 50 1 
5
7 45 9 54 60 
9
8 53 10 64 70 47 50 41 59 
4
9 48 6 32 
4
10 22 15 65 
5
10 64 62 76 55 
4
11 53 22 44 
5
11 53 22 78 62 
4
11 71 75 12 
13
12 29 31 71 11 24 58 49 63 77 60 18 35 
6
13 24 11 31 15 22 
8
13 24 11 61 34 31 30 29 
8
13 24 50 3 34 69 78 62 
5
13 32 6 73 51 
9
13 73 6 32 76 55 72 46 34 
9
13 73 51 1 50 20 33 26 17 
5
15 29 31 26 72 
6
16 2 49 22 53 8 
15
16 2 49 63 77 14 35 17 20 18 40 27 51 41 80 
7
17 26 31 71 75 12 74 
5
18 58 48 9 54 
8
18 60 79 10 14 78 22 49 
4
18 68 55 72 
4
19 21 70 47 
10
20 17 26 33 78 62 64 70 21 19 
4
20 50 1 14 
4
20 74 18 19 
9
21 77 60 79 26 78 22 9 31 
9
22 9 31 30 74 16 2 36 12 
4
22 49 58 48 
7
23 78 14 66 46 63 49 
6
24 11 31 9 54 60 
5
24 13 44 22 49 
9
26 17 35 23 78 18 58 49 63 
11
26 66 14 54 52 5 71 31 30 73 6 
7
26 67 41 50 37 7 45 
9
26 67 41 51 1 14 54 60 79 
5
27 4 14 78 62 
9
27 51 41 67 52 54 2 49 22 
15
28 38 15 22 9 54 2 56 62 76 67 41 51 1 50 
4
28 55 72 54 
5
29 12 74 16 64 
12
29 31 30 73 13 12 5 71 55 68 52 67 
15
30 29 5 12 74 18 68 77 1 58 24 11 53 10 22 
9
30 31 26 66 40 65 23 32 13 
4
30 73 13 44 
13
30 74 20 42 3 50 73 6 48 58 1 14 35 
12
31 71 11 61 32 23 35 17 20 18 19 21 
13
32 61 11 53 22 45 34 69 78 18 60 50 37 
8
32 76 78 62 28 55 68 52 
6
34 13 12 5 71 11 
6
34 69 78 62 28 38 
4
35 9 48 3 
6
35 14 10 22 78 33 
5
36 2 54 14 35 
26
37 59 54 72 55 68 18 40 8 53 10 22 78 33 26 66 46 24 13 12 75 71 65 23 32 76 
6
38 28 55 76 62 78 
11
39 3 42 37 48 58 38 15 29 30 31 
16
39 42 3 34 13 24 50 41 51 73 6 32 8 74 67 54 
30
39 42 37 23 32 6 3 50 73 30 31 71 67 52 54 9 45 22 49 63 36 2 56 62 64 40 66 46 7 25 
13
40 8 53 10 79 26 33 20 74 67 54 2 56 
6
40 18 58 24 11 71 
8
40 18 74 60 77 1 14 4 
7
40 27 51 1 36 63 77 
10
40 27 51 41 50 24 46 21 77 63 
4
40 65 71 11 
13
40 66 26 17 35 23 32 13 24 11 71 75 12 
6
41 50 24 13 34 12 
5
41 50 60 74 18 
4
41 59 37 69 
5
41 67 12 34 69 
4
41 67 54 72 
9
42 20 74 67 54 2 49 22 9 
10
43 1 51 73 30 31 9 45 34 13 
6
43 23 32 76 78 62 
9
43 23 65 71 11 31 30 74 16 
14
44 13 12 5 29 30 73 50 20 42 3 52 68 59 
8
45 22 53 11 31 29 30 74 
5
46 24 13 73 51 
8
46 66 14 54 2 30 29 12 
9
47 50 73 30 29 31 11 71 75 
8
48 3 42 20 18 78 26 31 
4
48 6 73 13 
5
48 9 31 26 79 
18
48 37 23 65 71 11 31 9 22 45 34 69 78 76 62 28 38 58 
6
48 58 1 14 78 33 
4
48 58 18 60 
4
49 22 78 26 
5
49 63 36 12 29 
13
50 60 79 26 72 54 67 74 18 20 17 35 14 
4
51 1 77 60 
8
51 27 4 14 77 2 36 63 
5
52 3 37 69 34 
12
52 5 12 74 18 20 50 1 43 23 27 57 
9
53 8 32 13 73 30 31 11 61 
19
53 22 15 38 58 1 43 23 35 18 60 74 12 34 3 50 41 67 71 
7
54 59 41 50 24 13 73 
5
54 60 18 74 30 
8
55 71 31 9 54 59 68 18 
11
55 72 26 79 60 54 14 78 18 68 59 
4
56 62 28 55 
6
56 62 64 10 14 78 
20
57 27 23 37 48 6 3 34 61 11 24 13 73 50 47 70 21 77 1 43 
17
57 27 23 65 15 22 9 35 18 78 26 79 60 77 68 55 76 
11
58 48 37 3 42 20 18 40 65 71 75 
13
59 41 80 70 47 50 73 13 12 67 74 8 32 
12
60 18 19 21 77 2 54 72 55 28 62 56 
5
61 11 53 10 22 
6
61 11 53 41 51 1 
13
62 28 55 76 78 23 65 71 67 74 18 58 1 
6
62 56 2 16 64 10 
13
62 76 67 52 54 14 77 2 30 73 51 1 58 
5
65 23 37 42 3 
4
67 12 13 44 
4
67 41 59 68 
10
67 41 80 70 47 50 3 48 37 59 
19
67 76 32 61 11 53 22 45 7 46 34 31 15 29 30 74 60 79 26 
7
69 34 46 7 45 9 54 
7
70 47 50 41 51 1 36 
6
71 55 72 46 7 45 
5
71 67 74 16 64 
4
72 46 66 14 
6
72 54 9 31 26 79 
7
72 55 68 77 14 35 9 
8
73 6 3 50 60 79 26 72 
7
73 13 32 76 67 74 8 
7
74 16 2 77 60 18 78 
5
75 12 13 44 22 
4
75 71 11 24 
5
76 62 64 40 27 
7
77 21 46 63 36 1 58 
9
77 60 54 72 55 76 32 23 65 
4
78 23 43 1 
5
78 26 31 71 5 
17
78 62 28 38 58 24 13 34 12 67 74 18 68 55 76 32 61 
10
79 10 22 45 9 31 30 73 6 48 
13
79 10 53 22 15 29 31 71 75 12 36 2 30 
5
79 26 17 35 14 
22
79 26 31 29 30 73 50 60 77 2 49 58 18 68 52 54 67 74 16 64 10 14 
4
79 26 78 76 
