50 70 150
1 47
1 25
2 28
2 32
2 33
2 43
2 45
2 25
3 41
3 30
4 29
5 15
5 45
5 25
6 48
7 20
7 16
7 28
7 36
8 35
8 14
9 31
9 24
9 20
10 22
10 19
10 28
11 47
11 49
11 50
11 33
12 46
13 25
13 29
13 40
14 48
14 29
15 39
15 25
16 18
16 46
16 37
17 37
18 48
19 36
19 43
19 20
20 34
20 46
20 37
21 40
21 46
22 25
23 37
23 29
24 34
24 38
26 44
26 39
27 31
27 30
29 47
30 33
31 33
37 38
38 50
41 49
42 50
44 46
44 49
4
1 25 5 45 
10
1 25 15 5 45 2 28 7 20 46 
9
2 43 19 20 34 24 38 50 42 
5
2 45 5 25 1 
6
2 45 5 25 15 39 
8
2 45 5 25 22 10 19 36 
8
3 30 27 31 9 24 38 50 
7
3 41 49 11 47 29 4 
7
4 29 13 25 5 45 2 
7
4 29 13 40 21 46 12 
5
4 29 14 8 35 
10
4 29 23 37 20 46 21 40 13 25 
7
4 29 47 1 25 2 32 
4
5 15 25 2 
6
5 15 25 13 40 21 
6
5 15 39 26 44 49 
5
5 25 15 39 26 
5
6 48 14 8 35 
11
6 48 18 16 37 20 34 24 38 50 42 
5
7 16 46 44 49 
4
7 28 10 19 
10
7 28 10 19 43 2 25 15 5 45 
5
7 36 19 43 2 
4
8 14 29 4 
5
9 20 19 36 7 
4
9 31 33 2 
8
10 19 20 9 31 27 30 33 
5
10 22 25 1 47 
5
10 22 25 2 28 
6
10 28 7 36 19 43 
4
11 33 31 27 
11
11 49 41 3 30 33 2 45 5 15 39 
8
11 50 38 24 34 20 19 10 
5
12 46 16 7 28 
14
12 46 16 37 38 50 11 49 41 3 30 33 31 27 
7
12 46 20 9 31 27 30 
7
12 46 20 37 23 29 4 
13
12 46 21 40 13 25 5 15 39 26 44 49 41 
9
12 46 21 40 13 29 14 8 35 
4
12 46 44 26 
6
12 46 44 49 11 50 
4
13 25 15 39 
5
13 29 23 37 17 
7
13 40 21 46 44 26 39 
5
15 5 45 2 28 
11
15 25 2 28 7 16 18 48 14 8 35 
4
15 25 13 29 
4
16 7 20 9 
8
16 37 23 29 47 11 33 31 
12
17 37 20 19 43 2 45 5 15 25 22 10 
12
17 37 23 29 14 48 18 16 7 28 2 32 
5
17 37 38 50 42 
4
18 16 7 36 
5
19 10 28 2 32 
8
19 36 7 16 37 23 29 47 
5
19 36 7 16 46 
10
20 9 31 27 30 3 41 49 11 47 
4
20 9 31 33 
8
20 34 24 38 37 23 29 4 
6
22 10 19 20 7 28 
8
22 10 19 20 37 38 50 42 
4
22 25 13 29 
6
22 25 13 29 14 48 
4
23 37 20 34 
16
24 9 20 37 16 46 21 40 13 25 1 47 29 14 8 35 
7
24 9 31 33 11 49 44 
4
24 34 20 7 
11
25 2 28 10 19 20 9 31 33 30 27 
5
25 22 10 19 43 
6
26 39 15 25 13 40 
5
26 44 46 20 9 
18
26 44 46 21 40 13 25 22 10 19 20 34 24 9 31 27 30 3 
12
27 30 3 41 49 44 26 39 15 5 45 2 
6
27 31 9 20 7 36 
18
27 31 33 30 3 41 49 11 47 1 25 5 15 39 26 44 46 12 
5
28 2 33 11 50 
5
28 10 19 20 34 
6
28 10 19 20 37 17 
7
28 10 19 36 7 16 18 
8
28 10 19 36 7 16 46 12 
13
29 13 25 1 47 11 33 2 43 19 20 46 21 
7
29 13 25 5 45 2 32 
4
29 14 48 18 
7
30 3 41 49 44 26 39 
7
30 27 31 33 11 50 42 
4
30 33 2 25 
5
31 9 24 34 20 
7
31 9 24 34 20 46 12 
9
31 27 30 33 11 50 38 37 23 
12
31 33 2 45 5 25 1 47 29 14 48 6 
7
32 2 43 19 20 46 21 
4
33 2 45 5 
7
33 30 3 41 49 11 50 
6
33 31 9 20 7 16 
11
34 20 9 24 38 50 11 33 2 28 10 
7
34 20 9 24 38 50 42 
5
34 20 19 10 28 
6
34 24 38 37 23 29 
7
34 24 38 37 23 29 14 
5
35 8 14 48 6 
7
36 7 28 2 25 5 15 
6
36 7 28 2 33 11 
9
36 19 10 22 25 5 15 39 26 
8
36 19 20 37 23 29 13 40 
7
36 19 43 2 25 22 10 
5
37 20 7 36 19 
18
38 24 9 31 27 30 33 11 49 44 26 39 15 25 13 29 47 1 
6
38 24 34 20 46 12 
9
38 37 20 9 31 33 11 49 44 
4
38 37 23 29 
10
38 50 11 47 1 25 5 15 39 26 
4
38 50 11 49 
8
39 15 5 25 13 29 47 1 
7
39 15 25 1 47 29 4 
5
39 15 25 2 32 
10
39 26 44 46 16 18 48 14 8 35 
11
39 26 44 46 20 37 23 29 14 8 35 
9
40 13 29 23 37 16 18 48 6 
9
40 13 29 47 11 49 44 46 21 
8
40 21 46 20 7 16 37 38 
5
40 21 46 20 9 
7
41 3 30 33 31 9 20 
22
42 50 11 33 2 43 19 36 7 16 37 20 9 31 27 30 3 41 49 44 26 39 
12
42 50 11 49 41 3 30 27 31 9 24 38 
6
42 50 11 49 44 46 
9
42 50 38 24 9 20 19 10 22 
10
43 19 10 22 25 5 45 2 28 7 
7
43 19 10 28 2 25 22 
10
43 19 20 9 31 33 30 3 41 49 
6
44 26 39 15 5 25 
9
44 26 39 15 25 2 43 19 36 
4
44 46 21 40 
10
44 49 41 3 30 33 2 25 5 45 
10
45 2 25 1 47 29 23 37 20 34 
5
45 2 25 22 10 
9
45 5 15 25 1 47 11 49 41 
7
45 5 15 25 1 47 29 
9
45 5 15 39 26 44 49 11 50 
4
46 16 37 17 
5
46 20 34 24 38 
13
46 44 49 41 3 30 27 31 9 24 38 50 42 
4
48 14 8 35 
9
48 14 29 23 37 16 46 21 40 
8
48 18 16 7 20 19 10 28 
9
48 18 16 46 20 37 38 24 34 
7
49 44 46 16 18 48 6 
6
49 44 46 16 37 23 
6
50 11 33 2 28 10 
5
50 11 33 30 3 
9
50 11 47 29 13 25 5 45 2 
