50 90 100
1 6
2 6
2 49
2 37
2 47
2 38
2 7
3 33
3 30
4 8
4 43
5 20
5 8
5 31
6 39
6 43
6 18
6 16
6 34
6 32
7 29
7 28
7 23
7 37
8 16
8 50
8 34
9 14
9 29
9 36
10 45
10 47
10 43
10 15
10 31
11 18
11 50
11 17
11 16
12 42
12 21
12 41
13 35
13 34
13 41
13 49
13 48
13 50
13 46
14 36
14 42
15 20
15 27
16 38
16 18
17 29
17 25
18 49
18 38
19 41
20 44
20 45
21 31
21 22
21 41
22 44
23 36
24 46
24 25
24 27
25 42
26 50
26 37
27 29
28 40
29 36
30 44
30 34
31 32
32 42
33 48
33 47
34 42
34 36
37 40
38 42
38 50
41 49
47 48
48 49
12
1 6 16 8 4 43 10 47 2 37 7 23 
11
2 6 18 38 50 11 17 25 42 12 41 
5
2 47 10 43 4 
5
2 49 18 38 42 
16
3 33 48 13 50 8 16 18 6 2 37 7 23 36 29 9 
9
4 8 34 42 25 24 27 29 7 
4
4 43 6 39 
5
6 43 10 15 27 
10
7 28 40 37 2 49 41 13 34 8 
10
8 5 20 15 27 29 36 34 42 32 
11
8 5 31 10 47 48 33 3 30 34 13 
11
8 50 13 46 24 25 42 12 41 21 22 
13
9 14 36 29 17 25 24 27 15 10 31 21 12 
15
9 14 36 34 42 25 17 29 27 24 46 13 50 8 5 
4
9 29 7 2 
18
9 36 23 7 2 37 26 50 38 42 32 31 21 41 49 18 11 17 
5
10 47 48 33 3 
16
12 21 41 49 2 37 26 50 13 46 24 25 17 29 9 14 
6
12 41 49 18 6 39 
18
12 42 25 24 46 13 48 49 41 21 31 5 8 4 43 6 2 37 
17
14 9 29 36 34 42 38 16 8 50 13 41 12 21 31 10 15 
15
14 42 25 17 11 18 49 48 13 46 24 27 29 7 23 
25
15 10 45 20 44 22 21 41 13 48 47 2 37 7 23 36 34 42 14 9 29 17 11 50 26 
4
15 20 44 22 
4
15 20 45 10 
9
16 6 2 49 13 46 24 25 17 
6
16 11 17 25 42 12 
9
16 18 38 42 25 24 46 13 50 
4
16 18 38 50 
11
17 11 50 38 16 6 18 49 13 41 19 
4
17 29 36 14 
25
18 11 17 29 9 14 36 34 6 43 4 8 16 38 50 13 46 24 27 15 20 5 31 10 45 
9
18 11 50 38 42 12 21 41 13 
4
18 16 11 17 
4
19 41 21 12 
17
19 41 21 31 10 45 20 44 30 3 33 47 2 7 29 9 36 
8
19 41 49 2 38 50 13 35 
4
20 45 10 15 
8
21 22 44 20 15 27 24 46 
12
21 31 10 47 33 48 49 2 7 37 40 28 
12
22 44 30 3 33 47 2 6 18 16 11 17 
4
22 44 30 34 
12
23 7 29 17 25 24 46 13 49 18 16 11 
6
23 7 29 36 14 42 
18
23 36 14 9 29 27 15 20 5 31 21 41 12 42 38 50 13 46 
11
23 36 34 42 14 9 29 17 25 24 27 
10
24 25 17 11 18 38 16 6 43 10 
5
24 27 29 9 14 
5
26 37 40 28 7 
6
27 15 20 45 10 47 
24
27 29 9 36 23 7 28 40 37 26 50 8 5 20 44 22 21 12 41 49 2 47 10 45 
5
28 7 2 47 33 
13
28 7 29 9 36 34 30 44 22 21 31 5 8 
16
28 40 37 7 2 38 42 25 24 46 13 41 49 18 6 1 
21
30 44 22 21 12 41 13 50 8 5 20 15 10 47 2 49 18 11 16 38 42 
15
31 10 47 33 48 49 13 50 11 17 25 42 38 18 16 
23
31 32 6 2 37 26 50 11 17 25 42 14 9 36 34 8 5 20 15 27 24 46 13 
4
31 32 42 25 
19
32 31 21 12 42 25 17 11 18 49 48 13 46 24 27 15 20 44 30 
4
32 42 34 6 
10
32 42 34 30 3 33 47 48 13 46 
6
34 8 50 11 17 29 
11
34 13 50 8 16 38 42 12 21 22 44 
4
34 13 50 38 
6
34 36 9 29 17 25 
10
35 13 34 42 32 31 21 12 41 19 
20
35 13 48 33 3 30 34 42 14 9 36 23 7 29 27 15 10 45 20 5 
21
35 13 48 33 47 10 45 20 5 31 32 6 16 38 2 49 41 21 12 42 25 
15
35 13 48 47 2 7 28 40 37 26 50 8 16 6 18 
12
35 13 50 26 37 7 23 36 9 29 17 11 
4
37 2 7 23 
13
37 26 50 8 34 36 14 9 29 17 25 24 27 
6
37 26 50 38 2 49 
6
37 26 50 38 16 11 
29
39 6 16 38 2 37 40 28 7 23 36 14 9 29 27 15 10 45 20 44 22 21 31 32 42 34 8 4 43 
20
39 6 18 38 2 49 41 21 31 32 42 25 24 27 15 10 43 4 8 34 
18
39 6 18 38 16 8 5 31 21 12 42 34 36 23 7 37 26 50 
6
40 28 7 2 6 43 
18
40 28 7 37 26 50 38 42 25 17 11 16 18 6 2 49 13 35 
14
42 14 9 29 17 11 18 49 13 48 47 2 6 43 
18
42 25 17 29 27 24 46 13 49 18 11 50 38 2 37 7 28 40 
12
42 34 36 23 7 37 2 47 10 43 6 39 
8
43 4 8 34 13 41 21 31 
9
43 10 45 20 15 27 29 7 23 
4
44 30 34 8 
7
44 30 34 42 12 21 41 
19
45 10 43 6 2 47 48 13 34 42 25 24 27 15 20 44 30 3 33 
11
45 20 5 31 10 47 48 13 41 49 18 
8
46 13 41 49 18 11 17 25 
12
46 13 49 41 12 21 22 44 20 45 10 43 
11
46 13 50 11 16 8 34 6 32 31 10 
28
46 24 25 17 11 50 13 34 8 4 43 10 47 33 48 49 18 6 32 42 14 9 36 23 7 37 40 28 
5
47 10 31 32 42 
5
48 33 47 2 6 
24
48 33 47 2 7 23 36 9 29 17 25 42 32 31 10 15 27 24 46 13 49 18 16 11 
21
48 33 47 2 49 13 34 36 29 17 11 16 18 38 50 26 37 40 28 7 23 
13
48 33 47 2 49 18 38 16 8 50 13 41 19 
5
48 47 2 37 7 
5
49 18 38 42 12 
6
50 38 2 7 28 40 
