50 70 100
1 47
1 25
2 28
2 32
2 33
2 43
2 45
2 25
3 41
3 30
4 29
5 15
5 45
5 25
6 48
7 20
7 16
7 28
7 36
8 35
8 14
9 31
9 24
9 20
10 22
10 19
10 28
11 47
11 49
11 50
11 33
12 46
13 25
13 29
13 40
14 48
14 29
15 39
15 25
16 18
16 46
16 37
17 37
18 48
19 36
19 43
19 20
20 34
20 46
20 37
21 40
21 46
22 25
23 37
23 29
24 34
24 38
26 44
26 39
27 31
27 30
29 47
30 33
31 33
37 38
38 50
41 49
42 50
44 46
44 49
7
1 25 5 45 2 33 11 
8
1 25 5 45 2 43 19 36 
7
1 25 13 29 47 11 50 
10
2 25 5 15 39 26 44 46 16 7 
10
2 28 7 36 19 10 22 25 15 39 
12
2 33 11 50 38 37 20 7 28 10 19 36 
7
3 30 27 31 33 2 43 
18
4 29 13 25 5 15 39 26 44 49 11 33 31 9 24 38 50 42 
8
4 29 14 48 18 16 37 17 
4
4 29 23 37 
9
4 29 23 37 16 7 28 10 22 
10
4 29 47 1 25 2 43 19 10 22 
8
5 45 2 28 7 36 19 43 
14
5 45 2 43 19 20 46 21 40 13 29 47 1 25 
15
6 48 18 16 46 21 40 13 29 23 37 20 9 31 33 
9
7 20 34 24 9 31 33 30 27 
7
7 28 10 19 43 2 32 
22
9 24 34 20 19 43 2 45 5 15 25 13 40 21 46 16 37 23 29 14 8 35 
4
9 31 27 30 
7
9 31 27 30 3 41 49 
6
9 31 33 11 50 42 
6
10 19 20 9 24 34 
9
10 22 25 2 28 7 36 19 43 
4
10 22 25 5 
5
12 46 16 37 17 
7
12 46 16 37 38 50 42 
9
12 46 20 34 24 9 31 27 30 
7
12 46 21 40 13 29 4 
14
12 46 21 40 13 29 23 37 16 18 48 14 8 35 
13
12 46 44 26 39 15 25 1 47 11 50 38 24 
20
12 46 44 49 41 3 30 27 31 9 24 34 20 19 43 2 33 11 50 42 
7
15 39 26 44 49 41 3 
5
16 37 20 9 31 
14
17 37 16 7 36 19 10 22 25 1 47 11 50 42 
4
17 37 16 46 
10
17 37 20 7 36 19 10 28 2 32 
10
17 37 20 19 36 7 16 18 48 6 
16
17 37 38 24 9 20 7 28 10 19 43 2 33 11 50 42 
16
19 10 22 25 13 40 21 46 20 34 24 9 31 27 30 33 
4
19 10 28 2 
7
19 36 7 16 37 38 24 
10
19 36 7 20 46 16 18 48 14 8 
9
19 43 2 33 31 27 30 3 41 
6
20 9 31 33 2 45 
5
21 40 13 25 2 
17
21 40 13 29 47 1 25 5 45 2 43 19 36 7 28 10 22 
9
21 46 16 37 23 29 13 25 15 
9
22 10 28 7 16 46 20 37 17 
17
22 10 28 7 16 46 44 49 11 47 1 25 2 33 30 3 41 
17
22 10 28 7 36 19 43 2 45 5 25 1 47 29 14 8 35 
9
22 25 5 45 2 28 10 19 43 
4
23 29 13 40 
6
23 37 16 46 44 49 
9
23 37 20 9 24 38 50 11 47 
17
24 9 20 46 21 40 13 25 15 39 26 44 49 11 47 29 4 
4
26 39 15 25 
9
26 39 15 25 1 47 29 14 8 
6
26 44 49 11 50 42 
10
27 31 9 24 34 20 7 16 37 23 
9
28 10 19 20 9 31 33 11 49 
4
28 10 19 43 
19
28 10 19 43 2 33 30 27 31 9 20 7 16 46 44 49 11 50 42 
10
28 10 22 25 15 39 26 44 46 12 
4
29 23 37 17 
20
29 47 11 33 31 27 30 3 41 49 44 46 16 37 20 7 28 10 19 36 
10
31 27 30 33 2 25 5 15 39 26 
6
31 27 30 33 2 28 
12
32 2 33 31 9 24 34 20 37 23 29 47 
23
32 2 33 31 27 30 3 41 49 44 46 20 19 36 7 28 10 22 25 5 15 39 26 
15
32 2 43 19 36 7 20 46 16 37 23 29 14 8 35 
9
33 30 27 31 9 20 19 43 2 
9
33 31 27 30 3 41 49 44 26 
5
34 20 7 16 18 
10
34 24 9 20 7 36 19 43 2 32 
25
35 8 14 29 13 25 22 10 19 43 2 45 5 15 39 26 44 49 41 3 30 33 11 50 42 
5
35 8 14 48 6 
8
35 8 14 48 18 16 46 12 
23
36 19 20 7 28 10 22 25 13 40 21 46 16 18 48 14 29 47 11 49 41 3 30 
8
37 16 46 44 49 11 50 42 
4
37 20 46 12 
9
37 20 46 21 40 13 29 14 8 
25
37 23 29 13 40 21 46 20 9 31 33 30 3 41 49 11 47 1 25 5 45 2 28 10 22 
5
39 26 44 49 41 
9
40 13 25 2 28 7 16 46 21 
7
40 21 46 20 34 24 9 
4
41 3 30 27 
4
41 49 11 50 
4
42 50 11 49 
15
42 50 11 49 41 3 30 27 31 33 2 25 15 5 45 
14
42 50 38 24 34 20 7 36 19 43 2 25 5 45 
23
42 50 38 37 16 46 44 49 41 3 30 27 31 9 24 34 20 19 36 7 28 2 32 
8
42 50 38 37 23 29 47 1 
8
44 26 39 15 5 25 2 32 
5
44 46 20 34 24 
8
45 5 15 25 1 47 29 23 
5
45 5 25 2 32 
6
46 16 18 48 14 29 
4
46 44 26 39 
20
46 44 49 11 47 29 14 48 18 16 37 38 24 9 31 27 30 33 2 43 
5
47 1 25 2 32 
