80 150 150
1 21
1 51
2 26
2 28
2 67
2 68
3 15
3 75
3 30
4 31
4 41
4 28
4 77
5 20
6 60
6 77
6 14
6 42
6 74
6 9
7 63
8 73
9 62
9 28
10 56
11 66
11 32
11 17
11 23
12 38
12 63
13 69
13 16
13 47
13 62
13 50
14 70
14 72
14 74
14 66
15 33
15 55
15 65
15 47
15 45
16 37
16 36
16 65
16 72
16 46
17 30
17 76
17 38
18 71
18 51
18 42
19 34
19 26
20 58
20 40
20 65
21 34
21 71
22 44
22 72
22 59
23 79
23 38
24 79
24 58
24 56
24 36
24 43
25 43
25 66
25 70
26 67
26 64
27 52
27 28
27 35
27 67
28 49
28 43
28 61
29 59
29 73
29 38
29 69
31 78
31 68
31 45
32 61
32 38
32 64
34 58
34 56
35 64
35 69
36 42
36 56
36 74
36 50
39 58
40 71
40 52
41 45
42 73
43 70
43 68
43 76
45 67
45 76
46 52
47 74
48 68
48 57
48 69
49 65
50 60
50 65
50 71
51 80
52 64
52 73
52 80
53 54
53 62
53 65
53 79
54 69
54 59
55 64
55 75
55 72
56 69
57 72
57 67
59 62
59 76
61 75
61 69
61 63
63 68
65 70
67 75
68 71
69 80
71 73
76 78
9
1 21 71 18 51 80 52 73 8 
6
2 26 67 27 28 43 
5
2 68 43 76 17 
13
3 15 55 72 16 36 50 13 69 35 27 28 49 
17
4 28 27 35 69 80 51 1 21 34 19 26 67 75 55 72 57 
4
5 20 40 52 
6
5 20 58 24 79 23 
13
6 14 66 11 32 64 55 75 3 30 17 38 23 
6
6 77 4 31 68 2 
7
7 63 61 28 4 77 6 
7
7 63 68 31 45 15 47 
9
10 56 36 74 47 15 45 67 26 
4
10 56 69 80 
5
11 32 64 52 80 
11
12 38 17 30 3 15 55 75 67 2 26 
10
12 38 29 69 56 34 21 1 51 80 
16
14 66 25 43 28 61 63 12 38 23 11 17 30 3 15 33 
13
14 72 55 75 61 28 4 77 6 42 73 71 18 
8
15 3 30 17 11 32 38 23 
4
15 47 74 6 
5
15 65 16 13 47 
6
16 36 56 24 58 20 
11
17 11 32 64 55 72 16 46 52 73 8 
11
18 42 6 74 47 15 45 41 4 28 9 
6
18 42 36 24 56 34 
7
19 34 21 71 40 20 65 
6
20 58 24 43 28 49 
11
21 1 51 80 52 27 28 9 62 59 54 
6
21 1 51 80 69 54 
7
21 34 19 26 2 28 49 
4
21 71 18 42 
6
22 59 29 38 12 63 
7
22 59 62 53 65 15 45 
4
22 72 16 37 
5
23 79 53 54 69 
4
23 79 53 65 
8
25 43 70 65 50 60 6 74 
18
25 66 11 32 64 55 75 67 26 19 34 21 1 51 80 69 54 53 
13
25 70 14 66 11 17 76 45 41 4 28 27 35 
8
27 28 4 77 6 14 72 57 
6
27 52 80 51 18 71 
5
28 4 41 45 15 
9
28 9 62 53 65 16 72 22 44 
8
28 27 35 69 29 59 76 17 
9
30 17 38 32 11 66 25 70 43 
6
31 4 41 45 15 3 
5
32 11 17 76 43 
4
32 38 12 63 
4
32 38 23 79 
4
32 61 28 43 
6
32 61 75 67 2 28 
12
33 15 3 75 55 64 32 61 69 54 59 76 
18
33 15 55 75 67 2 28 4 41 45 76 59 22 72 57 48 69 54 
8
34 19 26 64 35 27 28 61 
14
34 21 71 68 48 57 72 22 59 54 69 56 36 74 
4
36 16 13 69 
5
36 42 73 29 38 
6
36 50 60 6 14 66 
12
36 74 14 66 11 23 38 17 30 3 75 55 
6
37 16 13 62 53 54 
11
37 16 46 52 73 71 68 31 45 41 4 
6
37 16 65 20 58 34 
6
39 58 20 40 52 64 
9
39 58 20 40 52 80 51 1 21 
7
39 58 24 36 42 6 9 
5
39 58 24 56 69 
6
40 52 73 71 50 60 
6
40 71 21 34 56 10 
6
41 4 28 61 63 68 
8
41 4 31 45 15 47 74 36 
10
41 4 31 45 67 57 48 69 35 64 
6
41 45 76 43 68 63 
4
42 6 74 36 
6
42 36 74 14 66 11 
4
43 25 66 11 
4
44 22 72 57 
7
44 22 72 57 67 2 28 
6
45 31 4 28 9 62 
7
45 41 4 77 6 14 66 
5
47 15 55 75 3 
5
48 57 72 55 64 
4
48 68 43 76 
5
48 68 43 76 78 
13
49 28 2 67 45 41 4 31 68 43 24 79 23 
7
49 28 4 31 78 76 17 
5
49 65 53 54 59 
4
51 80 52 46 
12
51 80 69 13 62 9 28 4 31 45 76 78 
5
52 27 28 61 75 
4
52 40 20 58 
8
52 40 20 65 15 55 64 32 
5
52 64 55 72 14 
5
53 62 9 28 49 
17
54 69 48 68 43 28 61 63 12 38 23 79 53 62 59 29 73 
20
57 48 69 80 51 1 21 71 73 52 27 67 2 68 43 25 70 14 66 11 
4
57 72 16 36 
7
57 72 55 75 67 2 26 
4
58 24 56 36 
9
59 54 69 29 73 71 21 34 19 
23
59 76 45 15 47 74 36 50 60 6 14 66 25 70 43 24 58 20 65 49 28 4 77 
6
60 6 9 28 4 31 
4
60 6 14 66 
19
60 50 13 16 36 74 6 42 73 71 68 43 25 66 11 17 30 3 75 
7
61 28 2 67 45 31 78 
4
61 63 68 43 
14
62 9 6 42 36 50 71 18 51 1 21 34 56 24 
11
62 9 28 61 69 29 59 76 45 41 4 
5
62 13 50 60 6 
8
62 59 54 53 65 16 36 74 
4
63 12 38 29 
5
63 68 31 78 76 
6
64 32 38 23 79 24 
5
64 52 80 51 18 
5
64 55 72 22 44 
4
64 55 75 3 
4
65 50 13 47 
6
66 11 23 38 32 64 
17
66 25 70 43 28 4 31 78 76 59 22 72 55 15 45 67 75 
6
67 2 28 9 6 77 
11
67 2 68 63 61 32 38 29 59 76 78 
22
67 27 52 64 55 15 3 75 61 63 12 38 17 76 78 31 68 71 21 1 51 18 
8
67 75 55 64 32 11 23 79 
20
68 43 24 36 50 60 6 77 4 28 2 67 45 31 78 76 17 38 32 11 
6
68 71 40 52 64 32 
4
69 54 53 79 
5
69 54 59 76 78 
7
69 56 36 74 6 9 62 
5
70 14 72 22 59 
5
71 68 2 28 49 
17
71 68 31 78 76 17 11 23 38 12 63 61 75 55 15 3 30 
11
71 68 48 69 35 27 67 75 61 63 7 
8
72 14 66 11 32 38 12 63 
6
72 22 59 76 78 31 
8
72 55 75 67 27 35 69 56 
7
73 42 18 71 50 65 70 
7
74 36 50 65 70 43 28 
22
74 36 50 71 18 42 6 77 4 28 2 26 19 34 58 24 79 23 11 66 14 72 
22
76 78 31 45 67 2 26 64 55 15 47 13 50 65 70 43 25 66 11 32 61 69 
4
77 4 28 49 
5
77 4 31 68 43 
6
77 6 14 70 43 24 
8
78 31 68 43 25 66 14 74 
6
78 76 17 38 23 79 
7
78 76 43 24 79 53 65 
6
79 24 36 50 60 6 
6
80 51 18 71 73 42 
9
80 52 27 28 2 26 67 45 41 
10
80 52 73 42 18 51 1 21 34 19 
5
80 52 73 71 68 
11
80 69 35 27 67 26 2 28 61 32 64 
