50 120 100
1 11
1 18
1 35
1 47
1 49
1 30
1 31
1 12
1 40
2 19
2 12
2 15
2 47
3 36
3 40
3 41
3 38
3 49
3 42
4 13
4 49
4 12
5 10
5 16
5 23
5 11
5 45
6 21
6 30
6 35
6 41
6 45
6 38
6 25
6 24
6 31
6 10
7 24
7 37
7 46
7 16
7 44
8 13
8 12
8 25
8 38
9 25
9 38
9 11
9 32
10 49
10 26
10 22
10 24
11 29
12 39
12 42
12 46
12 48
12 32
13 35
13 28
14 20
14 40
14 49
14 26
14 29
14 15
14 28
15 43
15 37
15 25
15 38
16 23
16 44
16 48
17 29
17 50
18 32
18 47
19 21
19 31
19 47
19 25
22 29
22 28
22 26
23 46
23 37
23 26
23 47
25 37
26 27
26 41
26 35
26 47
27 48
27 29
28 30
28 45
28 49
28 37
30 41
31 40
33 46
33 37
34 46
34 40
35 46
36 38
38 45
39 45
41 50
42 49
42 46
43 49
44 49
44 45
47 50
48 50
4
3 49 4 12 
8
4 12 42 3 49 10 26 41 
4
4 13 35 6 
8
4 49 3 38 45 6 24 10 
24
5 10 22 26 41 50 47 18 1 11 29 27 48 12 39 45 44 49 43 15 2 19 31 6 
5
5 11 9 25 6 
4
5 11 29 14 
11
5 23 47 19 2 12 4 49 1 18 32 
17
6 24 10 26 47 23 46 35 13 4 12 42 3 49 28 45 39 
7
6 25 8 12 48 16 44 
8
6 31 1 11 5 10 22 28 
7
6 31 40 34 46 7 37 
14
7 44 45 38 6 21 19 47 23 46 12 4 13 8 
7
8 12 42 49 28 14 20 
5
8 13 4 12 42 
6
9 11 5 23 47 1 
5
9 25 37 7 46 
4
9 32 12 39 
18
9 38 15 25 8 13 4 12 42 46 35 1 30 6 45 5 23 16 
7
10 5 11 1 30 41 3 
4
10 5 23 46 
11
10 22 26 27 29 17 50 48 16 44 7 
4
10 26 27 48 
19
10 26 35 13 4 12 48 50 47 19 21 6 38 15 25 37 7 46 33 
5
11 5 16 44 7 
9
13 4 49 1 35 26 22 10 5 
5
13 4 49 43 15 
8
13 8 12 42 46 23 16 5 
4
14 15 38 6 
23
14 28 22 10 5 23 47 19 31 40 34 46 33 37 7 16 44 49 4 12 2 15 38 
9
15 37 7 24 6 38 45 44 49 
11
17 50 47 26 41 3 42 46 35 1 18 
33
18 32 9 38 45 39 12 42 46 35 6 30 1 47 23 16 5 11 29 17 50 48 27 26 22 28 37 7 44 49 43 15 25 
20
19 25 6 35 46 34 40 31 1 11 29 17 50 47 18 32 9 38 36 3 
6
19 25 37 28 14 40 
8
19 47 23 26 14 40 1 18 
12
19 47 26 35 13 28 45 44 49 3 38 6 
27
20 14 40 34 46 7 16 23 26 22 10 24 6 45 38 9 32 18 1 31 19 47 50 48 27 29 17 
21
21 19 25 37 7 24 10 5 11 29 27 48 12 8 13 35 26 41 3 38 36 
11
23 5 16 7 44 49 1 11 29 27 48 
17
24 10 22 28 30 1 18 47 23 26 27 29 17 50 41 6 31 
4
25 6 30 41 
5
25 9 38 15 2 
14
26 23 5 16 7 44 45 28 30 6 25 19 2 15 
5
28 30 41 50 48 
27
29 17 50 41 6 31 40 34 46 12 1 11 5 23 47 19 25 15 43 49 4 13 8 38 9 32 18 
5
30 1 35 6 24 
7
30 1 35 6 45 44 16 
4
30 1 35 13 
22
30 28 22 29 17 50 41 26 23 16 7 24 10 6 21 19 31 40 3 49 14 20 
6
30 28 22 29 27 48 
5
31 6 38 45 44 
13
31 40 1 11 5 10 26 41 50 47 19 21 6 
10
31 40 14 15 2 47 18 1 49 43 
5
32 9 11 1 49 
13
33 46 7 37 23 5 45 38 9 11 1 31 6 
15
33 46 35 13 8 38 45 28 30 41 26 22 29 17 50 
11
35 1 11 9 38 15 14 49 4 12 2 
11
35 1 12 2 15 25 19 31 6 45 38 
10
35 1 30 41 6 45 5 16 48 27 
17
36 38 6 30 1 40 3 41 26 35 46 7 37 23 5 10 24 
15
36 38 8 13 28 22 29 11 1 49 42 3 40 14 20 
11
37 7 16 44 45 28 49 3 40 1 18 
35
37 25 8 13 35 46 12 48 27 29 11 5 10 22 28 45 44 7 24 6 30 41 50 47 1 18 32 9 38 3 40 31 19 2 15 
9
37 28 13 35 46 34 40 3 42 
9
38 36 3 41 26 10 6 31 19 
10
38 36 3 42 49 14 15 25 6 31 
10
39 12 2 19 25 8 13 35 26 14 
7
39 12 42 46 35 1 49 
29
39 45 6 41 3 42 12 46 35 1 11 5 16 23 37 28 49 43 15 38 9 32 18 47 50 17 29 14 20 
24
39 45 6 41 50 48 12 42 46 34 40 1 49 28 13 35 26 23 47 19 25 8 38 9 
6
40 1 12 42 49 3 
17
40 31 19 47 26 23 16 7 24 6 38 3 42 49 28 14 20 
16
41 3 42 12 46 23 16 48 50 47 26 35 1 40 14 20 
15
41 6 38 8 13 35 26 14 40 31 19 47 50 17 29 
5
41 30 28 45 5 
26
42 46 23 37 25 19 31 40 3 41 30 28 14 49 10 5 16 48 50 47 1 12 2 15 38 36 
24
43 49 10 24 6 31 1 11 9 32 12 2 19 47 50 48 27 26 41 30 28 37 33 46 
4
44 7 46 12 
14
44 16 5 23 26 27 48 12 32 9 11 1 49 28 
4
44 16 23 46 
5
44 49 42 46 12 
16
45 28 22 26 14 15 37 25 8 12 42 46 35 1 47 19 
16
45 38 9 25 8 13 28 30 1 35 26 10 5 11 29 27 
4
46 7 44 16 
12
46 33 37 7 44 16 5 10 49 14 28 45 
4
46 34 40 14 
13
46 35 6 24 10 22 26 41 50 17 29 14 20 
10
46 42 3 36 38 15 25 6 31 40 
18
47 2 19 25 37 7 24 6 10 26 41 30 1 49 28 22 29 17 
18
47 23 26 10 24 7 37 15 38 6 30 41 50 17 29 11 1 49 
16
48 16 5 10 22 26 27 29 14 40 31 6 25 15 37 33 
10
49 1 31 6 38 8 25 15 14 40 
9
49 3 41 30 1 18 32 12 46 
10
49 3 42 46 12 8 13 35 1 47 
24
49 4 13 8 12 32 18 47 19 31 6 45 38 9 25 37 7 16 5 11 29 17 50 48 
8
49 28 45 6 35 1 12 39 
7
50 17 29 22 10 6 30 
20
50 17 29 22 26 27 48 16 23 46 7 24 6 31 1 35 13 28 37 33 
7
50 47 2 12 4 49 14 
