50 90 150
1 6
2 6
2 49
2 37
2 47
2 38
2 7
3 33
3 30
4 8
4 43
5 20
5 8
5 31
6 39
6 43
6 18
6 16
6 34
6 32
7 29
7 28
7 23
7 37
8 16
8 50
8 34
9 14
9 29
9 36
10 45
10 47
10 43
10 15
10 31
11 18
11 50
11 17
11 16
12 42
12 21
12 41
13 35
13 34
13 41
13 49
13 48
13 50
13 46
14 36
14 42
15 20
15 27
16 38
16 18
17 29
17 25
18 49
18 38
19 41
20 44
20 45
21 31
21 22
21 41
22 44
23 36
24 46
24 25
24 27
25 42
26 50
26 37
27 29
28 40
29 36
30 44
30 34
31 32
32 42
33 48
33 47
34 42
34 36
37 40
38 42
38 50
41 49
47 48
48 49
13
1 6 16 38 2 49 18 11 50 13 46 24 27 
12
1 6 16 38 50 26 37 2 7 29 27 24 
14
1 6 18 49 13 34 8 50 38 42 25 17 29 27 
7
1 6 32 42 12 21 41 
4
1 6 34 13 
4
2 6 32 31 
4
2 7 28 40 
12
2 49 18 11 16 38 42 25 24 46 13 35 
8
3 30 34 8 50 26 37 7 
24
3 30 44 22 21 12 42 14 9 29 36 34 13 46 24 25 17 11 16 8 50 38 18 49 
5
4 8 16 18 6 
5
4 8 50 13 35 
4
4 43 6 18 
6
5 8 34 30 44 22 
7
5 8 50 26 37 40 28 
6
5 31 10 15 20 44 
4
6 2 7 28 
4
6 16 8 34 
6
6 18 16 11 50 26 
5
6 34 30 3 33 
8
6 43 10 47 48 13 50 26 
5
7 29 27 24 25 
4
7 29 36 34 
5
7 37 2 47 33 
4
8 5 20 44 
5
8 34 42 38 18 
4
8 50 11 16 
4
8 50 38 42 
5
9 29 17 25 42 
5
10 15 20 44 22 
8
10 47 2 6 18 49 48 13 
9
10 47 2 38 50 11 16 6 32 
4
10 47 48 49 
6
11 16 6 34 42 32 
5
11 50 8 4 43 
5
12 21 31 5 20 
6
12 21 31 5 20 45 
4
12 21 41 13 
8
13 46 24 25 42 32 31 5 
4
13 48 49 18 
5
13 49 2 7 37 
10
14 9 29 36 34 30 44 22 21 12 
9
14 9 29 36 34 42 32 31 10 
6
14 42 38 50 11 16 
5
14 42 38 50 13 
4
15 20 44 22 
5
15 27 29 7 2 
5
15 27 29 7 37 
12
16 8 4 43 6 18 49 13 41 21 31 10 
25
16 11 17 29 27 15 10 31 5 8 34 36 23 7 37 2 47 48 33 3 30 44 22 21 41 
8
16 18 38 2 6 34 13 35 
5
16 18 49 2 47 
11
16 38 2 49 41 13 46 24 27 29 7 
11
16 38 18 11 17 25 42 12 41 13 46 
8
16 38 42 12 41 49 2 37 
9
17 11 16 38 2 49 18 6 1 
8
17 25 24 27 15 20 44 22 
5
17 25 42 12 21 
5
18 6 34 8 16 
4
18 11 16 6 
12
18 16 6 34 30 3 33 48 13 46 24 25 
4
19 41 12 21 
6
19 41 49 2 7 37 
5
19 41 49 13 35 
4
20 5 8 50 
5
20 5 31 10 45 
6
20 15 10 31 32 6 
6
20 44 22 21 41 19 
11
20 45 10 31 32 6 2 47 33 48 49 
4
21 41 49 18 
16
21 41 49 18 11 50 26 37 2 38 42 14 36 29 17 25 
8
23 7 2 6 43 10 15 27 
12
23 7 37 2 6 34 36 29 27 15 10 45 
4
23 36 9 14 
6
23 36 34 13 41 21 
4
24 27 15 10 
8
24 27 15 20 5 31 32 6 
6
24 27 15 20 44 30 
5
24 27 29 9 14 
13
25 17 11 16 18 49 2 47 10 15 20 44 22 
4
25 24 27 15 
4
25 24 46 13 
4
25 42 32 31 
5
26 50 8 34 42 
6
27 15 10 31 32 6 
7
27 24 25 42 38 50 26 
4
27 29 7 37 
5
27 29 9 14 42 
7
28 7 29 36 9 14 42 
7
29 7 28 40 37 2 49 
10
30 3 33 48 47 2 38 18 11 17 
5
31 21 12 41 19 
5
31 21 22 44 30 
4
31 32 42 12 
7
32 31 5 8 34 13 35 
11
33 3 30 34 8 4 43 6 32 31 21 
12
33 3 30 34 42 25 24 27 15 20 45 10 
8
33 3 30 44 22 21 41 19 
4
33 47 10 43 
10
33 48 13 49 18 16 38 50 26 37 
5
33 48 49 13 46 
23
34 6 32 31 21 22 44 30 3 33 47 2 38 50 13 49 41 12 42 14 9 36 23 
4
34 8 5 20 
4
34 13 41 19 
6
34 42 38 50 13 35 
10
35 13 46 24 27 29 7 37 40 28 
11
35 13 49 41 21 22 44 30 34 6 1 
19
35 13 50 8 4 43 6 16 11 17 25 24 27 29 7 23 36 14 9 
8
36 9 29 7 2 47 33 48 
6
36 9 29 17 25 24 
10
36 14 9 29 7 37 2 38 18 16 
5
36 23 7 37 40 
6
37 2 47 33 3 30 
9
37 2 49 41 21 31 10 45 20 
9
37 7 2 49 13 50 11 18 16 
4
37 7 29 36 
7
37 26 50 13 48 49 18 
4
38 2 7 23 
14
38 2 47 33 3 30 44 22 21 12 42 25 24 46 
4
39 6 34 30 
9
39 6 43 10 31 32 42 38 18 
6
40 28 7 29 9 14 
21
40 28 7 37 2 47 33 48 13 34 36 14 42 12 21 31 5 8 16 6 32 
15
40 37 2 6 18 16 11 17 25 42 34 8 5 20 15 
8
40 37 7 29 17 25 24 27 
21
42 14 9 36 23 7 29 17 25 24 46 13 50 26 37 2 49 18 11 16 38 
6
42 34 13 49 18 16 
9
43 4 8 5 20 45 10 47 33 
6
43 4 8 50 13 35 
5
43 6 16 11 18 
6
43 6 16 18 11 17 
11
44 20 5 8 50 11 17 29 27 15 10 
7
44 20 5 31 10 43 4 
14
44 22 21 31 10 43 4 8 50 26 37 7 29 9 
10
44 22 21 41 12 42 38 50 13 46 
4
44 30 3 33 
4
44 30 34 36 
7
45 10 15 20 5 8 34 
9
45 10 31 5 8 50 13 46 24 
10
45 10 43 4 8 16 11 18 6 39 
7
47 10 31 21 12 41 19 
6
47 10 43 6 16 11 
4
47 10 45 20 
5
48 47 2 38 16 
5
48 47 10 43 6 
12
48 47 33 3 30 44 20 15 27 24 46 13 
4
49 2 38 18 
7
49 41 12 42 38 2 47 
4
50 11 17 25 
11
50 11 18 6 16 38 2 49 48 47 33 
