20 130 100
1 15
1 19
1 5
1 6
1 16
1 20
1 8
1 12
1 17
1 9
1 10
1 4
2 3
2 5
2 15
2 18
2 4
2 20
2 17
2 13
2 7
2 9
2 14
3 17
3 20
3 10
3 7
3 9
3 18
3 6
3 4
3 14
4 6
4 13
4 8
4 14
4 19
4 11
4 10
4 16
4 17
4 7
4 12
4 15
5 6
5 8
5 13
5 18
5 15
5 9
5 19
5 14
5 17
6 11
6 10
6 12
6 14
6 19
6 15
6 13
6 7
6 9
6 16
6 8
7 16
7 9
7 10
7 12
7 20
7 13
7 17
7 11
7 14
8 12
8 9
8 19
8 18
8 11
8 14
8 13
9 14
9 10
9 17
9 19
9 11
9 13
9 20
9 15
9 16
10 13
10 18
10 15
10 16
10 12
11 16
11 18
11 13
11 20
11 17
11 19
12 18
12 19
12 17
12 14
13 17
13 19
13 15
13 18
13 16
13 14
14 20
14 18
14 15
14 16
14 15
15 18
15 17
15 16
16 19
16 17
16 18
16 20
16 17
17 18
17 20
17 18
18 20
18 19
18 19
19 20
11
1 5 2 4 13 7 11 17 9 20 19 
10
1 5 13 6 4 12 14 20 7 11 
6
1 15 5 18 16 11 
8
1 16 4 2 5 19 18 17 
13
1 16 18 11 20 2 13 7 10 12 4 6 19 
7
2 3 18 14 16 19 13 
19
2 4 3 9 20 11 7 6 1 15 16 18 19 5 14 13 8 12 17 
10
2 7 13 4 10 6 9 8 18 12 
6
2 7 14 3 18 12 
11
2 9 16 10 12 7 14 20 3 6 1 
20
3 10 6 16 20 11 18 8 9 17 4 1 5 2 14 15 13 7 12 19 
4
3 17 2 15 
15
3 20 17 15 6 11 18 5 2 14 4 16 1 10 7 
4
4 10 1 19 
11
4 12 19 6 7 9 16 17 15 14 20 
4
4 14 16 20 
5
4 15 6 7 20 
17
5 1 17 2 14 15 13 8 9 19 18 11 4 6 10 7 3 
8
5 2 4 15 6 11 19 16 
6
5 17 18 16 10 15 
14
6 5 13 10 18 11 16 4 3 9 20 7 14 2 
12
6 9 16 15 4 11 13 10 18 8 12 7 
20
6 12 19 11 8 14 3 17 7 10 13 2 5 1 9 16 4 15 18 20 
7
6 14 9 7 13 15 10 
5
7 3 14 6 13 
5
7 6 1 12 4 
4
7 9 8 14 
7
7 9 14 16 6 10 12 
10
7 14 12 1 20 2 9 19 16 10 
20
8 1 9 3 18 11 20 19 16 17 5 14 2 15 6 12 10 4 13 7 
5
8 11 16 10 1 
20
8 12 14 15 4 16 1 6 9 20 3 10 7 2 5 17 13 11 19 18 
4
9 6 14 18 
11
9 10 15 4 19 6 11 17 20 7 14 
5
9 13 17 18 3 
7
9 15 2 4 11 19 8 
7
9 16 17 18 10 4 8 
4
9 16 18 2 
20
10 1 19 20 18 17 13 15 16 9 11 6 3 4 14 5 8 12 7 2 
6
10 3 14 5 19 12 
6
10 6 11 20 14 3 
19
10 7 11 20 2 14 15 17 18 12 4 13 9 16 19 1 6 8 5 
10
10 7 12 17 1 6 13 19 11 20 
18
10 12 14 3 17 18 20 9 7 16 15 4 8 5 2 13 6 1 
6
10 15 9 13 19 6 
7
11 4 1 9 20 16 7 
10
11 6 10 16 17 9 5 14 15 2 
10
11 8 19 12 10 18 3 7 13 4 
10
11 9 14 4 10 15 13 16 6 19 
17
11 9 14 5 19 16 15 2 3 7 4 12 18 17 20 1 10 
13
11 20 17 2 5 13 15 9 8 18 16 7 6 
4
12 1 20 18 
20
12 6 14 7 9 2 15 5 8 11 18 19 4 13 16 1 20 17 3 10 
7
12 10 4 1 8 6 7 
5
13 2 5 17 1 
20
13 2 15 5 6 11 20 14 8 12 17 18 19 1 9 7 3 4 10 16 
5
13 6 5 1 17 
9
13 9 5 19 16 17 15 6 10 
16
13 19 11 18 17 15 14 2 20 1 6 7 16 9 5 8 
14
14 6 8 12 4 1 16 13 17 3 2 18 11 19 
7
14 7 2 13 11 17 4 
6
14 12 1 15 16 17 
8
14 13 5 19 9 10 3 18 
7
14 13 6 7 16 19 4 
20
14 16 11 20 19 5 18 3 7 12 4 8 9 15 2 17 13 6 1 10 
6
14 20 9 10 18 19 
10
15 4 1 12 18 19 8 13 14 16 
11
15 4 16 13 19 12 7 17 9 6 10 
15
15 10 1 8 11 7 20 14 3 6 9 17 16 4 2 
10
15 10 4 1 19 18 17 20 11 13 
5
15 13 6 14 9 
7
15 13 8 6 10 4 16 
20
15 13 19 20 16 18 14 2 17 9 3 4 1 10 12 6 5 8 11 7 
9
16 1 17 5 2 18 13 4 8 
4
16 6 7 17 
4
16 13 14 9 
20
16 15 6 12 10 7 3 9 1 4 13 17 18 11 8 14 5 2 20 19 
19
16 19 11 7 12 6 9 20 1 5 17 18 13 14 4 3 10 15 2 
10
17 1 20 16 18 2 13 7 9 10 
14
17 3 4 6 7 2 18 20 11 19 1 12 10 16 
11
17 3 18 14 7 9 15 16 19 6 4 
5
17 4 11 7 13 
7
17 11 13 4 12 1 19 
19
17 15 2 4 11 8 9 3 14 13 19 18 16 7 10 6 5 1 12 
18
17 15 5 6 8 1 12 18 3 9 13 4 16 11 7 20 2 14 
9
17 16 9 1 6 10 12 19 8 
9
17 20 14 4 10 12 6 8 5 
13
18 5 8 13 14 9 10 15 1 6 16 7 12 
7
18 5 9 10 13 7 20 
5
18 5 15 6 12 
5
18 8 12 14 5 
8
18 11 4 1 12 14 8 9 
9
18 13 2 7 4 10 1 8 14 
12
18 14 6 16 20 19 5 9 3 4 8 1 
8
18 17 4 2 14 15 6 1 
8
19 8 4 14 15 2 5 13 
8
19 11 17 15 16 7 12 10 
4
19 12 4 8 
6
19 13 9 11 20 14 
18
20 9 7 6 1 4 19 8 18 2 13 11 16 14 3 17 5 15 
