20 160 150
1 7
1 10
1 14
1 3
1 16
1 9
1 12
1 19
1 11
1 15
1 5
1 4
1 18
1 17
1 8
1 2
2 17
2 14
2 11
2 9
2 10
2 19
2 4
2 12
2 15
2 6
2 16
2 7
3 4
3 13
3 9
3 7
3 18
3 11
3 16
3 17
3 5
3 12
3 19
3 15
3 8
3 10
3 14
4 12
4 14
4 17
4 5
4 19
4 13
4 6
4 8
4 7
4 9
4 18
4 16
4 15
4 20
4 11
4 10
5 13
5 19
5 16
5 18
5 6
5 10
5 8
5 11
5 15
5 9
5 12
6 7
6 9
6 17
6 8
6 19
6 10
6 12
6 15
6 11
6 20
6 18
6 14
6 13
6 16
7 17
7 9
7 14
7 11
7 12
7 19
7 13
7 10
7 15
7 18
7 8
8 13
8 19
8 14
8 16
8 12
8 15
8 10
8 9
8 17
8 9
9 11
9 20
9 10
9 17
9 14
9 12
9 16
9 18
9 10
10 19
10 16
10 12
10 11
10 15
10 20
10 17
10 14
10 11
11 13
11 18
11 15
11 19
11 12
11 14
11 12
12 14
12 19
12 18
12 20
12 13
12 13
13 19
13 20
13 15
13 16
13 17
13 14
14 17
14 16
14 20
14 19
14 15
14 15
15 17
15 20
15 18
15 16
16 20
16 17
16 19
16 17
17 18
17 20
17 18
18 19
7
1 3 13 19 6 17 9 
11
1 7 6 11 13 3 18 4 12 5 19 
11
1 8 12 19 10 20 15 13 7 11 9 
8
1 10 11 6 13 19 12 9 
8
1 14 11 15 5 16 17 6 
8
1 14 17 18 11 7 4 8 
5
1 15 6 2 17 
10
1 18 7 15 2 4 9 11 3 19 
9
1 18 17 8 6 9 3 4 11 
10
2 1 4 9 5 16 17 20 14 15 
4
2 6 10 1 
7
2 10 5 3 8 14 16 
4
2 11 10 6 
4
2 14 3 17 
6
2 14 7 19 11 13 
9
2 14 13 11 15 20 12 6 17 
20
2 14 20 16 4 7 9 10 6 11 12 13 5 18 17 1 15 3 8 19 
16
2 16 3 19 5 6 11 12 4 17 9 20 10 14 1 7 
14
2 19 11 15 16 1 17 10 12 14 7 8 4 9 
5
3 1 16 2 7 
5
3 4 5 1 2 
4
3 4 9 16 
6
3 5 1 4 7 9 
6
3 5 15 18 6 17 
7
3 7 1 9 16 14 13 
7
3 7 18 5 13 16 6 
4
3 12 4 8 
6
3 16 15 18 4 13 
9
4 7 6 2 17 18 11 19 13 
6
4 8 5 11 3 9 
12
4 11 6 5 9 3 15 13 17 16 1 18 
7
4 11 12 2 10 16 17 
5
4 13 16 3 19 
16
4 18 12 11 3 1 9 8 13 19 16 17 14 10 7 15 
7
5 8 7 9 12 18 4 
7
5 12 3 4 20 14 16 
7
5 13 17 18 4 1 2 
15
5 13 19 7 2 15 18 11 14 20 17 9 8 6 4 
8
5 13 20 4 3 7 10 9 
6
5 19 13 16 1 14 
11
6 4 8 19 10 5 13 20 14 16 2 
9
6 4 9 14 3 15 20 12 8 
10
6 5 13 8 15 1 4 10 9 11 
5
6 5 18 7 8 
4
6 13 12 20 
5
6 14 19 12 1 
8
6 17 4 5 18 7 10 9 
5
7 2 19 16 17 
10
7 4 11 5 9 10 15 16 20 12 
18
7 8 15 13 14 9 2 6 16 17 10 5 19 4 1 18 12 20 
14
7 10 14 15 13 12 11 6 4 17 8 9 2 1 
7
7 13 20 12 4 16 6 
6
8 1 10 11 6 14 
7
8 5 9 11 10 4 15 
5
8 7 6 13 12 
5
8 13 17 10 19 
14
8 14 11 19 4 7 18 15 2 9 1 16 17 3 
10
8 15 5 18 11 10 20 12 2 16 
7
9 1 3 15 8 12 13 
6
9 7 2 14 3 19 
5
9 8 3 12 5 
12
9 14 15 5 12 7 13 17 3 16 1 18 
10
10 2 12 11 4 19 3 15 17 1 
5
10 3 11 1 15 
11
10 3 17 16 5 1 4 13 7 18 6 
8
10 8 7 18 19 3 12 13 
5
10 11 6 8 7 
8
10 11 18 1 17 8 3 15 
10
10 20 12 6 11 13 3 9 8 5 
11
11 1 5 8 14 12 9 20 16 19 7 
15
11 1 19 2 10 17 18 6 5 16 3 14 12 8 9 
4
11 2 12 1 
6
11 3 18 1 14 19 
6
11 6 8 17 20 9 
8
11 6 10 17 14 2 1 8 
19
11 6 18 1 2 10 7 15 17 9 12 4 5 19 8 13 16 14 3 
4
11 9 10 14 
8
11 13 12 18 17 16 1 4 
5
11 18 1 9 3 
7
11 19 16 4 7 6 9 
4
12 1 5 15 
4
12 4 10 15 
17
12 5 8 9 20 4 1 18 6 19 3 10 2 7 17 15 11 
9
12 6 16 14 10 8 9 17 3 
9
12 8 9 5 10 16 14 19 6 
4
12 8 13 15 
9
12 11 10 14 7 19 13 15 20 
4
12 13 15 4 
4
12 18 4 8 
12
13 3 18 7 17 1 4 19 5 16 8 14 
7
13 6 9 10 15 11 1 
7
13 6 19 5 11 2 12 
6
13 11 12 19 8 10 
5
13 12 4 15 11 
12
13 20 9 16 17 2 12 11 15 14 7 1 
9
13 20 10 4 2 16 17 1 19 
5
14 1 9 2 19 
4
14 6 11 12 
20
14 9 3 19 16 2 10 4 13 20 15 5 11 12 7 18 6 8 1 17 
5
14 10 4 15 11 
4
14 15 4 13 
5
14 15 18 7 12 
11
14 19 2 17 8 5 13 12 7 6 11 
4
15 1 17 8 
10
15 2 1 10 6 18 7 3 8 5 
8
15 2 7 13 5 6 17 18 
6
15 7 6 18 11 9 
6
15 11 6 7 14 9 
13
15 11 6 19 5 4 7 2 10 16 20 17 9 
12
15 14 19 10 3 18 9 16 8 5 1 17 
8
16 2 7 12 8 9 18 3 
5
16 3 7 6 11 
7
16 4 1 17 18 5 3 
12
16 10 3 17 14 6 13 8 12 7 15 20 
6
16 10 17 13 19 2 
16
16 17 2 6 11 5 8 1 7 14 19 4 18 12 13 15 
4
16 19 4 9 
5
17 1 5 4 20 
8
17 2 1 4 7 3 16 8 
6
17 2 19 3 15 1 
7
17 3 19 7 8 1 2 
7
17 13 15 5 8 10 20 
10
17 16 1 14 15 7 11 5 18 19 
15
17 20 16 1 5 11 13 12 10 15 3 7 14 4 8 
7
18 1 10 12 6 8 19 
9
18 1 19 5 3 14 17 13 11 
11
18 3 11 13 8 14 6 12 4 17 10 
9
18 4 20 17 16 3 1 12 19 
6
18 6 8 13 7 15 
6
18 12 19 4 3 10 
20
18 19 5 9 12 13 6 14 15 8 1 17 7 10 16 20 4 2 11 3 
4
18 19 7 9 
5
19 1 18 9 10 
4
19 3 13 14 
11
19 4 6 10 3 5 15 1 18 11 13 
11
19 8 14 10 15 16 20 6 5 18 17 
5
19 10 12 11 7 
7
19 10 16 20 12 13 14 
20
19 14 16 20 13 17 7 9 10 8 6 2 12 5 4 3 11 18 1 15 
8
20 4 11 14 6 10 15 13 
5
20 6 2 12 3 
20
20 10 3 18 17 14 16 13 5 4 11 15 1 9 12 2 7 8 6 19 
13
20 10 9 16 6 4 17 15 3 8 14 11 18 
8
20 10 11 1 3 8 14 12 
7
20 12 1 8 19 3 18 
7
20 12 11 18 3 13 7 
4
20 13 16 4 
20
20 15 8 12 2 6 11 5 13 7 1 10 9 17 14 4 18 3 16 19 
7
20 16 2 7 15 14 3 
13
20 16 4 6 7 19 1 15 5 11 18 17 10 
