30 222 150
1 5
1 7
1 3
1 28
1 27
1 22
1 8
1 18
1 15
1 23
1 6
1 2
1 21
1 4
1 10
2 20
2 29
2 24
2 11
2 28
2 23
2 25
2 9
2 26
2 8
2 4
2 22
3 15
3 6
3 4
3 8
3 21
3 25
3 17
3 24
3 26
3 12
3 29
3 27
3 10
3 18
3 13
3 23
3 20
4 12
4 6
4 21
4 14
4 27
4 19
4 29
4 9
4 10
4 24
4 13
4 7
4 22
4 18
4 23
5 10
5 17
5 29
5 16
5 12
5 28
5 11
5 23
5 25
5 13
5 14
5 6
5 19
5 30
6 18
6 7
6 13
6 15
6 8
6 21
6 11
6 9
6 22
6 30
6 28
6 10
7 11
7 27
7 26
7 30
7 13
7 24
7 16
8 13
8 14
8 17
8 23
8 25
8 22
8 21
8 16
8 24
8 20
8 9
8 10
9 15
9 29
9 10
9 24
9 23
9 16
9 17
9 27
9 13
9 30
9 14
9 28
9 22
10 16
10 19
10 13
10 14
10 17
10 23
10 11
10 30
10 18
10 22
11 15
11 27
11 28
11 19
11 23
11 14
11 16
11 25
11 18
12 21
12 24
12 26
12 20
12 19
12 13
12 29
13 24
13 29
13 15
13 28
13 26
13 21
13 23
13 16
13 30
13 20
14 18
14 20
14 26
14 22
14 17
14 29
14 28
14 16
14 19
14 23
14 15
15 19
15 29
15 27
15 24
15 21
15 30
15 28
15 20
16 19
16 28
16 29
16 24
16 26
16 23
17 19
17 22
17 26
17 18
17 28
17 21
17 20
18 25
18 23
18 19
18 27
18 29
18 28
19 28
19 30
19 25
20 30
20 22
20 24
21 28
21 25
22 25
22 26
22 23
23 27
23 30
23 24
24 25
24 26
24 30
24 25
25 29
25 26
25 30
25 27
25 26
26 30
26 27
26 27
27 28
27 30
27 28
28 29
29 30
5
1 2 24 8 20 
4
1 2 29 14 
12
1 3 13 15 29 25 11 23 8 24 2 26 
11
1 4 29 13 5 23 11 16 26 14 22 
4
1 5 16 24 
7
1 6 15 21 17 26 14 
8
1 8 22 23 11 10 13 26 
5
1 10 14 5 16 
4
1 10 30 5 
6
1 15 29 13 6 22 
5
1 21 17 18 10 
19
1 23 2 29 28 6 22 17 10 3 15 9 27 26 25 19 11 7 4 
4
1 28 21 3 
8
1 28 27 26 16 19 12 24 
7
2 20 12 5 10 9 4 
4
2 26 25 30 
4
3 1 4 22 
5
3 4 6 21 8 
5
3 4 29 12 26 
6
3 12 19 30 24 15 
6
3 13 23 14 10 18 
6
3 20 14 16 8 23 
20
3 20 14 17 8 21 12 5 16 26 30 10 4 22 25 24 2 28 18 27 
5
3 20 24 23 30 
7
3 21 17 5 29 25 18 
8
3 23 5 14 15 28 6 10 
6
3 23 9 17 8 10 
7
3 26 27 30 13 8 20 
21
4 12 3 29 18 23 5 14 19 28 9 10 30 6 13 26 16 8 2 1 15 
5
4 12 26 27 23 
21
4 21 8 20 15 6 7 16 26 25 11 14 28 9 29 13 3 24 12 5 19 
8
4 29 2 24 3 15 13 9 
10
5 1 4 14 15 29 3 21 12 19 
9
5 1 15 9 8 6 30 19 17 
4
5 1 28 13 
4
6 5 13 7 
6
7 6 13 3 10 4 
10
7 11 14 15 1 10 18 17 19 28 
8
7 16 13 15 29 14 18 4 
10
7 16 19 25 26 27 28 17 14 10 
4
7 30 19 18 
11
8 1 2 28 5 14 26 16 19 25 21 
4
8 9 23 3 
17
8 9 27 4 2 23 16 13 29 5 28 14 15 6 11 18 1 
5
8 14 20 3 18 
5
9 4 21 12 20 
5
9 6 28 18 17 
8
9 24 23 16 8 10 30 25 
4
10 6 8 13 
5
10 9 2 26 16 
4
10 18 3 27 
5
10 19 12 24 25 
7
11 7 13 6 22 23 8 
17
11 7 30 29 2 4 3 15 9 27 28 1 6 13 5 17 8 
4
11 10 6 22 
4
11 15 24 7 
4
11 23 9 14 
4
12 5 25 8 
4
12 13 8 10 
5
12 20 2 8 1 
4
13 4 9 15 
16
13 6 8 9 10 22 25 18 17 19 28 14 23 30 24 20 
5
13 10 14 11 5 
13
13 10 17 9 28 1 8 20 24 23 27 18 14 
10
13 24 2 4 7 1 10 3 18 17 
6
14 8 23 13 28 18 
6
14 9 8 20 30 25 
5
14 10 9 17 21 
10
14 18 4 6 7 24 30 15 9 10 
6
14 26 2 24 25 29 
6
14 29 5 23 3 24 
6
15 11 16 23 10 18 
9
15 13 9 10 14 20 8 21 3 
8
15 13 30 6 11 2 20 3 
4
15 14 20 30 
4
15 27 3 24 
4
15 29 5 19 
15
16 23 13 4 14 11 25 8 17 28 5 12 26 24 2 
4
17 5 29 12 
4
17 8 23 18 
4
17 19 28 18 
18
17 21 13 28 6 4 7 26 2 29 30 25 19 14 23 5 12 20 
5
17 22 8 3 18 
6
17 22 23 10 13 29 
5
17 26 13 9 4 
4
17 26 27 7 
4
17 28 1 7 
22
17 28 16 9 15 21 12 26 22 1 27 25 19 14 5 10 6 30 13 8 2 24 
6
18 1 7 11 15 9 
7
18 4 27 23 1 7 16 
7
18 14 23 24 15 19 16 
7
18 17 20 24 3 26 22 
10
18 28 6 13 4 23 1 5 11 7 
13
19 10 3 6 18 28 15 9 13 24 16 8 20 
4
19 12 26 27 
9
19 14 10 3 6 28 9 30 5 
9
20 2 22 10 17 8 25 27 15 
16
20 3 18 4 24 30 29 13 10 23 16 11 6 28 21 1 
5
20 3 18 23 13 
4
20 12 26 16 
6
20 14 17 28 2 25 
4
21 1 8 10 
8
21 3 24 12 4 2 28 18 
4
21 4 24 9 
8
21 12 13 16 19 17 3 20 
16
21 13 7 6 18 23 3 8 24 25 11 14 28 27 4 29 
12
21 15 1 18 4 12 24 20 3 27 28 19 
4
21 25 11 7 
6
21 28 5 25 29 9 
4
22 1 8 20 
9
22 1 27 11 28 2 8 6 18 
5
22 2 11 16 19 
6
22 20 24 16 11 14 
9
22 25 21 28 18 6 4 23 5 
10
23 2 1 27 4 9 22 10 19 18 
6
23 11 5 10 18 1 
15
24 9 2 25 27 30 13 20 15 6 8 22 14 10 1 
8
24 16 5 11 25 19 18 3 
11
24 20 22 10 16 5 23 3 8 21 12 
8
25 2 1 15 24 9 23 4 
5
25 3 12 26 27 
10
25 5 12 13 16 9 6 4 3 29 
6
25 18 3 4 10 6 
5
25 21 28 13 8 
12
25 22 9 28 2 26 27 30 15 21 6 7 
5
25 26 13 15 20 
5
26 3 8 21 1 
11
26 17 18 14 8 13 24 15 19 11 7 
4
26 27 28 19 
11
26 27 30 6 18 29 4 1 2 28 14 
8
26 30 27 28 19 15 3 21 
9
27 3 13 7 6 11 14 29 15 
14
28 1 6 8 22 10 16 24 20 17 5 25 27 30 
14
28 11 14 16 23 30 24 7 13 29 9 22 10 3 
6
28 11 19 14 22 17 
5
28 15 19 10 5 
12
28 15 21 4 6 13 30 23 22 25 26 27 
4
28 16 23 13 
10
28 18 29 16 26 27 3 17 9 10 
9
28 29 18 11 16 14 19 4 7 
15
29 2 1 8 6 13 24 3 17 22 10 30 5 12 19 
4
29 2 23 18 
6
29 4 14 5 12 21 
6
29 5 12 13 21 17 
11
29 13 30 27 1 3 23 9 6 8 22 
5
29 14 10 17 21 
5
29 28 9 16 11 
7
30 6 18 17 20 2 22 
7
30 15 11 14 17 8 24 
6
30 20 12 24 8 14 
