20 160 100
1 7
1 10
1 14
1 3
1 16
1 9
1 12
1 19
1 11
1 15
1 5
1 4
1 18
1 17
1 8
1 2
2 17
2 14
2 11
2 9
2 10
2 19
2 4
2 12
2 15
2 6
2 16
2 7
3 4
3 13
3 9
3 7
3 18
3 11
3 16
3 17
3 5
3 12
3 19
3 15
3 8
3 10
3 14
4 12
4 14
4 17
4 5
4 19
4 13
4 6
4 8
4 7
4 9
4 18
4 16
4 15
4 20
4 11
4 10
5 13
5 19
5 16
5 18
5 6
5 10
5 8
5 11
5 15
5 9
5 12
6 7
6 9
6 17
6 8
6 19
6 10
6 12
6 15
6 11
6 20
6 18
6 14
6 13
6 16
7 17
7 9
7 14
7 11
7 12
7 19
7 13
7 10
7 15
7 18
7 8
8 13
8 19
8 14
8 16
8 12
8 15
8 10
8 9
8 17
8 9
9 11
9 20
9 10
9 17
9 14
9 12
9 16
9 18
9 10
10 19
10 16
10 12
10 11
10 15
10 20
10 17
10 14
10 11
11 13
11 18
11 15
11 19
11 12
11 14
11 12
12 14
12 19
12 18
12 20
12 13
12 13
13 19
13 20
13 15
13 16
13 17
13 14
14 17
14 16
14 20
14 19
14 15
14 15
15 17
15 20
15 18
15 16
16 20
16 17
16 19
16 17
17 18
17 20
17 18
18 19
6
1 15 2 9 16 14 
20
1 17 8 9 2 16 4 7 13 12 6 10 11 15 18 19 5 3 14 20 
8
1 17 16 15 8 9 11 14 
20
2 1 18 17 10 9 11 3 12 14 16 4 15 5 19 13 8 7 6 20 
14
2 6 18 12 1 15 7 9 8 13 11 14 4 10 
5
2 7 3 19 11 
20
2 11 18 9 1 19 10 16 3 12 13 4 15 20 14 17 8 7 6 5 
4
2 14 15 10 
20
2 15 3 8 19 16 4 5 9 10 6 7 18 12 13 11 1 17 14 20 
9
2 15 10 12 9 17 18 11 5 
4
2 16 13 19 
12
3 1 2 10 5 4 15 11 18 17 14 16 
10
3 1 7 15 5 6 16 13 11 2 
20
3 7 18 12 1 11 9 4 13 14 15 17 20 10 19 16 5 8 6 2 
7
3 8 16 13 4 15 20 
14
3 11 14 7 2 9 10 19 13 4 6 16 8 12 
11
3 12 13 14 4 17 16 6 11 15 18 
8
3 13 17 15 14 20 9 4 
5
3 14 2 17 20 
5
3 18 5 12 2 
9
4 5 11 2 1 3 19 14 13 
4
4 11 13 5 
11
4 15 18 9 10 11 2 7 19 13 5 
4
4 19 3 12 
11
5 1 15 2 19 7 3 8 16 20 13 
20
5 1 15 7 12 11 6 9 8 3 18 17 4 20 16 14 2 10 19 13 
9
5 6 2 16 1 19 4 13 17 
11
5 8 1 7 6 9 10 3 13 17 16 
4
5 10 11 15 
5
5 10 15 17 20 
10
5 19 6 7 11 13 12 20 4 3 
4
6 7 19 3 
9
6 16 17 9 10 7 1 11 12 
17
6 17 16 5 12 3 13 15 8 1 4 11 14 7 10 9 18 
20
6 20 14 17 16 8 1 12 7 15 2 9 10 11 13 5 19 18 4 3 
4
6 20 15 5 
20
7 2 6 17 10 11 5 18 1 12 13 14 20 9 3 16 8 19 4 15 
5
7 2 16 5 13 
7
7 6 4 13 16 8 3 
4
7 8 15 16 
6
7 12 19 10 14 1 
4
7 15 1 18 
13
8 1 14 15 20 12 2 9 6 19 3 17 7 
4
8 12 3 11 
16
8 13 16 2 10 12 18 6 4 7 17 1 19 3 14 15 
6
8 15 5 12 10 9 
18
9 1 10 19 7 13 11 18 5 16 20 12 2 4 15 8 17 3 
6
9 4 12 6 15 8 
9
9 5 11 12 1 19 10 14 16 
13
9 7 11 1 18 4 19 14 8 3 10 6 20 
8
9 8 10 11 15 2 6 4 
8
9 14 3 5 12 19 2 17 
4
9 16 14 10 
5
10 2 1 3 9 
11
10 2 9 4 15 11 1 7 14 17 18 
5
10 11 18 17 20 
9
11 4 8 5 13 16 10 15 1 
4
11 4 16 10 
13
11 5 4 19 12 6 16 1 17 15 3 14 7 
11
11 10 15 2 6 13 17 14 4 1 16 
7
11 12 13 16 3 14 2 
8
11 18 6 5 15 20 12 14 
6
11 18 17 10 15 13 
4
11 19 10 8 
20
12 6 2 19 13 20 16 5 9 11 10 7 3 17 18 15 14 8 1 4 
20
12 7 14 13 11 3 9 6 2 4 5 10 19 1 18 17 8 16 15 20 
5
12 11 13 6 15 
6
12 14 7 8 9 10 
7
13 7 12 2 9 10 4 
8
13 12 7 8 9 16 1 15 
5
13 19 3 10 1 
15
14 2 6 17 8 12 13 5 11 3 16 10 7 4 19 
7
14 4 5 18 17 1 11 
13
14 19 4 11 13 6 9 18 15 8 16 17 3 
7
15 1 9 10 12 7 18 
4
15 4 6 17 
7
15 14 11 19 5 9 8 
12
15 17 9 8 4 2 7 10 16 1 14 3 
6
15 18 17 10 14 3 
4
15 20 4 13 
20
16 1 11 12 8 19 18 9 10 17 20 13 5 15 3 4 7 2 14 6 
17
16 9 5 10 11 2 7 14 15 20 12 19 18 3 8 13 4 
17
16 17 14 2 6 15 8 1 9 5 3 11 4 20 12 18 7 
9
16 19 7 9 18 1 8 5 12 
13
17 1 8 15 6 18 11 10 7 12 5 3 9 
8
17 6 2 16 3 7 15 13 
11
17 8 5 11 3 10 1 4 13 7 2 
19
18 1 15 2 14 10 6 12 19 16 17 4 7 3 9 11 5 13 8 
20
18 11 5 15 3 4 14 1 10 12 8 9 20 16 17 2 7 6 19 13 
20
18 17 2 16 10 6 8 15 4 9 3 14 20 12 7 13 19 5 1 11 
14
19 6 13 4 15 14 17 3 1 2 11 9 8 16 
20
19 8 3 5 4 6 18 11 15 7 9 14 10 2 16 17 20 13 12 1 
19
20 4 16 8 14 10 15 13 6 17 2 11 9 12 18 1 19 3 7 
20
20 9 1 5 19 14 4 8 10 3 11 7 2 15 6 16 17 18 12 13 
17
20 9 2 7 18 19 3 16 10 14 4 1 8 5 13 11 6 
15
20 9 2 10 12 8 7 14 4 6 18 17 15 16 19 
9
20 10 1 2 17 3 14 9 18 
20
20 13 6 5 8 7 19 3 16 9 10 11 12 18 4 15 14 17 1 2 
20
20 13 6 18 4 8 9 10 17 2 12 7 15 14 1 11 5 16 19 3 
13
20 15 7 8 17 4 2 12 9 18 11 19 5 
