30 222 100
1 5
1 7
1 3
1 28
1 27
1 22
1 8
1 18
1 15
1 23
1 6
1 2
1 21
1 4
1 10
2 20
2 29
2 24
2 11
2 28
2 23
2 25
2 9
2 26
2 8
2 4
2 22
3 15
3 6
3 4
3 8
3 21
3 25
3 17
3 24
3 26
3 12
3 29
3 27
3 10
3 18
3 13
3 23
3 20
4 12
4 6
4 21
4 14
4 27
4 19
4 29
4 9
4 10
4 24
4 13
4 7
4 22
4 18
4 23
5 10
5 17
5 29
5 16
5 12
5 28
5 11
5 23
5 25
5 13
5 14
5 6
5 19
5 30
6 18
6 7
6 13
6 15
6 8
6 21
6 11
6 9
6 22
6 30
6 28
6 10
7 11
7 27
7 26
7 30
7 13
7 24
7 16
8 13
8 14
8 17
8 23
8 25
8 22
8 21
8 16
8 24
8 20
8 9
8 10
9 15
9 29
9 10
9 24
9 23
9 16
9 17
9 27
9 13
9 30
9 14
9 28
9 22
10 16
10 19
10 13
10 14
10 17
10 23
10 11
10 30
10 18
10 22
11 15
11 27
11 28
11 19
11 23
11 14
11 16
11 25
11 18
12 21
12 24
12 26
12 20
12 19
12 13
12 29
13 24
13 29
13 15
13 28
13 26
13 21
13 23
13 16
13 30
13 20
14 18
14 20
14 26
14 22
14 17
14 29
14 28
14 16
14 19
14 23
14 15
15 19
15 29
15 27
15 24
15 21
15 30
15 28
15 20
16 19
16 28
16 29
16 24
16 26
16 23
17 19
17 22
17 26
17 18
17 28
17 21
17 20
18 25
18 23
18 19
18 27
18 29
18 28
19 28
19 30
19 25
20 30
20 22
20 24
21 28
21 25
22 25
22 26
22 23
23 27
23 30
23 24
24 25
24 26
24 30
24 25
25 29
25 26
25 30
25 27
25 26
26 30
26 27
26 27
27 28
27 30
27 28
28 29
29 30
6
1 2 8 13 28 17 
10
1 3 18 19 5 12 24 23 27 30 
15
1 5 12 13 6 8 21 25 18 14 28 27 11 2 22 
7
1 10 6 3 15 28 29 
12
1 10 16 11 18 23 9 27 26 24 4 12 
16
1 23 9 8 22 14 19 30 25 26 13 6 4 7 16 28 
4
2 9 24 4 
6
2 29 5 19 17 18 
10
2 29 13 23 18 6 1 4 24 20 
8
3 1 4 23 18 19 30 15 
10
3 15 24 16 14 5 25 26 17 28 
4
4 7 16 29 
5
4 9 28 6 11 
6
4 10 23 3 6 9 
11
4 18 10 3 13 23 14 28 19 30 27 
7
4 18 19 30 9 13 7 
5
4 22 9 10 11 
12
4 29 3 18 14 23 11 5 1 22 8 17 
6
5 1 27 3 29 30 
6
5 12 24 25 8 17 
4
5 13 26 25 
5
5 19 10 14 29 
10
5 23 3 24 4 10 17 18 19 12 
9
5 25 8 3 4 18 19 30 29 
7
6 1 23 4 7 13 28 
15
6 10 3 23 27 11 5 17 14 26 24 20 22 9 30 
18
6 15 21 28 1 5 16 11 19 25 24 20 13 29 14 9 22 2 
4
6 18 27 23 
4
6 18 27 25 
8
6 21 17 10 18 19 25 11 
10
7 1 10 14 17 20 12 21 4 22 
23
7 4 6 13 12 5 19 11 14 22 20 8 1 28 29 25 21 17 9 23 2 26 27 
5
7 6 3 4 9 
8
7 6 9 10 23 27 4 29 
4
7 13 26 25 
10
7 24 13 28 16 10 11 6 30 19 
9
7 30 9 17 28 5 13 26 12 
4
8 16 26 27 
16
8 16 28 21 15 24 23 10 9 13 4 12 19 5 6 11 
5
8 17 10 18 6 
7
8 25 5 13 21 15 11 
9
9 4 10 23 18 25 27 28 13 
11
9 28 13 12 24 16 8 3 4 21 1 
6
10 4 1 5 28 16 
12
10 8 16 28 29 25 19 14 26 24 23 27 
9
10 14 15 9 23 5 29 4 18 
6
10 14 26 27 23 3 
4
10 23 27 18 
17
11 15 14 8 20 13 10 9 23 27 18 4 22 1 3 26 30 
12
12 4 7 27 15 9 22 23 1 5 11 28 
9
12 19 4 6 1 21 17 26 3 
11
12 20 17 26 25 8 22 10 30 29 13 
26
12 26 2 29 25 22 20 24 4 3 17 18 23 14 16 13 9 27 28 11 15 19 10 6 7 1 
16
12 26 27 3 8 10 14 28 29 18 25 24 2 1 7 4 
22
12 29 14 28 15 9 2 20 3 23 13 4 27 1 22 8 6 30 7 11 18 19 
4
13 5 10 19 
10
13 30 5 12 3 24 23 1 2 4 
16
14 19 17 3 23 4 21 13 7 1 15 6 10 18 25 8 
22
14 19 28 17 18 3 21 6 11 23 5 1 8 16 26 2 20 30 9 13 15 27 
6
14 28 5 23 10 19 
15
14 29 28 16 19 4 18 25 3 13 23 22 8 9 2 
8
15 14 19 11 28 9 6 13 
28
15 21 28 11 18 27 26 14 17 3 23 16 19 4 1 6 30 24 7 13 5 25 8 20 2 9 29 12 
8
15 29 30 24 9 8 20 14 
4
16 14 28 11 
5
16 24 20 14 5 
5
17 5 10 14 20 
19
17 28 21 13 23 9 16 24 15 14 8 10 5 6 4 22 1 3 26 
9
17 28 29 12 21 6 8 9 27 
4
18 27 9 8 
5
19 14 20 22 25 
30
20 15 6 5 28 18 17 3 21 12 19 11 14 29 30 26 13 8 2 1 27 4 10 9 22 25 24 7 16 23 
18
21 3 10 30 15 6 7 4 29 9 22 26 2 20 24 23 18 1 
25
21 12 3 26 30 19 25 24 20 13 7 16 29 4 22 17 28 15 14 9 6 1 18 10 5 
8
21 12 13 9 27 26 3 24 
6
21 12 24 26 2 22 
21
21 12 29 25 2 26 16 10 6 3 8 13 4 23 14 15 1 5 19 11 7 
5
21 13 24 7 11 
15
22 6 7 24 30 23 3 15 27 28 19 16 8 20 12 
30
22 17 26 27 9 24 23 30 25 19 10 3 13 7 4 2 1 5 28 11 16 14 18 6 15 29 12 21 8 20 
6
23 3 8 2 26 27 
16
23 3 10 22 14 16 13 4 19 12 26 30 5 17 18 11 
8
23 8 9 13 5 29 28 17 
6
23 14 9 22 25 24 
15
24 20 13 23 30 9 17 26 3 21 4 12 29 2 28 
4
25 2 24 13 
17
25 11 10 4 1 28 6 22 26 7 16 19 12 21 13 9 17 
14
25 11 10 6 21 3 23 5 19 15 27 7 13 4 
9
26 3 24 9 28 2 1 7 6 
8
26 17 28 13 30 27 4 22 
9
26 25 5 28 18 17 8 3 1 
16
26 27 30 7 11 14 15 19 17 5 6 9 16 28 2 29 
17
27 3 6 9 8 10 19 25 22 1 2 11 15 30 13 24 12 
5
27 26 7 11 19 
26
27 26 22 23 3 6 4 18 17 8 16 9 15 29 25 5 1 2 24 30 20 13 10 14 19 12 
11
27 28 5 10 23 16 29 12 3 4 9 
13
29 12 5 14 9 15 13 26 16 23 30 10 17 
26
29 13 28 27 11 14 16 9 2 1 10 4 22 23 5 25 26 17 19 30 20 15 24 8 6 21 
7
30 7 11 19 4 13 12 
4
30 24 4 7 
