20 130 150
1 15
1 19
1 5
1 6
1 16
1 20
1 8
1 12
1 17
1 9
1 10
1 4
2 3
2 5
2 15
2 18
2 4
2 20
2 17
2 13
2 7
2 9
2 14
3 17
3 20
3 10
3 7
3 9
3 18
3 6
3 4
3 14
4 6
4 13
4 8
4 14
4 19
4 11
4 10
4 16
4 17
4 7
4 12
4 15
5 6
5 8
5 13
5 18
5 15
5 9
5 19
5 14
5 17
6 11
6 10
6 12
6 14
6 19
6 15
6 13
6 7
6 9
6 16
6 8
7 16
7 9
7 10
7 12
7 20
7 13
7 17
7 11
7 14
8 12
8 9
8 19
8 18
8 11
8 14
8 13
9 14
9 10
9 17
9 19
9 11
9 13
9 20
9 15
9 16
10 13
10 18
10 15
10 16
10 12
11 16
11 18
11 13
11 20
11 17
11 19
12 18
12 19
12 17
12 14
13 17
13 19
13 15
13 18
13 16
13 14
14 20
14 18
14 15
14 16
14 15
15 18
15 17
15 16
16 19
16 17
16 18
16 20
16 17
17 18
17 20
17 18
18 20
18 19
18 19
19 20
4
1 5 18 15 
10
1 8 4 14 5 17 13 16 19 18 
10
1 10 13 5 18 12 14 6 9 16 
5
1 12 7 16 11 
20
1 16 20 17 15 18 2 5 19 6 12 14 4 3 10 9 8 11 7 13 
5
1 20 11 6 8 
20
2 3 7 4 1 17 18 5 13 6 19 12 14 8 9 11 20 16 10 15 
6
2 3 18 11 16 10 
20
2 5 6 19 16 20 18 17 12 10 3 4 11 7 14 9 13 15 1 8 
5
2 7 13 14 15 
6
2 7 14 6 9 16 
4
2 9 7 4 
5
2 9 7 20 16 
8
2 15 18 13 10 4 7 14 
7
2 17 1 9 10 16 18 
6
2 17 4 6 9 15 
11
2 18 10 16 15 4 6 14 8 1 5 
20
2 20 11 19 9 6 16 13 18 12 17 3 7 14 15 5 8 4 10 1 
4
3 4 19 20 
16
3 7 10 9 5 19 1 17 4 13 18 8 6 12 14 15 
20
3 10 4 15 5 6 7 2 13 18 11 9 1 8 12 17 16 14 20 19 
5
3 18 12 19 8 
5
3 18 15 4 10 
13
3 20 9 19 5 2 7 16 13 15 18 8 14 
11
3 20 14 13 16 4 6 8 18 12 19 
6
4 3 18 19 13 10 
5
4 6 1 10 12 
6
4 6 15 17 13 10 
5
4 7 14 18 12 
12
4 11 7 17 18 10 3 6 19 5 9 8 
10
4 11 16 6 7 10 18 5 2 9 
4
4 12 6 8 
4
4 15 16 20 
8
4 16 6 15 18 13 5 19 
9
5 1 8 18 15 17 20 2 4 
11
5 2 20 11 17 3 10 6 13 8 4 
7
5 6 7 11 13 19 20 
7
5 9 1 12 17 16 4 
13
5 9 7 11 19 16 20 14 3 2 17 15 18 
7
5 9 13 6 8 14 4 
9
5 15 13 9 20 19 4 12 18 
7
5 15 14 2 17 1 12 
4
5 15 16 20 
4
5 17 2 9 
4
5 19 13 18 
15
6 7 12 10 3 14 18 8 13 17 4 2 5 15 16 
5
6 7 17 18 8 
6
6 8 11 9 17 1 
20
6 10 3 18 2 13 19 4 16 7 14 5 9 20 17 15 1 12 8 11 
6
7 2 4 13 10 18 
11
7 2 18 16 15 4 3 17 5 19 11 
11
7 3 6 10 18 19 20 14 5 13 17 
5
7 6 14 16 20 
9
7 6 19 16 17 3 2 4 15 
4
7 9 14 15 
4
7 9 15 17 
5
7 12 18 17 2 
9
7 13 11 17 18 19 6 10 3 
5
7 13 18 19 12 
9
7 14 15 16 17 18 19 20 9 
5
7 17 1 20 16 
5
7 17 16 18 12 
14
8 5 13 4 15 2 9 1 6 7 14 20 17 3 
12
8 5 14 16 15 9 19 11 4 6 1 17 
15
8 6 1 10 12 4 17 11 16 18 20 14 9 13 2 
20
8 6 3 14 20 16 17 11 19 13 15 18 5 9 2 7 10 12 1 4 
7
8 11 7 4 16 19 6 
4
8 14 13 11 
5
9 1 17 13 15 
14
9 1 19 20 3 4 7 14 2 18 10 6 11 17 
4
9 2 13 7 
5
9 2 15 17 16 
4
9 3 20 7 
6
9 8 6 13 17 12 
5
9 14 15 17 18 
5
9 16 4 2 18 
4
9 17 4 11 
6
9 17 13 10 18 12 
7
9 17 13 11 19 20 1 
4
10 1 16 19 
6
10 4 6 8 12 19 
11
10 13 18 15 17 2 14 4 11 16 20 
5
10 16 1 9 13 
4
10 18 3 9 
5
11 7 3 4 8 
5
11 7 6 8 19 
7
11 8 12 14 20 19 16 
7
11 9 3 4 10 18 8 
4
11 13 4 3 
6
11 17 2 15 18 20 
5
11 17 16 4 8 
4
11 18 10 12 
5
11 18 10 13 8 
8
11 19 1 4 6 10 18 12 
16
11 19 16 17 12 18 13 4 10 3 20 14 8 5 6 7 
6
12 1 8 6 19 5 
4
12 4 6 1 
9
12 7 14 3 6 15 2 17 1 
20
12 10 4 13 19 1 5 9 15 2 17 18 16 7 6 14 8 11 20 3 
13
12 19 9 17 3 6 16 7 20 1 15 2 14 
4
12 19 11 6 
5
13 2 15 9 16 
16
13 6 15 10 3 14 5 8 18 2 20 16 9 17 7 11 
5
13 8 9 1 12 
4
13 8 11 6 
11
13 18 15 16 17 4 6 19 20 9 8 
8
14 5 15 16 13 6 10 1 
7
14 7 4 17 18 20 2 
4
14 7 17 16 
13
14 8 5 15 1 6 19 18 2 3 10 12 7 
5
14 8 9 15 18 
9
14 18 12 1 19 6 8 5 15 
4
14 20 17 7 
4
15 4 13 18 
8
15 5 14 7 12 1 20 2 
4
15 5 17 3 
4
15 10 3 14 
4
15 18 19 4 
10
16 1 10 12 17 5 13 15 14 18 
9
16 1 17 2 13 11 9 20 7 
4
16 4 8 13 
6
16 7 9 2 18 8 
6
16 14 2 4 3 20 
6
16 17 9 13 2 5 
6
16 18 13 10 7 20 
7
16 20 2 17 11 19 18 
12
16 20 9 3 6 15 14 2 5 17 12 8 
4
17 3 4 12 
4
17 3 7 12 
6
17 5 15 1 12 18 
20
17 20 2 9 19 12 7 3 6 16 13 8 11 18 10 4 14 15 1 5 
4
18 2 9 8 
7
18 8 1 6 13 4 14 
9
18 12 8 11 6 7 9 17 1 
10
18 20 1 9 7 2 5 15 13 4 
6
19 6 8 9 14 15 
4
19 8 4 15 
5
19 8 9 17 1 
9
19 8 13 15 1 6 7 11 20 
6
19 9 15 18 17 20 
4
20 2 3 10 
4
20 3 17 16 
6
20 7 11 6 10 12 
5
20 9 16 13 15 
8
20 11 18 13 16 19 1 10 
20
20 14 7 3 9 2 5 19 11 17 13 8 1 10 15 6 16 18 12 4 
9
20 14 8 18 19 5 15 17 12 
6
20 14 15 9 8 11 
19
20 19 1 12 6 13 4 17 7 3 10 18 5 14 8 11 16 15 9 
19
20 19 18 15 9 3 10 7 4 11 6 16 1 17 13 8 5 14 12 
