20 90 10
1 11
1 9
1 6
1 19
1 20
1 15
1 18
1 13
1 8
2 13
2 18
2 5
2 4
2 3
2 17
3 5
3 20
3 9
3 17
3 18
3 11
3 7
3 12
3 14
4 15
4 14
4 5
4 7
4 6
4 11
5 10
5 17
5 6
5 15
5 20
5 11
5 18
6 12
6 17
6 18
6 16
6 15
7 19
7 11
7 18
7 10
7 14
7 13
8 18
8 15
8 9
8 11
8 19
8 12
9 14
9 16
9 12
9 18
9 15
9 20
10 12
10 16
10 17
10 14
11 13
11 20
11 18
12 17
12 15
12 19
12 14
12 18
13 17
13 18
13 15
13 14
13 16
14 16
14 17
14 15
14 16
15 19
15 17
16 20
16 19
16 17
16 18
17 18
17 19
18 20
13
2 13 1 19 16 6 17 5 20 11 4 15 14 
10
4 15 13 18 6 17 16 14 10 7 
17
5 3 17 12 6 15 1 18 20 11 13 16 14 10 7 4 2 
14
7 3 20 1 6 15 14 16 13 18 11 4 5 2 
7
8 12 3 9 18 2 17 
12
10 5 20 9 15 14 4 7 3 17 13 16 
11
15 1 19 16 18 5 6 4 11 7 3 
11
17 16 13 11 7 18 20 3 9 14 10 
20
19 7 3 20 9 14 17 18 16 10 12 15 8 1 13 11 4 6 5 2 
15
19 8 12 15 13 16 18 2 17 14 9 20 5 10 7 
