20 90 150
1 11
1 9
1 6
1 19
1 20
1 15
1 18
1 13
1 8
2 13
2 18
2 5
2 4
2 3
2 17
3 5
3 20
3 9
3 17
3 18
3 11
3 7
3 12
3 14
4 15
4 14
4 5
4 7
4 6
4 11
5 10
5 17
5 6
5 15
5 20
5 11
5 18
6 12
6 17
6 18
6 16
6 15
7 19
7 11
7 18
7 10
7 14
7 13
8 18
8 15
8 9
8 11
8 19
8 12
9 14
9 16
9 12
9 18
9 15
9 20
10 12
10 16
10 17
10 14
11 13
11 20
11 18
12 17
12 15
12 19
12 14
12 18
13 17
13 18
13 15
13 14
13 16
14 16
14 17
14 15
14 16
15 19
15 17
16 20
16 19
16 17
16 18
17 18
17 19
18 20
7
1 6 5 10 16 14 17 
9
1 6 5 18 7 11 13 14 3 
5
1 8 12 17 3 
7
1 9 3 14 16 17 13 
7
1 9 12 3 20 18 2 
5
1 11 3 17 19 
6
1 11 18 7 19 12 
10
1 13 11 8 18 17 3 9 15 5 
4
1 13 18 6 
20
1 15 8 11 5 2 13 16 10 12 3 18 20 9 14 4 6 17 19 7 
8
1 18 7 14 16 13 2 17 
4
1 18 13 7 
4
1 19 12 10 
7
1 20 16 9 14 15 17 
9
1 20 18 3 14 17 5 2 4 
6
2 3 18 13 15 9 
12
2 3 18 20 5 10 14 7 11 4 6 12 
12
2 4 5 11 13 16 18 7 19 12 14 9 
4
2 13 16 14 
5
2 17 12 15 5 
9
2 17 18 5 15 4 11 3 20 
4
3 5 15 13 
6
3 9 15 5 2 4 
13
3 12 10 17 14 13 15 4 5 11 18 16 20 
6
3 12 19 8 9 14 
10
3 14 16 19 12 8 9 15 6 1 
5
3 14 17 15 5 
5
4 2 13 14 9 
7
4 2 17 14 12 15 9 
4
4 2 18 9 
4
4 6 1 9 
7
4 6 15 19 1 18 5 
5
4 6 18 17 16 
4
4 7 13 14 
4
4 7 18 13 
15
4 11 3 9 15 1 6 17 12 10 14 16 13 18 8 
6
4 11 7 14 13 2 
5
4 14 12 15 1 
8
5 2 3 7 13 17 10 14 
16
5 2 3 14 4 7 13 17 12 9 20 1 15 19 16 10 
9
5 2 4 6 1 13 16 20 9 
4
5 2 17 10 
9
5 3 7 10 16 18 20 11 1 
4
5 3 11 7 
5
5 3 18 6 1 
9
5 6 4 14 9 8 18 16 13 
4
5 6 17 3 
10
5 10 12 18 16 17 6 15 9 14 
7
5 10 14 4 6 1 9 
12
5 10 17 2 18 11 13 7 3 12 19 8 
8
5 10 17 3 11 7 14 9 
10
5 11 4 2 3 17 13 15 14 12 
5
5 15 9 3 18 
4
5 17 18 8 
4
5 18 16 20 
10
6 1 13 16 20 18 3 2 17 14 
6
6 4 14 10 5 15 
5
6 4 14 13 11 
4
6 15 12 17 
4
6 18 11 20 
5
6 18 17 10 7 
4
7 4 5 2 
4
7 10 12 8 
8
7 10 14 16 18 3 12 17 
4
7 10 17 18 
19
7 11 18 2 13 1 8 9 20 3 5 10 17 19 15 6 4 14 12 
9
7 19 8 1 20 18 12 3 14 
9
8 11 5 15 9 16 19 17 6 
4
8 11 13 16 
4
8 12 19 17 
6
8 15 5 10 7 19 
4
8 15 17 12 
10
8 15 19 12 10 7 13 2 5 11 
15
8 18 12 19 1 15 17 2 5 6 16 9 20 3 14 
19
8 19 16 10 14 15 13 2 5 3 17 12 18 6 4 11 1 9 20 
5
8 19 16 13 1 
9
9 1 13 14 16 18 12 17 19 
6
9 14 16 18 17 5 
17
9 16 19 1 15 5 17 13 18 7 11 8 12 10 14 4 2 
5
9 18 16 19 7 
8
9 20 1 15 5 17 14 13 
6
10 5 2 3 14 16 
6
10 5 3 17 13 14 
15
10 5 11 7 4 15 6 12 17 19 16 14 13 18 20 
20
10 5 20 18 13 2 17 16 9 3 11 4 7 14 15 8 1 19 12 6 
5
10 7 3 18 2 
9
10 7 4 2 3 5 18 1 19 
6
10 14 7 11 1 20 
5
10 14 9 8 18 
17
10 14 13 1 11 4 7 19 15 12 3 5 17 16 6 18 9 
7
10 16 18 9 20 3 12 
10
11 1 8 12 3 14 9 18 16 17 
9
11 1 8 19 16 20 3 18 12 
9
11 5 17 2 18 20 3 9 12 
16
11 8 9 16 6 12 18 20 1 19 15 5 4 7 14 10 
10
11 13 14 4 15 8 19 7 18 1 
6
11 18 9 16 17 19 
6
12 8 15 17 2 18 
7
12 14 4 11 7 18 20 
7
12 14 9 3 17 18 8 
4
12 14 13 18 
8
12 18 3 2 5 4 7 19 
19
12 18 5 20 16 13 2 3 17 10 14 9 8 11 7 19 1 6 4 
13
13 2 5 6 16 14 4 15 8 11 18 9 1 
6
13 15 6 5 20 11 
13
13 15 12 9 14 10 5 6 18 11 20 1 8 
4
13 15 17 19 
7
13 16 6 18 7 11 3 
20
13 17 12 14 3 20 18 2 5 10 16 6 1 11 8 9 15 19 7 4 
8
13 18 12 10 14 9 15 4 
5
14 7 19 16 10 
4
14 13 2 3 
5
14 16 20 11 5 
4
14 17 12 9 
4
15 4 5 11 
6
15 5 6 1 13 11 
17
15 9 20 3 12 19 1 11 18 6 16 10 5 17 13 7 4 
13
15 13 1 9 18 6 5 11 8 19 17 16 20 
5
15 17 12 14 9 
12
15 17 16 20 5 6 1 8 11 13 2 4 
5
15 17 18 3 5 
4
16 6 18 12 
4
16 9 18 2 
6
16 10 12 8 18 6 
7
16 13 1 18 7 4 5 
8
16 14 4 6 1 9 8 12 
5
16 14 13 18 11 
4
16 18 11 13 
13
16 18 13 17 10 14 7 3 20 1 11 4 2 
4
16 19 12 9 
20
17 3 9 20 1 18 16 14 7 10 12 19 8 11 5 4 6 15 13 2 
4
17 6 18 20 
4
18 11 5 10 
7
18 12 3 5 11 13 7 
10
18 12 17 5 10 14 16 9 8 15 
14
18 13 1 11 8 12 17 14 9 20 5 4 2 3 
10
18 16 9 3 7 13 2 5 20 1 
9
19 1 11 8 12 9 20 3 7 
4
19 7 3 11 
9
19 7 3 20 18 11 13 2 4 
6
19 7 18 12 6 4 
15
19 12 8 9 18 6 15 14 13 2 17 3 11 7 4 
7
19 16 17 12 18 7 14 
4
20 1 8 18 
16
20 3 11 8 18 2 5 15 1 13 16 10 7 19 17 14 
6
20 3 12 15 14 9 
6
20 5 4 7 19 8 
6
20 11 4 5 15 8 
14
20 16 10 5 18 13 14 15 4 7 11 1 6 12 
5
20 18 7 11 13 
