20 90 100
1 11
1 9
1 6
1 19
1 20
1 15
1 18
1 13
1 8
2 13
2 18
2 5
2 4
2 3
2 17
3 5
3 20
3 9
3 17
3 18
3 11
3 7
3 12
3 14
4 15
4 14
4 5
4 7
4 6
4 11
5 10
5 17
5 6
5 15
5 20
5 11
5 18
6 12
6 17
6 18
6 16
6 15
7 19
7 11
7 18
7 10
7 14
7 13
8 18
8 15
8 9
8 11
8 19
8 12
9 14
9 16
9 12
9 18
9 15
9 20
10 12
10 16
10 17
10 14
11 13
11 20
11 18
12 17
12 15
12 19
12 14
12 18
13 17
13 18
13 15
13 14
13 16
14 16
14 17
14 15
14 16
15 19
15 17
16 20
16 19
16 17
16 18
17 18
17 19
18 20
20
1 20 9 15 13 2 5 11 4 7 3 14 12 8 18 6 16 19 17 10 
20
2 4 6 5 20 3 9 18 11 7 13 16 10 14 12 8 19 1 15 17 
18
2 4 14 15 5 10 17 16 13 7 18 3 11 8 12 9 1 6 
15
2 5 3 20 11 1 13 15 17 18 12 14 4 7 19 
13
2 13 17 3 5 4 7 14 12 18 11 8 1 
7
2 17 13 18 9 1 15 
6
2 18 17 5 4 11 
20
3 2 13 14 17 12 18 20 16 6 4 11 7 19 8 1 9 15 5 10 
17
3 2 17 13 15 5 6 12 8 11 18 9 1 20 16 10 7 
6
3 7 13 18 9 16 
4
3 11 1 8 
15
3 11 20 1 18 7 10 16 14 12 6 17 2 13 15 
5
3 17 2 5 18 
9
3 18 16 19 1 13 17 6 4 
4
4 5 20 1 
8
4 5 20 1 9 16 17 18 
7
4 6 1 8 12 3 14 
7
4 11 5 6 17 15 9 
5
4 15 5 6 1 
20
4 15 5 11 20 9 8 1 13 2 3 12 14 7 19 16 10 17 18 6 
14
5 2 17 13 18 7 4 6 16 14 15 9 20 11 
5
5 10 14 3 2 
4
5 11 1 18 
18
6 1 8 19 12 9 16 14 15 5 4 11 13 17 18 7 3 2 
20
6 1 9 8 19 12 15 13 18 2 3 7 4 14 16 20 11 5 10 17 
18
6 4 5 11 1 9 3 14 16 17 10 7 19 15 12 8 18 20 
20
6 4 14 10 7 19 8 18 2 13 17 16 9 1 15 12 3 20 5 11 
10
6 17 2 4 7 11 8 19 12 15 
6
6 17 14 16 20 1 
20
7 4 15 13 14 16 10 12 19 8 1 11 5 6 17 18 20 9 3 2 
20
7 10 5 20 11 8 19 1 15 6 18 13 16 9 3 2 17 12 14 4 
6
7 10 12 3 14 15 
9
7 10 16 14 17 18 12 15 9 
8
7 10 17 5 4 6 1 20 
5
7 14 3 9 1 
8
7 14 16 17 2 5 3 20 
5
7 19 8 1 20 
15
7 19 17 6 18 1 20 16 14 4 5 15 8 9 12 
20
7 19 17 15 1 8 11 4 2 3 14 13 16 20 18 6 5 10 12 9 
14
8 1 9 3 14 13 16 18 20 5 4 2 17 15 
4
8 1 18 20 
6
8 11 5 17 19 16 
6
8 11 18 3 20 9 
4
8 12 3 18 
9
8 19 1 20 3 17 14 4 2 
5
9 3 2 13 16 
14
9 14 7 11 13 15 1 6 4 2 17 18 5 3 
7
9 14 16 6 17 18 1 
4
9 16 6 18 
10
9 20 3 2 5 6 16 14 7 19 
9
10 12 9 3 7 11 1 8 19 
17
10 12 14 16 17 5 11 13 2 18 9 3 7 4 15 19 1 
19
10 14 9 3 2 4 7 18 16 20 1 11 5 15 12 8 19 17 6 
7
10 14 16 19 8 11 4 
5
12 3 7 13 18 
11
12 6 18 9 1 15 19 17 16 14 13 
10
12 8 1 19 15 5 3 9 14 17 
5
12 10 5 11 7 
20
12 10 14 13 11 1 6 5 17 16 20 9 15 19 8 18 3 7 4 2 
4
12 14 17 10 
6
13 1 11 4 14 7 
6
13 2 3 7 18 9 
7
13 2 4 5 3 17 14 
12
13 2 18 16 20 1 11 7 19 15 12 3 
6
13 11 7 3 2 4 
11
13 14 3 12 9 8 15 5 6 18 20 
4
13 14 16 6 
5
14 3 5 6 12 
4
14 4 7 10 
19
14 4 11 1 6 15 19 12 9 3 7 13 16 10 17 5 20 18 8 
5
14 9 12 6 15 
13
14 9 18 6 15 4 2 5 3 7 11 20 1 
5
14 12 18 11 7 
6
14 15 4 2 18 5 
9
14 16 6 4 5 3 20 1 11 
8
14 16 9 15 1 8 12 17 
10
15 4 11 13 16 10 17 19 7 3 
14
15 17 12 3 14 7 11 5 4 6 18 9 1 8 
14
15 19 17 18 8 11 13 2 4 14 10 5 20 1 
13
16 6 17 10 7 11 3 20 5 18 9 15 4 
11
16 13 2 18 3 17 5 15 4 11 1 
13
16 14 15 9 8 1 13 18 20 3 11 4 7 
7
17 12 9 15 6 18 2 
6
17 13 11 20 3 2 
4
18 3 7 4 
7
18 3 20 5 10 12 19 
6
18 5 15 17 10 7 
4
18 6 12 17 
6
18 12 6 1 20 3 
16
18 13 2 3 20 11 1 9 12 19 7 14 17 15 6 16 
17
18 20 11 5 3 17 13 2 4 6 15 9 14 16 19 8 12 
13
19 1 18 20 9 15 8 11 4 7 3 12 10 
8
19 8 9 14 3 17 10 7 
20
19 8 9 20 11 4 2 5 3 14 16 17 15 1 13 7 18 6 12 10 
19
19 8 12 10 14 16 17 13 18 5 15 1 6 4 7 11 20 3 2 
13
19 16 14 7 13 2 17 6 4 11 18 9 15 
5
19 16 20 11 1 
17
20 1 9 8 11 3 7 19 16 17 5 4 15 6 18 13 2 
12
20 1 15 19 7 10 14 9 12 3 2 4 
19
20 11 1 18 8 15 6 5 3 9 12 10 14 16 17 2 4 7 19 
