20 90 100
1 3
1 15
1 19
1 8
1 9
1 18
1 6
2 15
2 6
2 5
2 13
2 16
2 20
3 15
3 17
3 12
3 4
3 6
3 9
3 19
3 8
3 18
3 14
4 19
4 15
4 17
4 11
4 12
5 14
5 16
5 12
5 6
5 19
5 18
5 11
5 20
6 13
6 11
6 18
6 16
6 8
6 12
6 10
7 8
7 13
7 15
7 9
8 17
8 15
8 19
8 12
8 10
8 9
8 18
9 14
9 18
9 16
10 14
10 13
10 20
10 19
10 11
11 14
11 13
11 15
11 19
12 16
12 15
12 14
12 13
12 17
13 14
13 16
13 17
13 19
14 20
14 18
14 17
14 15
15 19
15 20
15 16
16 20
16 17
17 20
17 19
17 18
17 18
18 20
18 19
4
1 6 12 17 
19
1 8 19 10 13 11 14 17 18 5 6 2 20 16 9 3 12 4 15 
17
1 15 16 5 11 10 14 9 3 8 6 2 20 17 4 19 18 
5
2 5 6 3 18 
10
2 5 16 15 14 12 8 9 3 17 
11
2 5 18 8 3 14 11 15 4 12 17 
20
2 13 11 4 3 14 17 16 6 10 20 5 12 15 1 18 9 7 8 19 
10
2 16 13 7 15 4 17 8 9 1 
19
2 16 20 14 9 1 6 3 17 13 12 15 4 11 5 18 8 19 10 
5
2 20 14 17 18 
17
2 20 17 19 15 4 11 5 14 18 9 3 1 8 7 13 10 
5
3 4 15 8 12 
12
3 8 10 20 2 5 12 16 17 4 15 11 
5
3 9 14 15 19 
7
3 19 15 2 13 14 9 
19
4 11 5 6 10 19 1 9 7 8 17 16 2 15 12 3 14 18 20 
19
4 11 5 19 1 18 14 17 8 3 6 12 16 2 20 15 7 13 10 
5
4 15 16 9 7 
15
4 17 3 15 1 18 6 8 9 14 5 2 16 13 19 
12
4 17 16 15 1 3 19 8 6 13 7 9 
5
4 17 20 10 19 
8
5 11 13 16 20 17 18 6 
14
5 16 12 4 15 19 3 6 11 14 10 8 1 9 
11
5 18 1 3 6 16 20 17 12 15 7 
4
6 1 3 8 
10
6 2 15 8 12 13 16 20 10 19 
4
6 2 15 20 
6
6 12 15 20 17 4 
20
6 16 2 20 5 12 3 17 4 11 15 1 9 7 13 10 14 18 8 19 
7
6 16 17 12 14 15 2 
20
7 8 6 3 1 9 14 18 17 12 13 2 15 19 4 11 10 20 5 16 
16
7 9 8 10 11 5 16 6 3 15 19 13 17 14 20 2 
20
7 9 14 5 11 10 6 18 19 1 8 17 3 4 12 16 13 2 20 15 
19
7 9 18 19 3 17 16 20 15 14 13 6 1 8 12 4 11 5 2 
20
7 15 12 5 19 8 10 20 2 6 16 13 14 17 18 9 1 3 4 11 
13
7 15 14 3 17 12 16 6 10 8 18 5 11 
5
8 9 14 18 17 
9
8 10 13 19 4 15 2 6 1 
7
9 1 3 6 13 12 5 
17
9 7 13 2 16 20 14 18 6 1 15 3 12 8 19 5 11 
12
9 7 15 4 17 13 11 6 16 5 20 2 
6
9 8 6 12 4 3 
4
9 14 18 20 
10
10 6 12 14 11 4 15 8 1 18 
12
10 11 5 12 8 19 4 3 14 13 2 20 
13
10 11 13 7 15 16 17 4 12 14 5 19 18 
4
10 11 14 15 
13
10 11 19 17 18 9 8 6 16 12 15 3 1 
7
10 13 12 16 6 11 14 
4
10 13 19 18 
7
10 19 5 14 15 2 16 
16
10 20 15 8 17 3 4 12 6 11 19 13 14 9 18 1 
14
11 4 3 1 6 13 14 18 20 17 8 7 15 2 
8
11 6 18 3 15 20 16 12 
11
11 13 10 19 3 15 2 5 14 17 18 
7
11 14 5 12 16 17 18 
4
11 14 18 6 
14
11 19 13 16 9 7 15 8 12 6 10 14 3 4 
19
12 4 19 10 13 14 11 5 16 17 8 7 15 3 9 18 6 2 20 
14
12 6 10 13 16 17 20 14 18 8 15 1 19 3 
6
12 8 10 14 9 1 
8
12 13 14 9 16 2 20 5 
8
12 17 4 15 2 6 18 9 
7
13 2 6 18 1 9 7 
7
13 7 9 3 1 18 8 
16
14 13 2 5 11 19 3 8 7 9 1 18 17 16 6 10 
7
14 13 2 5 11 19 8 
5
14 15 16 17 18 
9
14 18 6 12 17 16 15 3 9 
4
15 1 3 8 
6
15 2 6 10 14 9 
17
15 4 17 20 14 10 8 12 5 6 18 1 9 3 19 13 7 
5
15 14 18 3 9 
13
15 19 8 3 1 18 20 5 6 12 13 16 9 
12
16 6 1 15 3 12 4 11 5 14 18 17 
5
16 9 1 3 14 
4
16 13 19 18 
4
17 8 6 16 
20
18 8 3 14 5 20 17 4 12 6 11 13 10 19 1 9 16 2 15 7 
8
18 8 9 7 13 2 6 10 
9
18 14 11 10 19 15 4 17 8 
5
18 17 3 19 10 
5
18 17 19 4 12 
12
18 20 16 12 8 15 4 11 13 14 17 19 
20
19 1 8 7 15 11 14 10 13 2 6 3 17 4 12 16 9 18 5 20 
4
19 3 15 14 
8
19 3 17 20 16 2 6 12 
8
19 8 1 18 6 16 13 12 
5
19 13 12 15 3 
7
19 15 4 3 9 18 5 
7
20 5 11 13 2 16 6 
10
20 10 19 13 2 16 12 8 18 3 
18
20 14 12 4 15 7 9 16 2 5 18 1 3 17 19 13 10 11 
6
20 14 13 12 3 8 
9
20 14 18 1 8 9 16 13 7 
4
20 15 8 19 
15
20 16 13 6 10 8 12 5 18 17 3 1 15 7 9 
17
20 16 13 7 8 15 3 18 6 1 9 14 17 4 19 10 11 
10
20 16 15 3 12 14 13 19 5 6 
19
20 17 4 12 8 19 1 9 14 18 3 6 10 11 13 16 15 2 5 
