20 90 150
1 3
1 15
1 19
1 8
1 9
1 18
1 6
2 15
2 6
2 5
2 13
2 16
2 20
3 15
3 17
3 12
3 4
3 6
3 9
3 19
3 8
3 18
3 14
4 19
4 15
4 17
4 11
4 12
5 14
5 16
5 12
5 6
5 19
5 18
5 11
5 20
6 13
6 11
6 18
6 16
6 8
6 12
6 10
7 8
7 13
7 15
7 9
8 17
8 15
8 19
8 12
8 10
8 9
8 18
9 14
9 18
9 16
10 14
10 13
10 20
10 19
10 11
11 14
11 13
11 15
11 19
12 16
12 15
12 14
12 13
12 17
13 14
13 16
13 17
13 19
14 20
14 18
14 17
14 15
15 19
15 20
15 16
16 20
16 17
17 20
17 19
17 18
17 18
18 20
18 19
6
1 3 19 18 14 5 
4
1 9 18 17 
5
1 19 8 12 6 
6
2 5 18 6 10 13 
11
2 6 5 14 15 16 20 17 12 3 18 
6
2 6 18 17 13 10 
10
2 15 7 13 14 18 1 19 8 9 
8
2 15 12 17 18 6 8 9 
4
2 20 5 18 
18
2 20 10 11 15 1 19 4 17 16 9 18 14 13 12 5 6 8 
6
3 1 15 8 9 18 
4
3 4 17 18 
4
3 6 11 4 
10
3 8 7 9 14 5 16 15 19 1 
7
3 9 8 12 14 20 16 
6
3 9 18 8 10 13 
10
3 14 20 2 6 16 5 11 13 19 
4
3 17 16 12 
4
4 3 8 12 
8
4 3 19 5 12 15 20 17 
5
4 11 19 15 8 
10
4 12 16 5 11 14 20 10 8 19 
7
4 12 17 18 1 9 8 
9
4 15 12 17 20 14 3 9 7 
4
4 15 20 2 
4
4 17 18 3 
6
4 17 19 15 11 5 
9
4 19 15 7 9 1 8 17 20 
6
5 2 15 19 17 20 
12
5 6 12 17 16 15 19 1 3 4 11 13 
6
5 11 6 3 14 13 
6
5 12 3 4 11 10 
4
5 12 15 3 
10
5 14 12 15 1 9 3 17 19 4 
9
5 16 2 20 14 3 17 12 13 
11
5 18 9 14 12 8 6 13 11 10 20 
5
5 19 13 17 18 
13
6 2 15 7 8 19 11 14 17 20 5 18 1 
5
6 13 14 17 12 
8
6 16 9 1 3 18 14 20 
8
6 18 5 19 13 17 20 16 
8
7 8 9 1 6 11 10 19 
12
7 9 16 6 13 17 18 3 19 5 2 15 
11
7 13 17 4 3 8 15 11 19 18 5 
10
7 13 19 18 20 17 3 6 5 12 
8
7 15 1 19 8 6 13 10 
5
7 15 16 6 10 
11
8 3 1 15 20 14 11 13 16 6 10 
11
8 9 1 3 18 19 10 20 16 12 13 
8
8 10 11 14 18 17 20 5 
5
8 17 18 14 9 
8
8 17 20 2 15 16 5 11 
7
8 19 5 14 18 6 16 
5
9 1 3 17 20 
18
9 1 15 16 6 2 20 18 19 11 5 14 3 4 17 12 13 10 
14
9 1 18 3 6 13 17 8 10 19 15 16 20 2 
4
9 3 8 12 
5
9 3 15 16 6 
11
9 8 1 18 14 13 2 15 11 19 17 
9
9 8 6 16 20 18 17 3 1 
7
9 8 6 18 19 17 20 
4
9 8 10 19 
8
9 8 12 4 11 19 13 7 
12
9 8 15 4 19 1 6 16 2 5 12 13 
4
9 8 19 17 
6
9 14 3 19 5 6 
5
9 18 5 19 13 
4
10 6 12 17 
18
10 11 19 4 3 17 12 6 8 18 20 15 16 2 13 14 9 7 
4
10 13 14 20 
4
10 13 16 12 
10
10 14 17 18 5 6 11 13 16 20 
5
10 20 5 11 14 
4
10 20 14 5 
5
10 20 18 8 9 
4
11 6 8 17 
8
11 6 12 5 16 17 20 18 
13
11 13 2 6 10 14 17 16 9 1 18 5 19 
10
11 14 10 6 18 19 15 20 16 5 
5
11 14 13 19 18 
6
11 14 18 20 15 7 
4
11 19 15 4 
10
12 3 15 16 17 13 10 14 11 6 
14
12 3 17 14 10 11 15 20 5 18 19 8 6 1 
6
12 4 15 19 13 6 
13
12 6 16 5 11 13 14 15 19 3 1 8 7 
13
12 6 18 5 2 13 7 9 3 17 19 11 4 
4
12 8 1 6 
4
12 13 6 1 
8
12 14 3 15 16 17 18 20 
6
12 14 17 19 18 20 
9
13 2 5 12 15 20 18 19 8 
5
13 2 6 8 3 
4
13 2 15 7 
9
13 7 8 9 16 20 10 6 2 
4
13 11 19 4 
5
13 14 18 5 11 
4
13 16 6 2 
8
13 17 3 8 12 16 5 2 
12
13 17 4 19 1 3 6 18 20 15 14 11 
6
14 3 1 6 18 17 
4
14 9 16 17 
6
14 10 11 15 8 6 
4
14 10 13 7 
7
14 11 10 19 3 6 5 
11
14 15 8 1 9 16 2 6 3 19 4 
5
14 17 18 20 16 
11
14 18 1 15 19 5 6 13 10 8 3 
4
15 1 6 2 
4
15 2 16 5 
4
15 14 5 20 
7
15 16 13 19 3 17 18 
4
16 5 14 17 
4
16 6 11 13 
5
16 9 3 6 11 
7
16 9 14 10 8 3 4 
5
16 12 5 14 9 
6
16 13 19 1 9 8 
5
16 20 14 17 12 
5
17 3 1 6 16 
5
17 3 9 8 18 
7
17 4 11 13 6 16 12 
5
17 4 12 5 14 
6
17 8 9 18 5 12 
8
17 16 2 5 11 15 7 8 
4
17 16 20 5 
6
17 18 1 6 12 4 
16
17 18 1 9 8 6 2 16 20 14 5 19 15 11 13 10 
8
18 8 12 13 14 15 2 5 
19
18 9 14 11 10 13 19 17 3 6 1 8 15 20 16 2 5 12 4 
5
18 14 12 15 4 
7
18 19 10 14 11 15 3 
11
18 20 14 17 16 15 2 5 19 10 6 
4
18 20 15 1 
12
18 20 17 16 6 2 15 8 12 4 11 5 
6
19 3 9 7 13 10 
11
19 4 17 3 6 8 10 13 14 5 12 
10
19 10 14 17 18 20 15 16 2 6 
8
19 13 2 6 16 20 17 18 
9
19 15 8 12 5 14 11 6 10 
7
19 18 3 12 8 10 14 
7
20 10 8 1 9 18 6 
4
20 14 15 8 
14
20 14 17 3 4 12 5 6 1 8 18 19 15 7 
4
20 15 14 17 
6
20 15 19 8 9 7 
11
20 16 17 4 11 13 19 5 18 3 8 
5
20 16 17 14 5 
6
20 18 3 6 10 13 
9
20 18 17 14 9 1 3 8 7 
