50 122 100
1 6
1 7
1 11
1 13
1 19
1 34
1 44
2 21
2 31
2 35
2 46
2 49
3 5
3 6
3 24
3 28
3 36
3 50
4 11
4 21
4 24
4 25
4 28
4 33
4 48
5 9
5 30
5 31
5 34
5 35
5 46
6 16
6 18
6 20
6 26
6 28
6 32
6 44
6 47
7 12
7 20
7 35
7 43
7 49
8 18
8 22
8 43
9 35
9 39
10 48
10 49
11 45
12 14
12 23
12 25
12 31
12 33
12 47
13 44
13 46
14 25
14 40
14 44
14 49
15 16
15 21
15 26
15 43
16 17
16 30
16 32
16 48
17 36
17 44
18 21
19 28
19 33
19 36
19 42
19 43
20 35
20 40
22 24
22 45
22 48
23 35
23 39
23 48
24 28
24 33
24 48
25 31
25 35
27 35
27 37
27 38
27 42
28 30
28 44
28 46
28 47
28 49
29 35
29 45
30 33
30 46
32 49
35 46
36 50
37 42
37 47
37 49
38 46
39 46
40 42
40 43
41 43
41 47
41 48
42 43
42 49
44 50
14
1 13 44 50 3 28 47 12 33 4 11 45 29 35 
7
1 19 33 24 3 5 34 
5
1 19 36 3 50 
9
2 31 5 46 39 9 35 23 12 
5
2 35 7 1 34 
5
3 6 28 24 33 
10
3 28 4 25 31 5 9 35 46 30 
16
4 21 2 46 39 23 35 20 40 14 25 12 47 41 43 7 
7
6 3 28 24 48 23 12 
14
6 32 49 14 25 4 33 30 28 46 2 31 12 23 
7
7 1 6 20 35 2 46 
36
8 18 21 2 31 5 3 24 22 48 4 33 30 46 28 19 36 50 44 17 16 6 26 15 43 40 42 27 35 7 49 37 47 12 14 25 
5
8 22 24 4 21 
10
8 22 24 4 21 18 6 44 17 36 
13
9 39 23 48 4 28 3 5 31 2 35 29 45 
10
12 7 43 8 22 24 48 23 35 20 
4
12 7 49 2 
9
12 23 35 29 45 22 8 18 21 
6
12 31 5 30 16 32 
9
12 33 19 28 46 30 16 6 18 
21
12 47 28 6 44 13 1 11 45 29 35 7 49 42 43 19 33 24 22 48 41 
9
13 44 1 6 20 35 27 38 46 
15
13 44 1 19 28 46 5 9 39 23 35 29 45 22 24 
7
13 44 1 19 36 50 3 
27
13 46 28 49 10 48 22 45 29 35 20 6 16 30 5 3 50 44 1 19 33 12 31 2 21 4 24 
18
14 40 20 7 12 47 6 28 3 5 30 33 24 22 8 18 21 2 
12
14 49 2 31 25 35 7 1 11 4 33 19 
15
15 43 42 49 10 48 23 39 46 30 28 47 37 27 38 
19
16 30 33 19 1 11 4 28 46 39 23 48 22 45 29 35 7 43 8 
11
17 36 19 1 13 46 35 25 14 49 28 
7
17 36 19 28 47 12 33 
31
17 36 50 44 1 7 49 28 4 25 14 40 42 43 41 47 37 27 38 46 2 21 18 6 16 30 5 31 12 33 19 
4
19 43 15 16 
12
20 6 47 12 14 49 10 48 23 35 46 30 
5
20 40 14 44 1 
5
22 8 18 6 32 
12
22 24 3 5 46 2 31 12 14 49 28 30 
6
22 24 33 30 16 17 
10
22 45 11 4 24 33 12 31 2 49 
4
23 12 33 24 
24
25 4 28 46 2 31 12 14 49 10 48 16 30 5 35 29 45 22 8 43 15 21 18 6 
4
25 14 49 42 
6
27 35 2 49 28 24 
8
27 35 7 1 34 5 9 39 
8
27 37 42 43 15 26 6 3 
5
28 3 36 50 44 
10
28 47 37 42 49 7 20 35 27 38 
19
29 45 11 1 13 44 17 16 30 46 38 27 35 20 7 12 31 5 9 
8
30 33 19 43 7 35 5 31 
6
30 46 39 9 35 27 
26
31 25 4 48 23 35 20 7 43 41 47 12 14 49 28 44 13 1 19 42 37 27 38 46 2 21 
17
31 25 14 44 13 46 30 28 4 24 22 8 43 41 48 16 17 
4
32 49 7 43 
4
33 19 36 17 
9
33 19 36 17 44 28 49 32 6 
7
33 24 3 6 32 49 37 
14
33 30 5 35 2 46 13 44 28 47 41 43 7 12 
5
34 1 44 6 26 
31
34 5 3 36 17 44 14 40 20 7 12 25 35 27 37 49 42 19 43 8 22 48 24 4 11 1 6 26 15 21 18 
6
34 5 9 39 46 28 
18
35 5 3 50 36 19 1 44 13 46 28 49 2 31 12 47 37 42 
6
35 7 1 19 36 50 
10
35 27 42 19 36 17 44 6 18 21 
4
35 27 42 40 
21
36 19 33 24 3 50 44 17 16 32 6 26 15 21 2 49 7 35 5 46 28 
8
36 50 44 6 18 8 43 7 
16
37 49 32 6 26 15 21 4 33 24 28 46 5 30 16 48 
7
38 27 37 42 43 7 35 
28
38 27 42 49 10 48 23 39 9 35 20 7 43 41 47 28 4 24 22 8 18 21 2 31 25 12 33 30 
6
38 46 28 30 5 31 
15
38 46 28 30 33 19 42 37 27 35 5 3 6 20 7 
10
38 46 39 23 35 29 45 22 8 18 
6
39 23 12 25 31 2 
5
40 14 12 33 30 
6
40 42 43 7 49 32 
24
40 43 15 21 18 8 22 24 48 23 39 46 30 28 19 1 6 44 50 36 17 16 32 49 
15
40 43 41 48 23 35 2 21 4 28 44 50 36 17 16 
6
41 48 4 25 35 9 
19
41 48 24 22 45 29 35 7 1 19 42 37 47 6 18 8 43 40 20 
7
42 27 35 25 4 21 15 
14
42 37 27 35 2 46 30 33 24 28 49 7 1 34 
7
42 40 14 12 23 39 9 
4
42 43 19 36 
5
44 13 1 34 5 
7
44 14 49 2 21 4 25 
7
44 17 36 19 43 15 26 
23
45 11 4 48 22 8 18 21 15 43 40 42 19 28 3 36 17 16 30 46 5 35 29 
37
45 22 8 43 40 14 12 33 30 16 17 36 50 3 6 20 35 7 1 13 46 2 31 5 9 39 23 48 41 47 28 19 42 27 37 49 32 
7
45 29 35 2 49 42 37 
16
46 39 23 12 47 28 30 16 32 6 26 15 21 2 49 37 
23
46 39 23 35 2 31 12 14 44 28 30 16 32 49 42 40 43 19 33 24 4 11 1 
4
47 6 16 32 
17
48 4 11 1 6 47 12 23 39 9 5 30 16 32 49 7 43 
30
48 10 49 14 12 47 37 27 38 46 2 21 15 26 6 16 17 44 50 3 36 19 28 4 11 1 34 5 35 29 
8
48 24 3 36 19 42 43 15 
9
48 24 33 12 14 49 7 35 20 
17
48 41 47 12 23 39 46 30 33 4 21 15 43 8 22 45 11 
7
49 14 44 6 28 24 33 
14
50 36 17 16 15 43 8 22 45 11 4 21 2 35 
23
50 36 17 44 13 1 34 5 31 12 7 20 40 43 42 19 28 47 6 18 21 15 26 
