40 68 200
1 12
1 21
2 3
2 30
2 35
3 12
3 13
3 28
3 32
4 16
4 23
4 31
4 35
5 13
5 15
5 22
5 30
6 28
7 15
8 20
8 21
8 27
8 33
9 16
10 18
10 27
10 31
10 39
11 21
11 34
12 14
12 15
12 18
12 31
13 30
15 18
15 27
15 38
16 27
16 33
17 18
17 33
17 36
18 37
19 22
19 28
20 31
20 35
21 36
23 29
23 33
23 40
24 25
25 32
25 38
25 39
26 35
28 33
30 31
31 32
31 37
31 39
32 35
33 39
34 35
35 38
36 39
36 40
13
1 12 3 2 30 31 20 35 4 16 33 28 6 
15
1 12 3 13 30 5 22 19 28 33 16 4 31 10 27 
17
1 21 8 27 16 4 31 10 39 25 38 35 32 3 12 18 17 
15
1 21 8 33 28 19 22 5 13 3 2 30 31 37 18 
23
1 21 11 34 35 2 30 31 20 8 33 23 40 36 17 18 15 38 25 32 3 12 14 
11
2 3 12 18 15 5 30 31 20 35 4 
6
2 3 13 5 15 27 
9
2 30 31 20 35 34 11 21 36 
8
2 35 4 31 12 3 13 30 
5
2 35 38 15 7 
11
3 2 35 38 15 5 30 31 32 25 24 
10
3 12 15 18 10 31 30 13 5 22 
7
3 12 18 10 31 39 33 
5
3 13 5 22 19 
8
3 13 30 5 15 27 8 21 
4
3 32 35 34 
4
4 31 39 33 
14
4 35 2 3 13 30 5 15 18 10 39 33 28 6 
7
4 35 32 3 13 30 2 
4
5 13 30 2 
7
5 13 30 31 4 23 33 
4
5 15 38 25 
7
5 30 2 3 28 19 22 
6
6 28 3 2 35 38 
9
6 28 3 12 18 17 36 21 1 
4
6 28 19 22 
5
6 28 19 22 5 
5
6 28 33 16 4 
5
6 28 33 16 27 
7
6 28 33 17 18 37 31 
8
6 28 33 39 10 18 12 3 
9
7 15 5 13 30 2 35 20 8 
14
7 15 5 30 31 12 1 21 11 34 35 32 25 38 
9
7 15 12 1 21 11 34 35 26 
4
7 15 12 14 
14
7 15 27 8 20 35 4 16 33 17 36 21 11 34 
7
7 15 27 8 33 16 9 
13
7 15 27 8 33 17 36 40 23 4 35 32 3 
15
7 15 27 10 31 20 8 21 11 34 35 2 3 32 25 
16
7 15 27 10 31 37 18 17 33 8 21 1 12 3 28 6 
12
7 15 27 16 4 23 40 36 17 33 28 6 
8
7 15 38 25 32 31 37 18 
13
7 15 38 35 4 31 37 18 10 39 25 32 3 
6
8 20 31 10 18 37 
9
8 21 11 34 35 4 23 33 28 
14
8 27 15 5 13 3 2 30 31 37 18 17 36 21 
6
8 27 15 18 12 14 
5
8 27 15 18 17 
6
8 33 17 18 10 31 
5
9 16 4 23 29 
11
9 16 4 23 33 39 10 27 15 12 14 
9
9 16 27 10 18 17 36 39 25 
14
9 16 27 10 31 20 35 32 25 39 33 8 21 1 
9
9 16 27 10 39 25 38 35 4 
9
10 18 12 1 21 11 34 35 26 
7
10 18 12 15 27 8 33 
11
10 18 15 27 8 21 36 17 33 16 9 
11
10 18 17 33 16 27 8 20 35 34 11 
19
10 27 15 38 25 32 3 13 5 30 31 12 18 17 36 39 33 23 29 
11
10 31 4 23 40 36 21 11 34 35 26 
8
10 31 12 18 15 27 8 20 
5
10 31 37 18 17 
5
11 21 8 27 10 
6
11 21 8 33 39 10 
9
11 21 36 17 18 37 31 32 35 
6
11 34 35 4 31 20 
4
11 34 35 32 
7
12 1 21 8 33 17 36 
4
12 1 21 36 
4
12 15 18 17 
7
13 3 12 1 21 8 33 
6
13 3 28 33 23 4 
6
13 5 30 31 10 27 
4
13 30 2 3 
6
13 30 5 15 27 8 
4
13 30 31 32 
13
14 12 1 21 36 17 33 16 4 31 39 25 24 
15
14 12 15 27 8 33 17 18 10 31 20 35 38 25 24 
10
14 12 31 20 8 27 15 5 30 13 
8
15 5 30 31 32 25 38 35 
11
15 18 17 33 39 25 32 35 20 31 10 
8
15 27 8 20 35 2 30 31 
4
16 4 23 40 
5
16 4 31 20 35 
6
16 27 8 20 35 4 
10
16 27 10 31 12 3 32 35 34 11 
4
17 18 10 27 
11
17 33 8 20 35 2 3 13 30 5 22 
6
17 33 23 40 36 39 
8
17 33 28 19 22 5 13 3 
7
17 33 39 25 32 35 38 
10
17 36 40 23 33 16 27 10 31 12 
17
17 36 40 23 33 39 31 4 16 27 8 20 35 32 25 38 15 
13
18 10 27 8 21 36 40 23 4 31 12 15 7 
4
18 10 31 30 
5
18 10 39 36 40 
6
18 12 31 4 16 33 
4
18 17 33 23 
15
19 22 5 15 38 25 32 35 2 3 13 30 31 4 16 
4
19 22 5 30 
6
19 28 33 8 21 1 
13
19 28 33 17 36 39 25 38 35 4 31 37 18 
4
20 8 21 36 
4
20 8 27 10 
12
20 8 27 10 31 39 25 32 35 4 23 40 
5
20 31 10 18 37 
5
20 31 12 18 37 
11
20 31 37 18 10 39 25 32 3 12 14 
7
20 31 37 18 12 15 27 
9
20 35 2 30 31 10 39 36 17 
4
20 35 32 31 
5
21 1 12 15 7 
8
21 1 12 31 39 36 17 18 
9
21 8 33 39 31 37 18 12 3 
10
21 11 34 35 4 16 27 15 38 25 
5
21 36 17 33 39 
5
21 36 40 23 29 
4
22 5 13 30 
8
23 4 35 20 31 30 5 22 
6
23 33 8 20 31 37 
5
23 33 8 21 1 
6
23 40 36 39 25 32 
7
24 25 32 31 30 13 5 
11
24 25 38 15 27 10 18 17 33 23 29 
5
24 25 38 35 26 
8
24 25 39 31 4 23 33 16 
10
24 25 39 31 4 35 2 30 13 3 
9
24 25 39 36 17 18 15 12 14 
5
24 25 39 36 40 
7
25 32 31 10 18 17 33 
4
25 39 31 4 
4
25 39 31 37 
4
25 39 36 40 
5
26 35 2 3 13 
14
26 35 2 30 13 3 12 18 15 5 22 19 28 6 
14
26 35 4 16 27 15 18 17 33 23 40 36 21 11 
5
26 35 4 23 29 
13
26 35 20 8 33 39 25 32 31 30 13 3 2 
16
26 35 32 25 38 15 18 10 27 8 20 31 39 33 16 4 
10
26 35 34 11 21 36 17 33 28 6 
12
26 35 34 11 21 36 40 23 4 31 10 27 
7
26 35 38 15 5 13 30 
21
26 35 38 25 39 33 28 19 22 5 13 3 2 30 31 20 8 21 1 12 14 
7
27 8 20 31 10 18 37 
4
27 8 21 1 
6
27 10 31 37 18 15 
8
27 10 31 37 18 15 12 1 
5
27 10 39 31 32 
5
27 15 38 35 34 
13
28 33 17 18 37 31 39 36 40 23 4 35 26 
7
29 23 4 31 20 35 26 
16
29 23 4 35 38 15 12 31 37 18 10 39 33 17 36 40 
8
29 23 40 36 21 1 12 14 
19
30 2 35 20 31 4 16 27 8 33 17 18 12 15 5 13 3 32 25 
7
30 5 15 27 10 18 37 
9
30 5 22 19 28 33 8 20 35 
7
30 31 39 36 17 18 10 
4
31 4 16 9 
4
31 4 23 29 
6
31 4 35 20 8 21 
5
31 10 39 36 40 
9
31 20 8 21 1 12 3 28 6 
5
32 3 2 35 34 
6
32 25 39 31 20 8 
5
33 8 20 31 37 
15
33 17 18 10 27 8 21 1 12 3 2 35 4 16 9 
13
33 28 19 22 5 15 38 25 39 10 31 12 14 
4
33 39 10 31 
9
33 39 25 38 15 18 12 31 37 
12
33 39 36 17 18 12 15 5 13 3 28 6 
5
34 11 21 1 12 
6
34 11 21 1 12 15 
12
34 11 21 1 12 18 17 33 8 20 31 10 
7
34 11 21 8 33 28 6 
7
34 35 38 15 27 10 39 
9
35 2 3 12 31 39 25 38 15 
7
35 2 30 13 5 15 38 
4
35 4 16 33 
6
36 17 18 12 3 13 
7
36 21 1 12 18 37 31 
4
36 39 10 27 
17
37 18 12 3 28 19 22 5 15 38 25 39 33 23 40 36 17 
14
37 18 12 31 32 3 13 30 2 35 34 11 21 36 
16
37 18 15 27 8 21 11 34 35 2 3 12 31 39 25 24 
6
37 18 17 36 21 8 
13
37 31 20 35 34 11 21 36 40 23 4 16 9 
4
37 31 39 10 
20
37 31 39 33 23 40 36 17 18 10 27 8 20 35 32 3 13 5 30 2 
13
38 15 5 13 30 31 10 27 16 33 17 36 40 
11
38 15 12 3 32 25 39 33 8 20 31 
18
38 25 32 3 2 35 34 11 21 36 17 33 39 31 37 18 10 27 
11
38 25 39 31 32 35 20 8 27 15 7 
5
38 35 2 3 28 
5
39 10 31 12 3 
8
39 25 32 3 13 5 15 7 
6
39 31 4 16 33 8 
4
39 33 17 36 
7
39 33 28 19 22 5 30 
5
39 36 17 33 28 
15
40 23 4 16 27 8 33 39 36 17 18 37 31 20 35 
