80 256 200
1 6
1 27
1 64
1 77
2 10
2 33
2 52
2 56
2 69
2 70
3 32
3 39
3 52
3 58
4 7
4 12
4 19
4 23
4 52
4 53
4 68
4 72
5 31
5 45
5 46
5 57
5 59
6 11
6 24
6 29
6 38
6 43
6 52
6 53
6 59
6 61
6 73
6 76
6 77
7 50
7 65
8 9
8 29
8 43
8 46
8 53
8 57
8 65
8 66
8 71
9 27
9 49
9 77
10 15
10 54
10 55
10 60
10 66
11 29
11 40
11 56
11 65
12 20
12 30
12 31
12 51
12 52
12 61
13 19
13 21
13 36
13 45
13 52
13 68
13 80
14 19
14 25
14 48
14 54
14 58
14 74
15 24
15 45
15 46
15 48
15 53
15 65
15 68
15 73
15 80
16 35
16 41
16 44
16 76
17 30
17 37
17 39
17 46
17 48
17 74
17 77
18 36
18 54
18 55
18 77
19 29
19 33
19 50
19 53
19 80
20 24
20 43
20 45
20 59
20 70
21 31
21 56
21 62
22 25
22 44
22 76
23 28
23 37
23 56
23 60
23 63
24 41
24 43
24 57
24 72
25 33
25 58
25 62
25 64
26 35
26 55
26 61
26 74
27 31
27 42
27 59
27 79
28 42
28 43
28 65
28 76
28 77
28 80
29 53
29 71
29 74
29 76
30 34
30 43
30 47
30 58
30 73
30 80
31 49
31 62
31 76
31 80
32 41
33 63
34 36
34 41
34 45
34 56
34 61
34 70
34 71
34 79
36 40
36 48
36 75
37 39
37 40
37 47
38 68
39 41
39 54
39 61
39 64
39 66
40 42
40 51
40 62
40 68
40 76
41 43
41 55
41 65
41 76
42 64
42 69
42 75
42 80
43 72
43 79
44 53
44 80
45 48
45 49
45 60
47 60
47 76
48 51
48 72
48 76
49 66
49 76
50 51
50 55
50 57
50 67
51 75
52 75
52 80
53 56
53 70
53 76
54 56
54 71
54 73
54 79
55 59
55 75
57 65
57 76
58 67
59 60
59 69
59 76
60 65
60 70
60 72
61 70
61 74
62 63
62 71
62 74
62 75
62 80
63 73
64 69
64 74
65 70
65 72
65 75
65 79
69 71
69 78
69 80
71 77
72 78
75 76
27
1 6 77 18 54 79 65 11 40 51 12 52 75 36 34 56 53 44 80 42 64 74 62 71 69 59 60 
4
1 27 42 40 
4
1 64 69 80 
11
2 69 59 5 31 12 20 43 41 16 44 
4
3 52 2 33 
7
3 52 12 30 17 37 47 
6
3 58 67 50 51 12 
29
3 58 67 50 57 65 8 66 49 45 48 17 30 34 61 12 4 72 43 41 76 6 53 29 19 33 2 69 71 
7
4 7 65 41 55 75 52 
9
5 57 8 43 72 65 75 52 80 
14
6 43 30 12 20 24 72 78 69 2 10 66 8 46 
5
6 59 76 16 35 
7
6 73 15 48 17 77 28 
12
8 9 27 1 77 6 76 53 70 65 11 40 
8
8 43 24 6 11 40 36 75 
10
8 46 5 59 27 31 62 25 22 44 
8
8 53 70 20 43 30 58 3 
4
8 57 5 31 
14
8 57 50 19 29 76 40 37 23 4 7 65 60 70 
5
8 57 76 41 43 
4
10 2 33 63 
9
10 54 14 25 33 63 23 37 47 
4
10 55 18 36 
8
10 60 59 69 71 54 14 48 
9
11 65 8 43 24 6 38 68 40 
5
11 65 28 76 57 
5
12 4 7 50 55 
6
13 19 29 71 62 40 
30
13 45 34 71 8 53 70 61 6 38 68 4 19 29 76 40 42 69 2 33 25 58 3 39 66 49 9 77 18 36 
5
13 68 4 12 61 
4
15 45 48 14 
19
15 46 5 57 24 41 39 17 74 14 48 45 13 52 12 20 59 27 1 
16
16 35 26 61 70 2 56 54 79 27 31 49 45 48 76 47 
10
16 41 55 10 60 59 20 70 65 79 
8
16 44 53 56 2 33 19 4 
15
17 37 39 66 8 9 27 79 54 18 36 34 61 26 55 
6
17 37 47 76 75 51 
5
17 39 64 25 58 
4
17 77 1 27 
15
19 4 52 2 69 64 1 6 24 57 76 41 34 79 43 
4
19 13 68 4 
10
19 53 4 23 63 73 30 47 76 31 
17
19 53 15 45 49 9 27 59 76 57 8 29 11 56 54 71 62 
4
20 24 57 65 
8
20 43 6 24 57 5 46 8 
6
20 59 76 40 51 50 
9
21 13 45 20 12 30 34 79 27 
12
21 62 63 73 15 68 38 6 11 56 23 4 
9
22 44 80 28 77 17 37 23 60 
8
22 76 53 70 2 33 19 80 
4
23 28 77 71 
6
24 6 77 17 30 58 
9
24 15 45 13 19 50 67 58 30 
6
24 41 43 79 65 28 
4
24 41 55 75 
6
25 14 58 30 34 45 
16
25 22 44 16 76 59 55 26 61 74 62 75 65 11 40 68 
10
25 62 75 42 80 52 6 43 30 58 
8
26 35 16 76 41 43 8 66 
7
26 74 62 25 64 1 6 
4
27 31 62 74 
6
27 31 62 74 64 69 
6
27 79 34 45 48 14 
7
27 79 54 56 2 33 19 
7
28 76 29 11 40 68 4 
4
28 77 6 73 
15
29 6 24 20 59 76 41 39 17 77 71 62 21 31 80 
4
29 19 50 7 
5
29 53 15 80 62 
4
29 74 17 46 
4
29 76 22 44 
6
30 12 31 5 45 48 
17
30 12 31 76 29 53 4 52 80 69 71 34 61 74 62 25 22 
6
30 17 48 76 6 52 
19
30 17 77 28 76 59 55 10 60 45 48 36 34 61 26 35 16 44 22 
34
30 58 25 33 19 14 48 17 39 64 1 77 6 43 24 15 45 20 70 60 72 65 7 50 51 75 36 40 76 57 5 59 69 78 
20
31 27 9 77 6 61 34 56 21 13 36 75 55 41 76 22 25 64 39 66 
9
31 49 66 10 60 70 2 33 63 
5
32 3 39 64 42 
6
32 41 55 26 74 14 
5
32 41 76 28 65 
12
33 63 73 30 34 70 53 76 6 43 79 65 
5
34 61 70 65 15 
8
35 26 61 12 20 24 43 28 
16
35 26 74 29 71 62 40 36 34 30 43 24 41 16 44 80 
9
36 40 62 80 15 45 34 79 65 
7
37 40 36 48 72 43 79 
22
38 6 61 34 45 20 59 76 28 42 40 68 15 53 56 2 69 80 44 22 25 64 
12
38 6 73 63 23 56 34 61 70 20 59 27 
8
39 3 52 4 53 76 16 35 
6
39 37 17 46 15 80 
9
39 37 40 76 57 8 9 49 66 
18
39 54 73 30 80 42 69 59 60 23 56 53 29 11 65 15 10 2 
12
39 61 12 30 80 52 4 68 38 6 43 79 
15
40 11 56 2 10 54 39 17 30 12 20 43 41 32 3 
17
40 11 65 79 43 20 70 2 69 80 15 24 41 76 53 56 21 
7
40 37 17 39 3 58 14 
15
40 42 80 28 23 37 17 74 61 70 53 15 10 66 49 
19
40 62 21 31 5 46 8 9 27 79 34 70 60 65 28 76 59 55 50 
9
40 68 38 6 53 76 57 50 55 
5
41 43 6 52 12 
6
41 43 28 42 80 62 
7
41 43 79 34 45 20 24 
14
41 55 59 27 79 43 24 15 65 7 4 19 53 56 
4
42 28 43 79 
7
42 28 65 72 43 6 24 
10
42 69 71 29 76 40 68 13 36 75 
6
43 24 15 45 34 56 
5
44 16 41 65 7 
4
44 22 25 14 
37
44 22 25 58 67 50 51 12 20 59 60 45 15 24 6 43 8 71 62 75 55 26 74 14 48 72 4 19 29 53 76 47 30 34 56 21 31 
13
44 53 56 23 60 70 61 74 17 30 58 14 48 
15
44 80 15 46 8 57 24 41 43 6 73 30 34 61 70 
11
45 13 36 18 55 75 76 31 62 74 17 
17
45 13 80 42 75 55 18 77 1 27 59 76 48 17 46 15 68 
9
45 34 36 40 42 75 76 22 44 
6
45 48 72 43 20 70 
25
46 8 9 49 31 12 20 70 2 56 53 4 72 43 30 34 41 76 28 80 15 65 57 5 45 
19
46 15 65 79 34 71 77 17 74 64 39 54 73 63 62 75 76 6 53 
18
47 37 17 77 71 29 11 40 76 16 35 26 61 39 64 69 2 70 
9
47 60 59 55 18 54 73 6 77 
7
48 14 25 62 75 51 40 
5
48 14 25 64 69 
10
49 9 27 31 62 40 11 65 41 43 
4
49 9 77 6 
7
49 9 77 28 76 29 19 
8
49 76 59 5 31 62 25 22 
7
50 55 59 69 80 28 65 
28
52 2 33 25 14 54 18 77 17 46 15 45 60 70 34 56 21 31 76 59 20 24 6 43 41 16 44 22 
8
52 4 68 13 45 48 14 54 
12
52 12 20 24 15 73 30 34 71 69 2 33 
5
53 4 7 50 51 
11
53 4 19 50 55 26 61 39 54 14 74 
13
53 4 68 40 51 12 61 74 64 1 27 9 49 
5
53 6 29 74 14 
4
53 8 66 49 
12
53 44 80 19 14 48 45 5 31 12 4 52 
7
53 56 23 60 65 8 43 
11
54 18 77 71 29 53 76 28 23 4 7 
6
54 39 3 32 41 24 
6
54 39 61 6 77 71 
7
54 56 2 52 75 42 64 
4
55 26 35 16 
9
56 21 31 27 42 75 65 7 50 
9
56 21 31 62 80 42 27 1 6 
7
57 5 45 48 51 40 68 
7
57 8 71 29 19 4 53 
6
57 76 48 15 46 8 
15
58 3 32 41 43 79 27 1 77 28 76 40 68 4 72 
5
58 30 80 13 68 
9
59 6 52 4 23 28 80 30 47 
4
59 6 76 28 
9
59 60 72 65 15 45 48 14 58 
5
59 76 41 65 79 
6
60 10 66 8 65 28 
13
60 10 66 39 64 74 17 46 8 53 15 68 38 
15
60 45 13 52 75 55 26 61 70 53 4 12 20 59 76 
6
60 70 2 52 3 32 
11
61 34 30 73 6 1 64 74 17 39 41 
8
62 40 36 48 51 75 65 28 
15
64 1 77 71 8 46 5 45 48 76 47 37 23 60 72 
7
64 39 54 10 55 75 62 
7
64 42 28 23 4 53 56 
5
64 42 40 62 74 
9
64 42 69 2 10 66 39 3 52 
15
65 70 60 10 2 56 53 4 72 78 69 42 27 59 6 
4
65 72 4 23 
9
66 49 45 60 10 15 48 36 13 
8
68 4 23 56 21 62 31 80 
5
68 4 52 13 21 
8
68 13 36 34 79 27 59 69 
6
68 40 51 75 42 64 
5
69 2 10 60 45 
4
69 2 70 20 
7
69 59 60 70 65 41 34 
12
69 71 34 41 43 8 57 65 60 59 76 40 
7
70 34 71 29 53 44 22 
4
70 53 44 80 
6
72 48 51 75 42 69 
5
72 48 76 40 51 
5
73 15 48 45 49 
13
73 30 58 3 32 41 43 79 65 70 60 59 6 
4
74 64 69 2 
7
76 28 42 80 19 29 6 
10
76 28 80 19 29 6 61 70 20 43 
5
76 48 72 78 69 
6
76 57 65 70 20 43 
14
77 28 65 11 29 8 71 62 31 49 76 6 24 72 
5
77 28 76 47 60 
13
78 69 64 74 26 55 10 60 47 37 23 28 80 
5
78 72 4 12 61 
12
78 72 48 51 50 7 65 75 42 40 68 4 
9
79 34 61 6 24 57 65 7 50 
12
79 43 72 60 47 76 49 9 77 71 62 40 
6
79 65 15 53 4 7 
4
80 13 21 62 
4
80 15 48 51 
10
80 28 42 27 79 54 10 66 8 29 
7
80 62 31 21 13 45 49 
6
80 62 75 76 57 65 
