80 256 500
1 6
1 27
1 64
1 77
2 10
2 33
2 52
2 56
2 69
2 70
3 32
3 39
3 52
3 58
4 7
4 12
4 19
4 23
4 52
4 53
4 68
4 72
5 31
5 45
5 46
5 57
5 59
6 11
6 24
6 29
6 38
6 43
6 52
6 53
6 59
6 61
6 73
6 76
6 77
7 50
7 65
8 9
8 29
8 43
8 46
8 53
8 57
8 65
8 66
8 71
9 27
9 49
9 77
10 15
10 54
10 55
10 60
10 66
11 29
11 40
11 56
11 65
12 20
12 30
12 31
12 51
12 52
12 61
13 19
13 21
13 36
13 45
13 52
13 68
13 80
14 19
14 25
14 48
14 54
14 58
14 74
15 24
15 45
15 46
15 48
15 53
15 65
15 68
15 73
15 80
16 35
16 41
16 44
16 76
17 30
17 37
17 39
17 46
17 48
17 74
17 77
18 36
18 54
18 55
18 77
19 29
19 33
19 50
19 53
19 80
20 24
20 43
20 45
20 59
20 70
21 31
21 56
21 62
22 25
22 44
22 76
23 28
23 37
23 56
23 60
23 63
24 41
24 43
24 57
24 72
25 33
25 58
25 62
25 64
26 35
26 55
26 61
26 74
27 31
27 42
27 59
27 79
28 42
28 43
28 65
28 76
28 77
28 80
29 53
29 71
29 74
29 76
30 34
30 43
30 47
30 58
30 73
30 80
31 49
31 62
31 76
31 80
32 41
33 63
34 36
34 41
34 45
34 56
34 61
34 70
34 71
34 79
36 40
36 48
36 75
37 39
37 40
37 47
38 68
39 41
39 54
39 61
39 64
39 66
40 42
40 51
40 62
40 68
40 76
41 43
41 55
41 65
41 76
42 64
42 69
42 75
42 80
43 72
43 79
44 53
44 80
45 48
45 49
45 60
47 60
47 76
48 51
48 72
48 76
49 66
49 76
50 51
50 55
50 57
50 67
51 75
52 75
52 80
53 56
53 70
53 76
54 56
54 71
54 73
54 79
55 59
55 75
57 65
57 76
58 67
59 60
59 69
59 76
60 65
60 70
60 72
61 70
61 74
62 63
62 71
62 74
62 75
62 80
63 73
64 69
64 74
65 70
65 72
65 75
65 79
69 71
69 78
69 80
71 77
72 78
75 76
4
1 6 38 68 
5
1 64 42 80 44 
4
1 77 9 8 
4
1 77 9 27 
9
1 77 9 27 42 69 71 54 39 
8
1 77 28 42 69 78 72 24 
8
2 10 15 73 30 17 74 61 
7
2 10 54 79 34 45 5 
5
2 33 25 58 30 
4
2 52 12 20 
7
2 52 12 20 45 48 76 
7
2 56 34 70 61 6 38 
4
2 69 59 20 
12
2 69 80 15 45 20 43 30 12 61 6 38 
4
3 32 41 76 
5
3 39 41 76 47 
5
3 52 4 68 38 
5
3 52 6 77 1 
17
3 58 14 74 26 55 10 2 70 60 72 43 79 27 9 77 17 
6
4 7 50 19 14 25 
6
4 7 50 55 59 6 
14
4 7 65 28 42 40 62 25 64 69 80 31 27 1 
8
4 12 52 2 69 59 76 22 
4
4 19 50 51 
11
4 52 12 31 62 40 11 29 74 26 35 
19
4 68 13 21 31 80 30 73 6 29 71 77 28 76 59 27 9 8 43 
5
4 68 15 73 63 
13
4 72 65 15 80 42 40 51 75 36 13 52 12 
4
5 31 76 16 
4
5 31 76 28 
4
5 31 76 57 
6
5 57 65 60 59 69 
4
5 59 69 2 
5
5 59 69 42 40 
8
6 11 29 19 50 7 65 70 
9
6 11 29 19 53 70 34 56 2 
6
6 11 29 76 41 43 
5
6 11 65 57 8 
10
6 24 15 10 60 59 5 46 8 57 
7
6 38 68 4 23 28 65 
10
6 38 68 4 72 43 20 59 27 79 
6
6 53 19 14 48 36 
14
6 53 44 80 30 47 76 22 25 58 67 50 19 33 
10
6 77 17 37 23 56 21 62 80 44 
6
7 4 19 50 51 75 
9
7 4 23 37 17 30 34 41 16 
5
7 4 52 80 15 
19
7 50 57 24 20 12 31 62 71 29 6 38 68 13 45 49 9 27 1 
7
7 50 67 58 14 19 13 
10
7 65 41 34 61 70 2 52 3 39 
8
7 65 70 60 23 4 68 15 
11
7 65 72 24 6 73 63 23 37 17 48 
5
8 43 28 76 75 
4
8 46 15 53 
4
8 53 19 14 
12
8 65 57 50 51 40 62 74 17 39 3 58 
4
8 66 39 17 
17
9 49 76 28 80 44 22 25 64 74 14 54 79 43 72 60 65 
5
9 49 76 31 12 
10
9 77 1 64 42 28 76 49 45 5 
17
9 77 6 29 76 41 43 72 65 8 71 34 45 5 46 17 74 
11
9 77 71 62 75 76 40 11 29 19 14 
4
9 77 71 69 
5
10 54 79 34 36 
4
10 55 41 76 
5
10 55 50 57 8 
12
10 66 8 29 6 76 22 25 58 3 39 37 
7
10 66 49 76 6 61 39 
10
11 29 71 34 41 55 75 51 50 19 
15
11 29 74 64 39 61 34 79 54 56 2 69 59 76 47 
5
11 40 62 74 64 
9
11 56 21 31 12 61 74 17 48 
8
11 56 34 36 75 62 71 54 
5
11 65 41 43 20 
4
11 65 75 55 
8
11 65 75 76 53 4 52 6 
4
12 4 52 2 
6
12 4 72 60 47 76 
5
12 30 34 79 27 
9
12 31 80 62 71 8 43 72 4 
9
12 51 75 52 13 68 40 37 23 
5
12 51 75 76 28 
4
12 52 4 53 
4
12 61 26 74 
4
12 61 39 17 
7
13 19 50 55 10 66 49 
9
13 19 53 29 11 65 28 43 41 
13
13 19 53 70 2 52 12 61 34 56 54 79 65 
8
13 21 31 12 4 53 8 9 
8
13 36 18 54 14 19 33 25 
9
13 36 34 79 43 8 46 5 57 
4
13 52 4 7 
8
13 52 6 73 54 14 48 17 
7
13 68 4 23 60 59 69 
5
13 80 28 23 56 
12
13 80 42 27 79 65 11 56 23 60 72 48 
10
13 80 69 2 70 20 59 5 45 49 
4
14 19 50 7 
4
14 19 50 67 
6
14 25 22 76 16 35 
11
14 25 58 30 34 71 29 6 11 56 2 
12
14 54 56 21 31 12 4 7 50 51 40 36 
10
14 74 17 46 8 53 76 41 55 59 
8
14 74 26 61 70 2 10 60 
6
14 74 29 6 1 77 
4
15 48 76 16 
4
15 53 76 57 
4
15 68 40 76 
9
15 80 42 28 23 37 47 60 45 
8
16 35 26 55 18 77 1 64 
6
16 35 26 61 6 24 
6
16 76 40 68 38 6 
9
16 76 41 55 26 74 62 31 5 
4
17 48 14 25 
4
17 74 29 53 
12
17 77 28 42 69 71 8 65 15 46 5 45 
9
18 36 40 42 28 43 6 53 56 
4
18 54 71 69 
19
18 55 26 35 16 76 29 71 77 17 46 8 57 5 59 20 12 4 53 
5
18 55 59 27 79 
12
19 29 8 65 57 50 51 12 52 3 58 67 
4
20 43 41 65 
9
20 43 79 54 39 41 55 59 5 
4
20 45 13 21 
4
20 45 34 56 
7
20 45 60 59 69 78 72 
6
20 59 60 72 4 23 
4
20 70 34 79 
4
20 70 61 39 
7
21 31 62 80 30 58 25 
6
21 31 76 6 43 30 
10
21 56 23 28 76 6 29 8 9 27 
4
21 62 75 51 
9
21 62 80 30 17 37 47 76 29 
7
22 25 33 2 70 60 47 
5
22 25 58 67 50 
4
22 44 16 35 
8
22 44 53 29 76 16 41 34 
5
22 76 16 35 26 
6
22 76 40 42 80 44 
4
23 4 12 52 
6
23 28 77 17 37 39 
4
23 37 39 41 
6
23 37 47 76 16 44 
8
23 37 47 76 59 5 57 65 
4
23 56 54 73 
4
23 60 65 79 
6
23 60 72 4 19 33 
7
24 6 29 8 66 39 3 
7
24 6 52 4 68 40 36 
9
24 6 59 27 31 12 4 7 50 
8
24 15 53 4 72 43 8 71 
6
24 20 12 30 47 60 
11
24 57 76 22 44 53 4 52 2 69 59 
14
24 72 48 36 18 55 59 5 31 76 41 34 70 60 
7
25 33 2 10 60 23 56 
4
25 33 2 70 
6
25 62 40 42 75 36 
6
25 64 39 41 76 40 
11
25 64 74 29 53 70 60 65 75 42 27 
6
25 64 74 61 39 66 
10
26 35 16 41 24 72 60 10 66 8 
12
26 35 16 76 41 43 30 73 54 56 53 4 
5
26 55 10 60 65 
6
26 55 10 66 8 65 
16
26 55 41 39 37 40 36 13 21 56 34 79 54 14 58 30 
11
26 55 75 36 48 15 46 17 37 39 3 
4
26 61 12 4 
19
26 61 39 41 55 50 67 58 25 33 63 73 15 24 72 78 69 59 76 
8
27 1 64 74 17 39 41 32 
5
27 31 12 51 75 
5
27 31 49 76 59 
7
27 42 28 77 18 54 73 
9
27 59 5 57 8 46 17 74 26 
5
29 6 59 20 43 
5
29 6 73 54 14 
4
29 6 77 9 
13
29 19 33 2 52 80 62 31 49 66 8 53 76 
8
29 19 53 15 24 43 72 4 
7
29 53 6 11 65 72 24 
6
29 71 8 57 76 22 
4
29 76 40 37 
12
29 76 57 5 59 27 79 43 28 77 6 11 
5
30 12 52 75 76 
5
30 17 39 3 32 
7
30 43 6 11 65 57 8 
4
30 47 60 65 
5
30 47 60 65 79 
7
30 47 76 41 39 61 74 
4
30 58 3 32 
5
30 80 15 46 8 
6
30 80 31 76 75 51 
13
31 21 13 36 48 76 29 53 8 43 41 16 35 
8
31 27 42 75 76 59 20 43 
6
31 49 45 34 30 58 
10
31 49 66 39 3 52 6 29 76 53 
4
31 76 6 29 
5
31 76 59 69 78 
5
32 3 39 54 73 
20
32 3 52 4 53 6 43 24 57 8 29 11 65 75 62 31 12 51 48 36 
7
32 41 34 36 75 55 10 
5
32 41 43 79 54 
4
32 41 76 47 
7
33 25 14 58 30 73 63 
4
33 63 23 37 
7
33 63 23 60 65 70 2 
12
33 63 62 75 76 22 44 80 15 65 57 50 
8
34 30 17 39 66 8 29 74 
4
34 30 80 52 
5
34 36 48 72 4 
6
34 41 24 57 5 31 
9
34 45 60 10 15 24 43 72 65 
7
34 56 11 40 68 13 45 
6
34 56 21 62 74 64 
6
34 61 39 64 74 29 
4
34 70 2 33 
14
34 79 65 8 46 17 74 14 25 64 39 54 18 36 
4
35 26 55 10 
13
35 26 55 50 51 48 45 13 21 31 49 66 39 
4
35 26 61 6 
4
35 26 61 74 
11
35 26 61 74 29 8 71 77 17 39 64 
6
36 13 19 14 54 71 
5
36 13 52 3 39 
7
36 13 68 15 80 31 27 
15
36 13 80 30 34 56 2 70 65 41 55 59 76 6 61 
7
36 18 77 6 61 34 41 
7
36 34 45 15 48 76 40 
6
36 40 76 31 12 30 
4
36 75 76 40 
5
37 17 30 34 56 
7
37 17 30 80 52 2 56 
9
37 17 74 64 1 6 53 44 22 
13
37 39 41 43 28 65 8 66 10 54 73 6 77 
10
37 40 11 56 23 60 59 6 29 74 
4
37 40 62 63 
7
38 6 24 43 28 80 44 
11
38 6 24 57 65 75 36 48 15 46 5 
8
38 6 52 75 42 28 76 16 
4
38 6 61 39 
6
38 6 61 74 14 48 
6
38 68 4 12 51 40 
13
38 68 15 24 20 70 60 65 11 29 19 50 57 
4
39 3 58 67 
7
39 17 30 43 24 72 60 
4
39 61 12 51 
32
39 61 26 55 75 62 80 28 77 1 27 42 64 74 14 19 50 67 58 25 33 2 10 66 49 45 48 36 40 76 22 44 
8
39 61 70 34 56 23 4 53 
12
40 11 56 34 30 12 52 6 61 74 29 53 
4
40 42 28 65 
11
40 42 28 65 11 6 29 53 8 71 62 
8
40 51 75 42 28 76 6 38 
19
41 16 35 26 74 62 63 23 37 39 61 34 36 48 45 15 10 2 70 
10
41 24 15 80 52 6 61 74 17 30 
5
41 24 20 43 28 
10
41 32 3 58 25 64 74 26 61 6 
4
41 34 36 48 
6
41 34 56 2 10 55 
12
41 43 30 58 14 48 15 68 4 52 6 73 
6
41 43 79 65 60 23 
5
41 65 57 24 43 
5
42 28 65 57 5 
15
42 64 25 14 54 56 34 30 58 67 50 7 4 19 53 
4
43 20 59 27 
9
43 24 6 53 56 2 52 75 42 
9
43 28 65 7 50 55 59 69 42 
8
43 28 65 11 40 36 48 17 
5
43 28 77 6 24 
7
43 79 65 70 2 69 80 
4
44 16 76 40 
9
44 22 25 64 1 77 28 65 57 
5
44 22 76 6 61 
9
44 80 15 46 5 57 24 6 11 
7
44 80 15 48 45 20 59 
5
44 80 42 69 64 
7
45 13 19 4 12 30 58 
11
45 13 21 62 80 19 53 15 24 6 38 
7
45 15 80 31 12 30 47 
12
45 15 80 44 16 76 29 8 43 30 17 46 
4
45 34 36 48 
4
46 15 73 54 
6
46 17 30 80 31 5 
7
47 30 34 56 21 62 40 
4
47 30 58 67 
4
47 30 73 15 
9
47 30 73 15 46 17 39 66 49 
6
47 30 73 63 62 40 
8
47 37 39 54 71 69 42 27 
5
47 37 39 64 1 
6
47 60 10 15 46 8 
5
47 60 10 66 49 
4
47 60 70 53 
17
48 15 45 20 12 51 50 57 65 11 6 76 28 77 9 8 66 
13
48 15 46 8 53 56 54 79 65 57 76 41 43 
4
48 17 37 47 
7
48 17 39 41 24 20 12 
7
48 36 13 45 60 70 65 
8
48 36 40 37 47 30 34 71 
4
48 36 40 42 
8
48 36 75 62 71 29 6 38 
6
48 45 34 71 8 29 
6
48 51 12 4 19 80 
6
48 51 40 42 75 52 
10
48 51 50 7 65 8 53 4 72 24 
4
48 76 28 77 
8
48 76 29 8 57 65 28 42 
14
48 76 29 71 69 59 20 70 34 56 53 8 9 77 
4
48 76 40 51 
5
49 31 5 57 50 
10
49 45 15 68 13 19 4 23 63 73 
4
49 76 6 24 
12
50 19 13 45 48 51 75 76 16 35 26 61 
5
50 19 80 28 43 
6
50 55 75 76 16 35 
4
50 57 24 41 
8
50 57 76 6 53 44 22 25 
4
50 67 58 3 
5
51 40 42 64 39 
4
51 40 62 31 
4
51 48 14 54 
23
51 48 72 60 45 34 61 39 64 1 27 59 55 75 42 69 71 29 6 43 79 54 73 
5
51 75 62 63 33 
4
52 2 70 60 
4
52 3 39 54 
5
52 3 39 66 8 
5
52 4 19 33 63 
4
52 6 24 15 
16
52 6 29 8 9 27 31 62 75 76 48 14 25 64 74 26 
8
52 13 45 5 59 76 53 44 
14
52 13 80 62 21 31 76 22 25 14 58 30 17 46 
12
52 75 65 11 56 34 71 54 39 37 23 4 
4
53 4 19 29 
5
53 4 72 24 57 
5
53 6 29 74 61 
5
53 8 71 54 73 
6
53 8 71 62 63 33 
6
53 15 48 76 6 24 
4
53 15 80 30 
9
53 15 80 31 5 57 24 43 28 
10
53 19 50 55 26 61 74 64 25 14 
10
53 44 16 35 26 61 34 70 65 57 
12
53 44 16 41 76 57 50 51 12 20 45 60 
4
53 56 2 33 
9
53 76 49 45 20 70 65 72 43 
5
54 14 74 26 35 
7
54 56 11 65 41 43 28 
8
54 56 21 13 52 2 69 71 
4
55 10 2 69 
5
55 18 54 39 37 
5
55 41 43 20 12 
6
55 50 51 75 36 48 
5
56 11 40 76 75 
13
56 23 60 70 2 33 63 62 71 29 6 11 65 
10
56 34 45 13 19 53 6 43 41 32 
6
56 54 14 25 64 42 
6
57 5 31 80 30 12 
8
57 5 59 76 40 42 80 31 
4
57 8 71 69 
7
57 24 15 10 60 23 4 
6
57 24 15 45 48 72 
7
57 24 41 76 16 44 80 
10
57 24 41 76 48 45 15 10 55 18 
5
57 65 11 56 34 
4
57 65 72 48 
5
58 3 32 41 76 
7
58 3 39 64 25 22 76 
5
58 14 19 33 2 
9
58 14 48 51 40 62 71 77 18 
15
58 25 33 19 53 29 71 54 14 48 36 34 56 2 70 
7
58 30 34 70 60 23 4 
4
58 67 50 51 
6
59 5 57 65 15 45 
9
59 6 1 27 42 64 39 61 70 
8
59 6 29 11 65 70 61 34 
4
59 20 24 43 
4
59 27 31 5 
4
59 27 42 80 
10
59 60 65 79 27 31 62 63 33 25 
8
59 69 80 13 19 50 67 58 
17
60 45 13 80 62 75 42 40 68 4 19 29 6 76 47 37 23 
6
60 65 7 4 19 50 
5
60 70 2 10 55 
4
60 70 20 45 
5
60 70 34 30 73 
6
60 70 53 56 34 30 
15
60 70 61 6 59 76 57 8 66 39 41 24 72 4 12 
12
60 72 4 19 53 76 49 66 10 2 70 34 
7
61 6 11 65 7 4 23 
8
61 12 4 72 43 30 58 25 
8
61 12 51 48 72 24 6 43 
4
61 26 55 41 
12
61 39 17 77 28 42 69 80 13 36 40 68 
17
61 74 14 54 39 66 10 55 50 57 8 29 6 43 24 15 73 
8
62 25 33 2 10 66 39 3 
15
62 31 49 9 27 59 76 53 29 8 43 28 42 69 64 
5
62 63 33 2 10 
12
62 71 54 56 21 13 19 80 69 2 33 25 
6
62 75 36 48 72 78 
8
62 80 31 21 56 23 37 40 
16
63 23 28 43 6 53 4 52 2 69 42 75 76 57 5 46 
29
63 23 56 34 61 6 29 8 46 15 68 13 52 80 44 53 4 19 50 51 12 31 49 45 20 24 43 41 32 
8
63 23 56 53 70 61 34 45 
14
64 1 6 52 2 33 19 4 23 63 73 30 43 20 
5
64 1 27 31 5 
4
64 1 27 79 
5
64 25 62 75 52 
5
64 69 2 10 66 
4
64 69 42 28 
5
64 69 71 54 56 
7
64 74 26 61 39 3 32 
13
65 7 4 52 80 69 2 33 19 13 45 48 72 
4
65 8 9 27 
5
65 8 46 15 80 
14
65 57 5 46 17 30 47 37 40 68 13 19 14 58 
25
65 60 23 28 42 69 78 72 24 41 76 31 80 15 73 63 62 40 68 13 45 48 14 54 56 
12
65 60 47 37 17 30 43 6 76 48 14 25 
4
65 60 72 78 
13
65 75 51 40 36 48 14 58 25 62 63 23 4 
4
66 8 57 50 
11
66 8 57 65 41 76 53 19 80 44 22 
5
66 10 2 69 80 
5
66 10 15 48 76 
9
66 10 55 75 62 74 64 1 27 
5
66 39 64 42 27 
13
66 49 9 77 28 43 20 45 60 72 78 69 80 
5
67 50 51 48 76 
14
67 50 57 76 29 71 8 65 15 24 41 39 3 32 
9
67 58 30 47 37 40 11 6 24 
5
68 4 52 12 30 
15
68 4 72 65 75 55 10 60 47 37 17 46 15 80 52 
5
68 13 19 33 63 
11
68 13 21 62 40 42 27 31 12 61 26 
5
68 13 52 75 42 
5
68 15 46 5 45 
5
68 40 51 50 19 
4
69 2 10 66 
5
69 59 5 46 15 
13
69 64 74 61 12 20 43 24 57 8 71 62 75 
18
69 71 34 36 40 37 47 60 45 20 59 5 57 24 41 55 75 51 
8
69 71 54 73 6 53 29 8 
5
69 80 28 42 64 
9
69 80 52 6 73 30 43 41 32 
6
70 2 69 42 75 51 
7
70 20 12 4 72 43 79 
23
70 20 43 6 29 19 50 57 76 28 42 75 52 4 72 60 65 15 53 56 34 36 13 
4
70 34 45 5 
5
70 34 56 23 4 
12
70 53 19 33 63 23 28 80 44 22 25 58 
10
70 60 47 30 58 14 48 15 80 13 
5
70 65 79 34 45 
18
71 29 76 41 16 35 26 74 17 37 39 61 70 60 59 69 2 10 
15
71 77 1 64 42 28 76 31 80 52 3 39 66 49 45 
5
71 77 9 27 1 
6
72 4 53 56 2 10 
5
72 4 68 40 11 
6
72 24 43 20 45 13 
9
72 48 76 6 77 71 62 74 26 
5
72 78 69 59 6 
20
73 6 11 65 15 46 8 66 39 3 32 41 55 10 60 70 34 71 77 28 
9
73 6 52 80 19 14 58 3 32 
7
73 6 77 18 55 50 51 
4
73 15 24 57 
4
73 15 80 28 
4
73 30 34 79 
8
74 14 25 64 42 28 77 17 
7
74 14 48 72 43 6 38 
4
74 17 37 39 
4
74 26 35 16 
9
74 26 55 10 66 8 71 54 14 
6
74 26 61 39 54 79 
7
74 29 19 4 72 48 17 
8
74 62 31 12 30 80 19 13 
4
74 62 63 23 
4
74 62 63 73 
8
74 64 69 2 70 60 23 37 
7
75 55 10 66 8 9 27 
8
75 55 59 5 57 8 9 27 
5
75 65 60 70 34 
6
76 29 53 4 12 51 
8
76 40 62 74 64 69 42 28 
10
77 1 6 29 53 56 21 13 19 14 
11
77 1 64 25 58 14 19 53 76 41 32 
4
77 6 43 72 
5
77 6 76 31 62 
14
78 69 59 76 28 43 8 57 24 6 1 77 9 27 
17
78 69 64 25 62 31 5 45 60 10 55 50 51 40 76 28 77 
4
78 69 71 77 
7
78 69 80 19 13 45 5 
14
78 72 24 43 30 34 45 15 46 8 71 77 17 74 
14
78 72 65 7 50 19 14 48 51 40 68 13 21 56 
14
78 72 65 70 2 69 64 42 28 77 18 36 34 41 
7
79 27 9 49 45 20 59 
7
79 34 70 61 12 31 76 
6
79 34 71 29 76 49 
11
79 54 39 41 24 43 8 71 29 53 44 
12
79 54 39 66 10 60 70 65 75 52 13 80 
5
79 65 11 40 62 
4
80 13 36 75 
4
80 19 29 6 
5
80 52 4 19 29 
