40 68 500
1 12
1 21
2 3
2 30
2 35
3 12
3 13
3 28
3 32
4 16
4 23
4 31
4 35
5 13
5 15
5 22
5 30
6 28
7 15
8 20
8 21
8 27
8 33
9 16
10 18
10 27
10 31
10 39
11 21
11 34
12 14
12 15
12 18
12 31
13 30
15 18
15 27
15 38
16 27
16 33
17 18
17 33
17 36
18 37
19 22
19 28
20 31
20 35
21 36
23 29
23 33
23 40
24 25
25 32
25 38
25 39
26 35
28 33
30 31
31 32
31 37
31 39
32 35
33 39
34 35
35 38
36 39
36 40
4
1 12 3 28 
4
1 12 31 32 
7
1 12 31 37 18 15 38 
5
1 12 31 39 25 
5
1 21 8 20 31 
8
1 21 8 27 16 33 39 25 
13
1 21 8 33 28 3 12 18 17 36 39 10 31 
6
1 21 8 33 28 19 
4
1 21 11 34 
15
1 21 11 34 35 2 3 28 33 39 36 40 23 4 31 
5
1 21 36 17 18 
5
1 21 36 39 10 
5
1 21 36 39 25 
6
1 21 36 39 33 23 
14
1 21 36 40 23 33 8 20 31 12 3 2 30 5 
7
2 3 12 1 21 36 17 
6
2 3 12 15 27 16 
4
2 3 32 25 
14
2 30 5 13 3 32 31 4 35 38 15 18 12 14 
8
2 30 5 13 3 32 35 26 
4
2 30 31 12 
4
2 30 31 20 
4
2 30 31 32 
5
2 30 31 32 25 
4
2 30 31 37 
4
2 35 4 16 
6
2 35 4 16 27 8 
8
2 35 20 31 32 3 12 1 
7
2 35 20 31 39 33 17 
6
2 35 32 3 12 14 
5
2 35 32 3 13 
7
2 35 38 15 12 18 37 
7
3 2 30 13 5 15 18 
6
3 2 30 31 39 33 
4
3 2 35 4 
8
3 2 35 20 31 10 18 12 
4
3 2 35 38 
4
3 12 15 27 
6
3 12 31 32 35 34 
4
3 13 5 22 
6
3 13 5 22 19 28 
8
3 13 30 2 35 4 16 9 
6
3 13 30 2 35 26 
6
3 13 30 5 15 38 
13
3 28 19 22 5 13 30 31 39 10 27 15 7 
5
3 28 33 23 40 
17
3 32 25 38 35 20 8 33 39 31 10 27 15 5 13 30 2 
4
3 32 31 10 
5
3 32 35 20 8 
5
4 16 27 8 21 
6
4 16 33 28 19 22 
11
4 16 33 39 10 27 8 21 36 17 18 
6
4 23 33 28 3 13 
4
4 31 10 39 
7
4 31 12 15 27 10 39 
4
4 31 20 35 
5
4 31 32 35 38 
4
4 31 37 18 
5
4 31 37 18 12 
7
4 35 32 3 12 18 17 
14
4 35 32 25 39 10 31 12 15 27 16 33 23 29 
7
5 15 27 8 33 39 10 
7
5 15 38 25 32 35 4 
4
5 15 38 35 
4
5 22 19 28 
7
5 22 19 28 33 8 20 
6
5 30 31 12 3 2 
7
5 30 31 37 18 12 14 
14
6 28 3 12 18 17 36 40 23 4 35 32 31 10 
8
6 28 3 32 31 4 35 2 
8
6 28 3 32 35 38 15 12 
5
6 28 19 22 5 
6
6 28 19 22 5 13 
7
6 28 19 22 5 13 3 
12
6 28 19 22 5 13 3 2 35 4 31 30 
13
6 28 19 22 5 13 30 31 10 39 33 16 9 
8
6 28 33 8 21 36 17 18 
5
6 28 33 16 4 
6
6 28 33 17 18 10 
5
6 28 33 23 29 
7
6 28 33 23 40 36 17 
8
6 28 33 23 40 36 39 25 
7
6 28 33 39 31 37 18 
6
6 28 33 39 36 40 
4
7 15 5 13 
12
7 15 5 13 3 28 33 16 27 8 20 35 
5
7 15 5 13 30 
20
7 15 5 13 30 2 35 34 11 21 1 12 18 37 31 39 33 8 27 10 
7
7 15 5 13 30 31 12 
5
7 15 5 22 19 
9
7 15 5 22 19 28 3 12 14 
9
7 15 12 18 17 36 39 10 31 
11
7 15 18 10 27 8 20 31 4 35 26 
4
7 15 18 17 
5
7 15 18 17 33 
4
7 15 18 37 
6
7 15 18 37 31 4 
18
7 15 18 37 31 12 3 2 35 4 23 40 36 17 33 39 25 24 
7
7 15 18 37 31 20 35 
5
7 15 27 8 20 
6
7 15 27 8 21 1 
8
7 15 27 8 33 16 4 31 
7
7 15 27 8 33 16 9 
9
7 15 27 10 39 31 30 13 3 
11
7 15 27 16 4 31 10 39 33 23 29 
14
7 15 27 16 4 31 32 25 38 35 2 3 12 14 
7
7 15 27 16 33 28 6 
9
7 15 27 16 33 39 36 21 1 
4
7 15 38 25 
5
7 15 38 25 24 
5
7 15 38 35 2 
11
7 15 38 35 34 11 21 8 27 16 9 
13
8 20 31 10 27 15 38 35 4 16 33 23 29 
9
8 21 36 17 18 12 15 5 22 
6
8 27 10 18 15 7 
12
8 27 15 12 1 21 11 34 35 38 25 24 
4
8 33 28 3 
4
8 33 39 31 
12
8 33 39 36 17 18 10 31 12 15 27 16 
5
9 16 4 23 29 
4
9 16 4 31 
8
9 16 4 31 10 18 15 27 
9
9 16 4 31 10 39 33 23 29 
6
9 16 4 31 12 14 
11
9 16 4 31 30 13 5 22 19 28 6 
7
9 16 4 31 37 18 15 
10
9 16 4 35 32 25 39 36 17 18 
7
9 16 4 35 38 25 24 
10
9 16 27 8 33 17 36 21 11 34 
7
9 16 27 8 33 39 25 
5
9 16 27 10 18 
7
9 16 27 10 18 12 14 
6
9 16 27 15 12 14 
6
9 16 27 15 12 18 
5
9 16 27 15 18 
6
9 16 33 8 27 10 
11
9 16 33 17 18 37 31 39 36 40 23 
8
9 16 33 17 36 40 23 29 
14
9 16 33 23 4 31 12 3 32 35 20 8 27 15 
5
9 16 33 28 6 
8
9 16 33 39 25 38 35 26 
15
9 16 33 39 31 20 8 21 36 40 23 4 35 34 11 
4
10 18 12 14 
6
10 18 12 15 38 25 
4
10 18 37 31 
5
10 27 8 20 35 
8
10 27 8 21 1 12 31 20 
12
10 27 15 12 3 13 30 5 22 19 28 33 
4
10 27 15 18 
16
10 27 15 18 17 33 23 40 36 39 31 20 35 4 16 9 
9
10 31 20 8 21 36 40 23 29 
5
10 31 32 35 34 
4
10 31 39 25 
15
10 39 31 4 16 27 8 20 35 32 3 12 15 38 25 
6
10 39 33 28 19 22 
19
11 21 1 12 31 32 25 39 36 17 33 28 19 22 5 30 2 3 13 
7
11 21 8 27 16 33 17 
4
11 21 8 33 
5
11 21 8 33 16 
4
11 21 36 17 
5
11 21 36 17 18 
7
11 21 36 39 10 31 12 
6
11 21 36 39 25 32 
7
11 21 36 40 23 4 31 
8
11 21 36 40 23 4 35 26 
10
11 34 35 20 8 21 1 12 18 17 
5
11 34 35 20 31 
4
11 34 35 32 
4
12 1 21 8 
14
12 1 21 8 20 31 4 23 33 39 25 38 35 26 
20
12 1 21 8 20 31 30 2 3 28 33 39 36 40 23 4 35 38 15 7 
7
12 1 21 8 20 35 38 
4
12 1 21 36 
5
12 1 21 36 40 
5
12 3 32 35 34 
5
12 18 37 31 32 
7
12 31 10 39 33 28 19 
6
12 31 30 5 15 7 
5
12 31 32 35 38 
4
13 3 2 30 
10
13 3 2 35 34 11 21 1 12 14 
8
13 3 12 1 21 8 33 28 
14
13 3 12 1 21 11 34 35 2 30 5 22 19 28 
4
13 3 28 6 
4
13 5 15 12 
4
13 5 15 18 
14
13 5 22 19 28 33 23 40 36 21 11 34 35 32 
8
13 5 30 2 35 32 25 24 
6
13 5 30 31 12 15 
8
13 30 2 3 12 31 37 18 
7
13 30 2 35 4 16 9 
5
13 30 5 15 18 
4
13 30 5 22 
9
13 30 31 12 15 27 8 21 11 
10
14 12 15 5 30 13 3 28 33 16 
21
14 12 15 38 25 32 35 20 31 4 16 33 8 27 10 18 17 36 40 23 29 
8
14 12 15 38 25 32 35 26 
11
14 12 18 15 5 30 31 32 35 34 11 
7
14 12 18 17 36 40 23 
6
14 12 31 4 16 9 
5
14 12 31 37 18 
10
14 12 31 37 18 10 39 33 16 4 
4
15 5 13 30 
7
15 5 13 30 2 35 26 
6
15 5 30 31 39 10 
4
15 12 18 17 
7
15 12 18 17 36 21 8 
5
15 12 31 32 3 
4
15 18 10 31 
5
15 18 37 31 32 
6
15 27 8 20 35 2 
7
15 38 25 32 31 20 8 
6
15 38 25 32 35 26 
4
15 38 35 4 
4
16 4 23 29 
11
16 4 23 33 28 3 12 18 10 31 37 
4
16 4 31 39 
9
16 4 35 20 31 39 36 17 18 
4
16 4 35 26 
4
16 4 35 38 
6
16 27 8 21 1 12 
10
16 27 10 18 15 12 3 32 35 4 
12
16 27 15 18 10 31 30 5 13 3 28 6 
5
16 33 8 20 35 
6
16 33 8 20 35 26 
6
16 33 28 3 12 14 
5
16 33 39 31 30 
17
17 18 10 27 15 5 13 3 2 30 31 32 35 20 8 21 1 
9
17 18 10 39 33 23 40 36 21 
5
17 18 12 3 28 
5
17 18 12 15 7 
4
17 18 15 27 
8
17 18 15 38 25 39 33 8 
7
17 18 15 38 35 34 11 
20
17 18 37 31 32 3 13 30 5 22 19 28 33 23 40 36 21 1 12 14 
4
17 33 8 20 
4
17 33 28 6 
4
17 33 39 31 
10
17 33 39 31 20 35 4 16 27 8 
8
17 33 39 31 32 25 38 15 
4
17 36 21 11 
4
17 36 39 31 
7
17 36 39 31 4 23 40 
4
17 36 40 23 
5
17 36 40 23 29 
4
18 12 15 27 
8
18 17 36 21 8 33 28 19 
4
18 17 36 39 
6
18 17 36 39 25 32 
12
18 37 31 10 39 33 28 19 22 5 13 30 
12
18 37 31 39 25 38 15 27 8 20 35 26 
8
19 22 5 15 18 37 31 39 
12
19 22 5 15 38 35 32 31 39 33 28 6 
6
19 22 5 30 13 3 
6
19 28 33 8 27 10 
12
19 28 33 17 18 10 31 39 36 40 23 4 
10
20 8 21 36 39 10 31 37 18 15 
10
20 8 27 10 39 25 38 15 18 37 
9
20 8 27 15 18 10 39 31 37 
8
20 8 27 16 33 39 25 32 
4
20 8 33 28 
15
20 8 33 39 10 31 30 13 3 2 35 4 16 27 15 
6
20 31 10 39 25 24 
4
20 31 12 1 
7
20 31 12 1 21 8 33 
4
20 31 12 18 
6
20 31 30 2 3 13 
4
20 31 37 18 
11
20 35 2 3 12 31 10 39 36 40 23 
11
20 35 32 3 13 5 30 31 37 18 15 
6
20 35 34 11 21 36 
6
21 1 12 31 39 10 
11
21 8 27 10 31 39 33 28 3 12 1 
6
21 8 27 10 39 33 
5
21 8 27 15 12 
6
21 8 27 16 4 23 
5
21 8 33 23 29 
6
21 8 33 28 19 22 
5
21 8 33 39 25 
9
21 11 34 35 20 31 37 18 10 
4
22 5 13 30 
13
22 5 13 30 2 3 12 15 18 17 33 39 25 
8
22 5 13 30 2 3 28 33 
5
22 5 15 18 17 
15
22 5 30 13 3 2 35 20 31 10 27 16 4 23 29 
6
22 5 30 31 4 35 
7
22 5 30 31 4 35 26 
4
22 19 28 3 
5
22 19 28 3 2 
11
22 19 28 3 13 5 30 31 12 15 7 
7
22 19 28 3 32 25 24 
12
22 19 28 33 8 21 11 34 35 38 15 27 
5
22 19 28 33 39 
4
23 4 31 37 
4
23 4 35 32 
4
23 4 35 34 
5
23 4 35 38 25 
6
23 33 8 20 31 30 
5
23 33 8 21 36 
6
23 40 36 39 25 24 
7
23 40 36 39 31 20 8 
10
24 25 32 3 2 35 34 11 21 8 
12
24 25 32 3 2 35 34 11 21 8 27 10 
8
24 25 32 3 12 18 37 31 
14
24 25 32 3 28 19 22 5 13 30 31 20 8 33 
6
24 25 32 31 10 39 
9
24 25 32 31 10 39 33 28 6 
7
24 25 32 31 30 2 3 
5
24 25 32 35 26 
4
24 25 38 15 
9
24 25 38 15 5 13 3 2 30 
9
24 25 38 15 5 30 13 3 2 
4
24 25 38 35 
11
24 25 38 35 2 3 13 30 5 15 7 
7
24 25 39 10 18 12 14 
6
24 25 39 10 18 17 
8
24 25 39 10 18 17 33 28 
6
24 25 39 10 27 16 
7
24 25 39 10 31 4 35 
4
24 25 39 31 
6
24 25 39 31 10 27 
11
24 25 39 33 17 36 21 11 34 35 26 
7
24 25 39 36 21 8 20 
19
25 32 31 4 23 33 17 18 12 1 21 11 34 35 38 15 5 30 13 
4
25 32 31 37 
6
25 32 35 4 23 29 
13
25 38 15 5 13 3 32 35 20 31 10 27 16 
7
25 38 15 27 10 39 33 
8
26 35 2 3 13 5 30 31 
11
26 35 2 3 28 33 8 20 31 12 1 
15
26 35 2 30 31 4 16 33 39 10 18 15 38 25 24 
10
26 35 4 16 33 8 27 15 18 37 
4
26 35 4 23 
17
26 35 4 31 37 18 17 33 28 19 22 5 13 3 12 15 7 
4
26 35 20 8 
6
26 35 20 8 33 23 
4
26 35 20 31 
10
26 35 20 31 37 18 17 36 39 25 
14
26 35 32 3 12 18 37 31 10 27 16 33 39 36 
5
26 35 34 11 21 
7
26 35 34 11 21 1 12 
9
26 35 34 11 21 8 27 16 9 
4
26 35 38 15 
11
26 35 38 15 18 17 36 21 1 12 14 
5
26 35 38 25 24 
10
26 35 38 25 32 31 37 18 17 33 
4
27 8 33 39 
5
27 10 18 15 7 
6
27 10 18 37 31 39 
7
27 10 31 20 35 38 25 
4
27 10 31 37 
5
27 10 39 33 23 
5
27 15 18 12 14 
4
28 3 12 18 
9
28 3 32 31 20 8 33 23 29 
7
28 19 22 5 13 30 2 
12
28 19 22 5 13 30 31 32 35 4 23 29 
6
28 19 22 5 15 27 
5
28 19 22 5 30 
16
28 19 22 5 30 31 37 18 15 38 35 4 23 40 36 39 
12
28 33 16 4 31 20 8 27 10 18 15 38 
6
28 33 17 18 12 3 
11
29 23 4 16 33 8 20 35 32 25 24 
15
29 23 4 16 33 17 18 37 31 30 2 35 38 15 12 
10
29 23 33 8 20 31 12 3 28 6 
11
29 23 33 16 27 8 20 31 12 3 32 
6
29 23 33 17 36 21 
12
29 23 33 28 3 2 30 5 15 38 25 24 
5
29 23 33 28 6 
6
29 23 33 39 25 24 
11
29 23 33 39 25 32 35 4 16 27 8 
10
29 23 33 39 25 38 35 4 16 9 
12
29 23 33 39 31 10 27 8 20 35 32 25 
12
29 23 33 39 31 12 18 15 5 30 2 3 
5
29 23 40 36 17 
8
29 23 40 36 17 18 37 31 
14
29 23 40 36 17 33 16 27 8 20 31 37 18 15 
16
29 23 40 36 17 33 16 27 8 21 1 12 15 38 25 24 
6
30 2 3 12 1 21 
5
30 2 3 12 14 
5
30 2 3 13 5 
6
30 2 35 38 25 24 
7
30 2 35 38 25 32 3 
4
30 31 10 39 
19
30 31 37 18 10 27 16 33 39 36 21 1 12 15 5 22 19 28 6 
4
31 4 23 29 
18
31 4 35 2 30 13 5 15 27 10 18 17 36 21 8 33 23 29 
4
31 4 35 20 
5
31 10 27 8 20 
5
31 10 27 15 5 
7
31 12 15 18 10 27 16 
5
31 12 18 17 36 
4
31 20 35 32 
6
31 30 5 15 38 25 
12
31 30 13 5 22 19 28 3 2 35 38 15 
7
31 32 3 12 15 5 30 
7
31 37 18 15 5 22 19 
7
31 39 25 32 35 2 3 
5
31 39 25 38 15 
6
32 3 2 30 31 10 
6
32 3 12 31 37 18 
4
32 3 28 6 
8
32 25 38 15 18 10 27 8 
4
32 31 10 27 
13
33 8 20 31 30 13 5 15 27 16 4 23 29 
5
33 8 20 35 34 
4
33 8 21 11 
10
33 8 21 11 34 35 32 3 12 14 
6
33 16 27 15 18 37 
4
33 17 18 37 
12
33 17 36 21 11 34 35 32 3 2 30 13 
7
33 17 36 39 25 32 35 
5
33 17 36 40 23 
5
33 23 4 35 34 
4
33 39 10 18 
7
33 39 10 18 15 5 13 
9
33 39 10 27 15 12 31 30 2 
6
33 39 25 32 3 13 
8
33 39 36 21 11 34 35 26 
4
33 39 36 40 
6
34 11 21 1 12 14 
9
34 11 21 8 33 17 18 12 14 
14
34 11 21 8 33 39 25 38 35 2 3 12 15 18 
10
34 11 21 36 39 25 32 31 12 14 
11
34 35 2 30 5 15 27 10 31 20 8 
5
34 35 4 23 29 
5
34 35 4 31 20 
6
34 35 4 31 32 3 
6
34 35 32 3 12 31 
4
34 35 38 15 
6
35 2 30 13 3 28 
6
35 4 16 33 39 31 
4
35 4 23 29 
5
35 4 23 33 8 
8
35 20 31 10 27 15 18 37 
4
35 20 31 32 
8
35 32 25 39 36 40 23 29 
6
35 32 31 37 18 17 
7
35 34 11 21 1 12 14 
13
35 34 11 21 8 27 10 39 31 37 18 17 33 
5
35 34 11 21 36 
6
35 34 11 21 36 40 
8
35 38 15 12 18 17 36 21 
9
35 38 15 18 10 39 31 12 14 
10
35 38 15 27 10 31 32 3 12 14 
8
35 38 15 27 10 39 25 24 
5
36 17 33 8 21 
7
36 21 1 12 15 27 10 
10
36 21 11 34 35 20 8 27 15 38 
6
36 21 11 34 35 32 
6
36 21 11 34 35 38 
4
36 39 10 18 
5
37 18 10 39 25 
5
37 18 12 3 28 
14
37 18 12 15 5 30 2 35 4 31 10 39 25 38 
9
37 18 12 15 5 30 13 3 2 
14
37 18 12 15 38 25 32 35 4 31 39 36 40 23 
7
37 18 12 31 32 3 28 
11
37 18 12 31 39 10 27 8 33 16 9 
15
37 18 15 5 13 3 2 30 31 20 8 21 11 34 35 
8
37 18 17 36 39 31 4 35 
16
37 18 17 36 39 33 16 27 8 20 31 12 3 2 30 13 
6
37 31 10 39 25 38 
5
37 31 12 18 17 
16
37 31 20 8 33 23 4 16 27 10 39 36 17 18 15 7 
8
37 31 32 3 12 15 38 25 
8
38 15 12 18 10 39 31 37 
7
38 15 27 8 21 11 34 
9
38 15 27 10 18 12 3 28 6 
8
38 15 27 10 39 31 12 14 
4
38 35 2 30 
8
38 35 2 30 5 13 3 32 
7
38 35 4 23 40 36 39 
7
38 35 4 31 12 18 10 
8
38 35 20 31 32 3 12 14 
6
39 10 18 37 31 12 
8
39 10 27 8 21 36 17 18 
6
39 10 27 8 33 16 
6
39 25 32 3 12 18 
10
39 25 32 35 2 3 12 31 10 18 
5
39 25 38 35 34 
6
39 31 12 15 18 37 
11
39 36 17 18 10 31 12 1 21 8 27 
4
39 36 40 23 
15
39 36 40 23 4 16 33 28 19 22 5 30 13 3 12 
9
40 23 4 35 2 30 5 22 19 
16
40 23 33 8 21 36 39 10 27 16 4 35 2 30 5 15 
6
40 23 33 8 27 15 
9
40 23 33 17 18 10 27 15 7 
10
40 23 33 17 36 39 31 12 15 7 
10
40 23 33 17 36 39 31 20 8 27 
5
40 23 33 28 19 
15
40 23 33 39 10 27 15 18 37 31 20 35 2 30 13 
7
40 23 33 39 36 21 1 
8
40 23 33 39 36 21 11 34 
7
40 36 17 33 23 4 35 
5
40 36 17 33 39 
4
40 36 39 10 
5
40 36 39 33 23 
8
40 36 39 33 23 4 31 30 
