50 122 500
1 6
1 7
1 11
1 13
1 19
1 34
1 44
2 21
2 31
2 35
2 46
2 49
3 5
3 6
3 24
3 28
3 36
3 50
4 11
4 21
4 24
4 25
4 28
4 33
4 48
5 9
5 30
5 31
5 34
5 35
5 46
6 16
6 18
6 20
6 26
6 28
6 32
6 44
6 47
7 12
7 20
7 35
7 43
7 49
8 18
8 22
8 43
9 35
9 39
10 48
10 49
11 45
12 14
12 23
12 25
12 31
12 33
12 47
13 44
13 46
14 25
14 40
14 44
14 49
15 16
15 21
15 26
15 43
16 17
16 30
16 32
16 48
17 36
17 44
18 21
19 28
19 33
19 36
19 42
19 43
20 35
20 40
22 24
22 45
22 48
23 35
23 39
23 48
24 28
24 33
24 48
25 31
25 35
27 35
27 37
27 38
27 42
28 30
28 44
28 46
28 47
28 49
29 35
29 45
30 33
30 46
32 49
35 46
36 50
37 42
37 47
37 49
38 46
39 46
40 42
40 43
41 43
41 47
41 48
42 43
42 49
44 50
4
1 6 3 36 
12
1 7 20 6 3 36 17 16 32 49 14 40 
5
1 7 20 35 27 
8
1 7 35 9 5 3 6 32 
11
1 7 49 32 16 17 36 50 3 6 28 
7
1 11 4 28 49 42 27 
12
1 11 45 22 24 48 10 49 37 27 35 29 
5
1 13 44 14 25 
5
1 13 44 50 3 
8
1 13 46 28 24 3 50 36 
5
1 19 28 44 13 
7
1 19 28 49 32 6 20 
15
1 19 36 3 28 24 48 23 35 7 43 40 42 49 37 
8
1 19 42 27 35 46 28 30 
5
1 44 28 30 46 
9
2 21 4 24 28 19 43 42 37 
5
2 21 4 28 47 
15
2 21 15 16 17 36 19 42 49 28 6 1 11 45 29 
5
2 21 18 8 22 
4
2 31 12 7 
14
2 31 12 7 20 6 32 16 17 44 14 25 35 29 
6
2 31 12 14 49 10 
6
2 46 28 19 42 49 
7
2 46 30 33 4 24 48 
7
2 46 39 23 35 5 30 
9
2 46 39 23 48 22 24 3 5 
7
2 49 14 44 17 36 50 
4
3 5 35 7 
4
3 5 46 39 
4
3 6 1 34 
8
3 6 1 34 5 46 2 49 
4
3 6 20 7 
5
3 6 26 15 16 
4
3 6 47 28 
4
3 24 4 33 
15
3 24 22 8 18 21 4 48 23 12 25 35 29 45 11 
4
3 24 28 4 
9
3 24 48 16 30 46 38 27 42 
11
3 28 6 26 15 16 48 4 11 1 34 
4
3 28 24 22 
4
3 36 50 44 
4
3 50 44 14 
6
3 50 44 28 30 5 
10
4 11 1 19 33 24 3 5 35 20 
11
4 11 1 34 5 35 46 30 33 12 47 
8
4 11 1 44 28 24 3 50 
4
4 11 45 29 
6
4 21 15 16 6 32 
11
4 21 15 16 17 36 19 42 27 37 49 
5
4 24 22 48 16 
4
4 25 31 2 
5
4 28 46 35 29 
7
4 28 47 12 25 31 2 
6
4 33 12 23 35 46 
7
4 33 19 36 3 28 6 
7
4 33 30 28 19 1 34 
7
4 48 10 49 7 20 40 
8
4 48 10 49 42 40 43 41 
5
4 48 24 33 12 
17
5 3 24 22 8 18 6 32 49 7 35 23 12 47 41 43 42 
6
5 3 24 22 45 11 
13
5 3 36 17 16 30 28 6 26 15 43 7 35 
14
5 3 50 36 17 16 48 10 49 14 25 35 29 45 
5
5 30 46 2 49 
22
5 34 1 11 4 28 46 39 23 35 2 21 18 8 22 48 24 3 50 44 6 47 
8
5 34 1 11 45 29 35 2 
11
5 35 20 6 3 28 46 13 44 1 7 
13
5 35 20 40 14 44 6 16 32 49 42 37 27 
10
5 35 29 45 22 24 3 28 6 44 
4
5 46 13 1 
9
6 3 5 9 39 46 13 44 17 
8
6 3 28 4 33 24 48 22 
4
6 3 28 24 
12
6 18 21 15 16 17 44 28 24 48 22 45 
14
6 26 15 16 48 4 24 28 44 13 1 19 33 30 
4
6 32 16 48 
4
6 32 49 7 
4
6 44 17 16 
7
6 44 28 30 16 48 4 
6
7 1 19 28 24 22 
6
7 12 14 25 35 27 
6
7 12 25 4 33 24 
8
7 12 31 2 49 28 46 5 
5
7 20 35 9 39 
4
7 35 2 21 
4
7 35 5 46 
8
7 35 20 40 43 15 26 6 
5
7 43 19 33 4 
4
7 49 10 48 
4
7 49 28 30 
10
7 49 28 46 35 23 48 41 43 42 
8
7 49 37 42 27 35 20 6 
8
8 18 6 16 15 43 42 37 
4
8 18 21 2 
9
8 18 21 2 31 5 34 1 6 
20
8 22 45 11 1 34 5 35 7 43 19 36 17 16 32 6 44 28 3 50 
8
8 22 45 11 4 48 10 49 
9
8 22 48 4 11 45 29 35 25 
6
8 22 48 4 28 49 
4
8 22 48 24 
8
8 43 7 12 47 37 49 10 
10
8 43 15 16 30 28 3 24 33 19 
10
8 43 15 26 6 18 21 4 11 1 
5
8 43 41 47 6 
6
9 35 5 30 16 17 
5
9 35 7 12 31 
10
9 35 7 20 40 43 19 42 37 47 
4
9 35 25 12 
7
9 35 27 38 46 2 21 
6
9 35 29 45 11 1 
6
10 48 23 39 9 35 
4
10 48 41 47 
5
10 49 28 44 14 
8
10 49 32 6 28 3 24 22 
7
10 49 42 19 36 3 6 
5
11 1 13 44 17 
6
11 1 13 46 28 49 
6
11 1 13 46 35 2 
4
11 1 19 33 
4
11 1 19 36 
15
11 1 34 5 31 25 35 7 20 6 44 14 12 33 24 
5
11 4 25 12 33 
5
11 4 33 19 43 
4
12 14 44 50 
6
12 23 35 9 5 34 
11
12 25 14 49 37 47 28 30 5 35 46 
7
12 25 31 2 35 7 20 
15
12 25 35 20 7 43 15 16 17 44 1 34 5 9 39 
4
12 25 35 29 
5
12 31 5 30 33 
7
12 31 25 4 21 2 46 
4
12 33 4 25 
6
12 33 24 3 5 46 
13
12 33 24 28 30 5 34 1 11 4 48 16 17 
19
12 47 41 43 42 37 27 35 7 1 13 46 39 23 48 16 17 44 14 
5
13 1 7 20 6 
15
13 1 11 4 25 14 49 10 48 23 12 47 6 18 8 
6
13 46 5 30 16 17 
6
13 46 30 5 35 23 
6
14 12 33 30 16 32 
9
14 12 47 41 48 10 49 42 19 
25
14 25 12 23 35 20 6 32 16 17 44 50 3 24 22 48 41 47 28 30 33 4 21 15 26 
4
14 25 31 5 
8
14 40 20 35 25 31 2 21 
4
14 40 42 19 
5
14 40 42 43 19 
14
14 44 17 16 15 43 41 48 10 49 37 27 35 20 
5
14 44 28 46 30 
5
14 49 10 48 4 
4
14 49 28 6 
5
15 16 30 33 19 
7
15 16 32 6 44 17 36 
11
15 21 2 35 9 5 3 36 17 44 50 
5
15 21 4 24 33 
5
15 21 4 28 44 
5
15 21 4 33 12 
10
15 21 18 8 22 45 11 4 25 14 
16
15 26 6 1 19 43 40 14 49 28 46 2 35 7 12 47 
12
15 26 6 32 49 14 40 42 43 8 22 24 
13
15 43 40 20 35 27 38 46 30 16 32 49 37 
4
15 43 40 42 
4
15 43 41 47 
10
15 43 42 19 36 17 44 6 1 11 
6
16 6 28 47 12 33 
5
16 6 32 49 10 
6
16 17 36 3 6 28 
5
16 17 36 19 33 
4
16 30 33 4 
4
16 30 46 5 
21
16 32 6 1 7 12 25 31 5 35 2 49 42 43 19 28 3 50 44 17 36 
6
16 32 6 3 5 34 
14
16 48 22 45 11 1 19 42 43 40 14 49 2 21 
11
16 48 24 3 6 44 13 1 34 5 31 
7
17 16 48 22 45 11 1 
5
17 36 3 50 44 
7
17 36 3 50 44 6 26 
13
17 36 19 1 7 12 14 25 31 2 35 23 48 
7
17 36 19 33 24 3 50 
5
17 44 13 46 30 
4
17 44 28 49 
4
17 44 50 36 
8
18 6 1 7 12 31 5 46 
6
18 6 28 30 33 19 
7
18 6 47 37 42 49 10 
10
18 8 22 24 3 50 36 19 28 44 
20
18 8 22 24 48 23 12 47 6 20 7 43 19 33 30 46 39 9 35 2 
7
18 8 22 45 11 4 48 
5
18 8 43 41 48 
7
18 21 2 35 29 45 22 
6
18 21 4 24 22 8 
8
18 21 15 26 6 28 47 41 
14
19 1 7 43 42 37 49 14 25 4 21 18 8 22 
5
19 1 34 5 31 
15
19 28 4 25 31 5 9 35 2 49 7 1 11 45 29 
4
19 28 6 20 
7
19 28 44 17 16 6 47 
7
19 28 47 6 44 17 16 
5
19 33 24 48 10 
5
19 36 3 24 4 
4
19 36 17 16 
8
19 36 50 3 5 34 1 7 
6
19 42 40 43 8 18 
4
20 6 1 19 
5
20 6 26 15 16 
5
20 7 1 13 46 
4
20 35 5 34 
5
20 35 9 39 46 
13
20 35 23 39 46 2 49 10 48 4 33 24 28 
6
20 35 46 13 44 28 
7
20 40 42 27 37 49 10 
28
20 40 42 27 38 46 30 5 35 9 39 23 12 7 43 15 16 17 44 6 32 49 10 48 24 4 28 19 
4
20 40 42 37 
4
20 40 43 7 
7
20 40 43 8 22 45 29 
14
20 40 43 42 49 2 21 18 6 28 44 13 1 11 
4
21 2 35 5 
6
21 2 46 5 3 28 
5
21 4 24 28 49 
5
21 15 26 6 16 
8
21 15 43 19 36 17 44 28 
18
21 15 43 41 47 28 44 6 32 49 2 46 30 33 12 31 25 14 
5
21 18 6 1 44 
9
21 18 8 22 24 48 4 11 45 
6
22 8 43 15 21 18 
14
22 24 3 36 17 16 6 28 4 48 41 43 15 26 
6
22 24 28 46 2 35 
11
22 24 48 4 28 49 2 31 12 47 41 
5
22 24 48 41 47 
4
22 48 16 6 
6
22 48 16 15 26 6 
7
22 48 23 35 25 12 14 
14
23 35 7 49 42 40 43 8 22 45 11 4 21 2 
10
23 35 20 40 43 7 49 37 42 19 
12
23 35 25 31 5 3 24 28 19 42 43 8 
4
23 35 46 30 
15
23 39 9 35 29 45 11 1 13 46 28 24 22 48 41 
10
23 48 10 49 2 31 25 4 28 24 
9
23 48 22 24 28 3 36 17 44 
6
24 3 6 20 40 42 
7
24 3 6 44 14 49 28 
5
24 3 36 50 44 
4
24 3 50 44 
5
24 4 25 14 12 
4
24 4 28 47 
9
24 22 8 18 6 20 40 42 43 
5
24 22 45 11 1 
4
24 22 45 29 
5
24 22 48 41 43 
4
24 28 30 33 
11
24 28 46 13 44 1 7 12 23 48 10 
4
24 33 12 31 
11
24 33 30 46 5 3 28 47 6 20 40 
12
25 4 28 47 37 49 7 43 40 42 27 35 
6
25 12 14 44 28 24 
4
25 12 31 5 
14
25 12 33 4 28 6 3 36 50 44 1 13 46 35 
10
25 14 12 47 6 16 48 23 39 46 
6
25 14 40 20 7 12 
8
25 31 12 7 1 34 5 46 
4
25 35 5 34 
16
25 35 7 1 19 36 3 50 44 17 16 6 26 15 43 8 
6
25 35 23 39 46 28 
5
26 6 16 15 43 
5
26 6 20 7 35 
7
26 6 20 35 2 49 7 
4
26 6 28 4 
12
26 6 32 16 15 43 19 36 17 44 28 30 
7
26 6 32 49 2 31 25 
12
26 6 44 17 36 50 3 5 31 25 14 12 
5
26 15 16 6 1 
5
26 15 16 32 49 
15
26 15 21 18 6 20 40 42 37 27 38 46 2 35 23 
17
26 15 43 41 47 12 14 44 6 18 8 22 24 48 16 30 33 
19
26 15 43 41 47 28 44 14 12 23 35 27 38 46 30 16 17 36 50 
8
26 15 43 42 40 14 12 23 
4
27 35 5 9 
12
27 35 9 39 46 13 1 7 12 31 5 34 
8
27 35 29 45 22 24 4 21 
4
27 38 46 13 
10
27 38 46 13 1 44 17 36 19 28 
8
27 42 19 1 7 20 35 29 
6
27 42 19 36 50 44 
9
27 42 49 14 12 25 35 5 9 
5
28 4 25 12 23 
8
28 4 33 19 43 41 47 37 
4
28 4 33 30 
4
28 6 16 48 
9
28 6 26 15 21 4 11 45 29 
4
28 19 33 12 
12
28 19 33 12 25 35 46 38 27 42 49 2 
8
28 19 43 41 47 12 14 25 
4
28 30 5 34 
9
28 30 5 34 1 11 4 25 12 
7
28 30 46 39 23 12 7 
9
28 47 6 44 14 12 25 35 7 
7
28 47 12 25 14 40 20 
4
28 47 12 33 
7
28 49 32 16 15 21 2 
8
29 35 5 31 25 14 12 7 
21
29 35 5 46 13 44 14 40 43 19 36 50 3 6 28 24 22 48 41 47 37 
12
29 35 25 4 11 45 22 8 43 19 1 6 
4
29 35 46 28 
18
29 35 46 39 23 48 10 49 7 43 41 47 6 26 15 21 18 8 
21
29 45 11 1 44 13 46 2 31 25 12 33 4 24 3 5 30 16 17 36 50 
4
30 5 46 28 
6
30 16 15 21 2 31 
6
30 16 48 23 12 25 
7
30 28 24 33 4 11 45 
13
30 28 47 6 26 15 43 8 22 45 11 4 33 
19
30 33 19 1 6 18 8 43 7 49 14 25 12 31 2 46 35 27 38 
5
30 46 28 4 25 
7
31 2 35 27 37 42 40 
5
31 2 49 14 12 
6
31 2 49 32 6 18 
9
31 5 9 35 7 12 25 14 40 
6
31 5 9 35 23 39 
4
31 5 30 28 
6
31 5 35 7 43 15 
6
31 5 35 9 39 23 
7
31 12 14 40 20 6 26 
11
31 25 4 28 49 14 44 17 36 3 50 
6
31 25 14 40 42 49 
5
32 6 1 7 35 
5
32 6 18 8 43 
7
32 16 30 5 34 1 11 
11
32 49 7 1 34 5 30 16 15 21 4 
5
32 49 7 20 40 
12
32 49 14 25 31 12 23 48 22 8 43 40 
8
32 49 14 40 20 6 18 8 
10
33 4 24 3 50 36 17 44 6 18 
5
33 4 24 22 8 
8
33 4 24 48 16 32 6 28 
5
33 4 25 12 47 
6
33 12 23 39 46 30 
8
33 24 3 5 30 16 48 22 
4
33 24 3 36 
17
33 30 16 6 47 28 44 13 46 39 23 35 25 31 2 49 10 
13
33 30 28 24 22 8 18 21 2 46 35 5 31 
5
33 30 46 2 49 
5
33 30 46 5 34 
4
34 1 6 18 
4
34 1 13 46 
7
34 1 19 42 37 49 10 
6
34 1 19 42 40 20 
10
34 1 19 42 43 7 49 37 27 38 
18
34 5 3 28 47 12 25 35 29 45 11 1 6 26 15 21 2 31 
4
34 5 9 39 
6
34 5 31 2 35 23 
9
34 5 31 2 35 27 42 40 14 
8
34 5 31 2 49 32 6 20 
4
34 5 35 7 
10
34 5 35 7 12 14 25 4 11 45 
7
34 5 35 20 6 32 16 
13
34 5 35 29 45 11 1 19 28 46 38 27 42 
8
35 2 31 5 30 33 19 36 
9
35 2 49 28 47 6 1 13 44 
5
35 5 3 6 20 
10
35 5 3 28 44 6 26 15 16 17 
7
35 7 1 6 18 21 4 
5
35 7 12 25 14 
4
35 9 5 30 
4
35 9 5 46 
5
35 9 39 23 48 
4
35 9 39 46 
7
35 20 6 44 14 25 31 
5
35 20 40 42 49 
4
35 23 12 31 
6
35 23 12 33 24 4 
9
35 23 12 47 28 19 1 44 14 
8
35 23 48 24 28 44 1 19 
8
35 25 4 48 41 43 8 22 
4
35 25 12 14 
5
35 27 42 49 32 
5
35 29 45 11 4 
4
36 3 6 18 
10
36 3 28 6 20 7 12 31 5 46 
5
36 3 28 44 17 
15
36 17 44 13 46 28 47 6 3 5 35 20 40 43 8 
6
36 19 1 7 49 10 
6
36 19 28 6 16 17 
15
36 19 28 6 20 7 12 47 41 48 10 49 2 46 35 
5
36 19 28 30 16 
10
36 19 42 37 47 12 14 49 32 6 
8
36 19 42 43 8 18 21 2 
4
36 50 44 14 
10
36 50 44 17 16 32 6 1 34 5 
5
37 27 35 5 31 
5
37 27 35 23 39 
12
37 27 38 46 28 49 10 48 22 24 4 25 
10
37 27 38 46 35 25 12 31 2 49 
7
37 27 42 43 7 49 10 
9
37 27 42 49 28 30 16 6 26 
5
37 42 19 1 11 
9
37 42 49 7 35 20 6 28 30 
5
37 47 28 49 14 
4
37 49 32 16 
4
38 27 35 5 
4
38 27 35 9 
8
38 27 37 47 6 3 24 48 
4
38 27 37 49 
19
38 46 5 30 33 24 3 28 4 25 31 12 47 37 42 40 20 35 27 
7
38 46 5 31 12 33 19 
15
38 46 28 49 2 31 5 35 27 42 19 43 41 48 10 
9
38 46 35 20 40 43 19 36 17 
13
39 23 35 46 5 34 1 7 43 41 47 37 49 
5
39 46 2 49 32 
17
39 46 13 44 1 11 45 22 24 28 6 47 41 43 7 35 29 
5
39 46 28 44 50 
4
40 14 25 31 
5
40 20 6 18 8 
5
40 20 6 18 21 
4
40 20 35 25 
5
40 42 19 33 24 
4
40 42 27 37 
31
40 42 43 41 47 28 19 36 3 5 31 2 35 29 45 22 48 4 25 14 12 23 39 46 13 44 6 20 7 1 11 
5
40 43 15 16 32 
4
41 43 8 18 
7
41 43 8 22 48 16 32 
5
41 47 6 20 40 
8
41 47 12 14 25 35 23 48 
7
41 47 28 44 14 25 31 
10
41 47 37 42 40 14 44 28 3 24 
4
41 48 4 28 
8
41 48 23 35 2 46 28 49 
5
41 48 24 33 30 
8
42 19 33 24 3 28 47 37 
5
42 19 36 50 44 
9
42 40 14 25 4 24 33 30 16 
4
42 43 15 21 
4
42 43 41 47 
4
43 7 1 11 
12
43 7 12 47 37 42 49 14 44 13 46 30 
20
43 7 35 9 5 31 25 4 11 1 13 44 17 36 19 42 49 10 48 41 
12
43 15 26 6 3 36 19 33 12 14 44 17 
7
43 19 1 6 28 3 5 
5
43 19 33 24 28 
7
43 40 42 19 28 49 7 
12
43 40 42 27 37 49 14 44 1 6 47 28 
6
43 41 47 37 42 40 
4
43 42 49 32 
6
43 42 49 37 47 28 
11
44 1 7 12 25 35 9 5 3 24 48 
10
44 1 19 42 49 7 12 23 48 10 
11
44 6 1 13 46 28 49 10 48 16 15 
6
44 13 46 28 3 24 
11
44 13 46 38 27 37 47 12 25 31 2 
6
44 14 25 4 11 1 
4
44 14 40 43 
5
44 14 49 42 40 
10
44 17 16 32 49 10 48 4 21 18 
5
44 28 6 47 12 
5
44 50 3 5 9 
7
45 11 1 7 43 41 47 
5
45 11 1 44 6 
5
45 22 8 18 21 
5
45 22 48 16 32 
14
45 22 48 23 35 25 4 11 1 6 18 8 43 40 
6
45 29 35 27 42 37 
4
46 2 21 4 
19
46 2 21 4 11 1 34 5 35 20 7 49 14 12 47 37 42 43 40 
17
46 5 31 2 35 25 4 28 30 33 19 42 27 37 49 32 16 
5
46 5 31 25 14 
4
46 5 35 7 
4
46 5 35 29 
5
46 28 49 32 6 
12
46 38 27 35 7 49 37 42 19 36 17 44 
7
46 38 27 35 20 40 43 
10
46 39 9 35 20 7 43 42 19 33 
4
47 6 18 21 
4
47 12 14 44 
12
47 12 25 35 7 20 6 16 32 49 28 19 
4
47 28 4 33 
7
47 41 48 16 17 44 14 
6
48 4 11 1 7 20 
4
48 4 24 3 
5
48 4 28 3 50 
6
48 10 49 7 43 40 
8
48 16 30 28 46 13 1 34 
4
48 23 35 27 
7
48 24 3 36 17 16 32 
7
48 41 43 7 20 6 32 
10
48 41 47 12 14 44 28 6 26 15 
6
49 2 21 15 16 32 
4
49 7 12 31 
9
49 7 12 31 25 4 11 45 22 
6
49 7 12 33 24 3 
14
49 10 48 23 12 14 40 43 41 47 6 28 44 13 
6
49 14 12 47 37 42 
4
49 28 46 35 
16
49 32 16 30 33 19 42 43 7 1 13 44 6 3 36 50 
13
49 32 16 48 4 33 30 28 6 18 21 15 26 
5
49 37 42 19 28 
28
49 37 42 27 38 46 30 33 24 48 22 8 18 21 4 11 1 44 50 36 19 28 3 5 31 2 35 29 
6
49 42 37 47 41 43 
7
50 3 5 9 35 27 38 
4
50 3 6 28 
18
50 3 36 19 42 49 32 16 30 46 38 27 35 2 21 4 33 12 
17
50 36 17 44 14 40 43 7 35 9 5 3 24 4 11 1 19 
25
50 36 19 33 12 47 41 48 4 21 2 35 5 34 1 7 43 15 26 6 18 8 22 45 11 
4
50 44 17 36 
