50 69 10
1 43
2 8
2 21
2 30
2 39
2 40
2 48
3 5
3 8
3 41
4 12
4 45
4 49
5 13
5 30
6 34
6 36
7 25
7 41
7 45
8 12
8 17
8 18
8 43
9 31
10 11
11 16
11 20
11 38
11 48
12 20
12 39
13 17
13 38
13 44
14 38
14 43
16 19
16 20
16 21
16 32
16 38
17 35
18 34
19 21
21 36
22 23
22 25
22 27
22 30
24 38
24 39
26 45
27 34
27 48
28 31
28 45
29 39
30 41
33 45
34 46
35 39
35 49
37 49
38 45
38 48
41 43
42 47
43 46
5
1 43 8 12 39 
14
1 43 8 17 13 38 48 11 20 12 4 45 28 31 
6
9 31 28 45 7 41 
14
10 11 20 12 39 24 38 48 2 8 17 35 49 37 
18
14 38 13 5 30 41 7 25 22 27 34 46 43 8 17 35 39 29 
8
22 25 7 41 3 8 43 14 
10
23 22 25 7 41 43 14 38 13 44 
5
29 39 35 49 37 
6
33 45 7 25 22 23 
12
44 13 5 30 41 43 14 38 48 27 34 46 
