80 148 200
1 8
1 31
1 36
2 26
2 42
2 53
2 76
3 8
3 16
3 21
3 50
3 53
3 58
4 37
4 73
5 26
5 59
5 71
5 72
5 78
6 48
7 43
7 71
7 77
8 35
8 38
8 44
8 66
8 72
8 79
9 59
9 67
10 26
10 27
10 31
10 59
11 17
11 35
11 37
12 65
13 15
13 79
14 17
14 54
14 58
15 19
15 64
16 26
16 29
16 48
16 54
17 48
18 21
18 35
18 49
18 63
18 67
18 68
19 25
19 35
20 25
20 39
20 41
22 35
22 39
22 59
22 61
23 45
23 57
23 62
23 71
24 46
24 52
24 55
25 35
26 61
26 75
27 56
27 60
28 43
28 58
28 68
28 76
29 30
29 33
29 45
29 75
30 66
30 76
31 32
31 35
31 57
31 63
31 79
32 43
32 56
33 49
34 35
34 52
34 74
35 46
35 59
35 71
35 74
36 38
36 59
37 69
38 52
38 67
38 76
38 78
38 80
39 40
39 43
40 45
40 46
41 71
41 72
42 59
44 50
44 59
45 53
45 74
45 77
46 56
46 57
47 51
48 53
48 73
49 77
51 68
51 78
52 58
54 64
54 77
55 58
55 62
58 64
59 64
59 70
61 62
61 76
64 76
64 80
69 73
73 76
73 79
74 79
5
1 8 35 31 10 
5
1 8 72 5 71 
9
1 36 38 52 34 74 35 8 79 
5
1 36 59 64 58 
12
2 53 45 74 34 35 71 41 20 39 40 46 
11
2 76 28 68 51 78 5 71 41 72 8 
8
2 76 30 66 8 3 50 44 
4
3 21 18 49 
5
3 53 2 26 5 
7
3 58 52 34 74 45 29 
7
4 37 11 17 48 73 69 
14
4 37 11 17 48 73 76 61 26 5 78 38 52 58 
28
4 73 69 37 11 17 14 58 64 59 9 67 38 52 34 35 8 72 41 71 23 62 55 24 46 56 32 31 
5
4 73 76 64 80 
4
4 73 79 8 
7
4 73 79 13 15 64 58 
6
5 71 23 62 55 24 
6
5 72 8 38 52 24 
9
6 48 17 14 58 64 59 22 39 
17
6 48 53 3 21 18 63 31 32 56 46 24 52 58 55 62 61 
12
6 48 53 45 23 62 61 76 38 78 51 47 
6
6 48 73 4 37 69 
10
7 43 28 58 52 38 76 73 79 31 
11
7 71 23 45 77 54 64 80 38 67 18 
4
8 3 58 64 
9
8 35 34 52 58 55 62 23 71 
7
8 79 13 15 19 35 71 
23
9 67 38 36 59 10 26 61 76 30 66 8 72 41 20 25 19 35 71 7 77 45 29 
15
10 31 35 22 39 20 41 72 5 59 44 8 66 30 76 
4
11 17 48 53 
4
11 35 31 32 
7
11 35 59 5 78 38 80 
2
12 65 
5
13 15 19 35 74 
7
13 79 8 66 30 76 2 
11
14 17 11 35 22 59 42 2 26 5 78 
10
14 17 11 37 69 73 79 13 15 64 
17
14 54 77 49 18 21 3 58 52 34 74 35 46 24 55 62 61 
13
15 19 25 20 41 71 35 22 61 26 16 48 6 
4
15 64 54 16 
6
15 64 76 38 36 1 
5
16 26 10 27 60 
18
17 11 37 69 73 76 28 68 18 67 38 8 3 50 44 59 42 2 
5
18 21 3 58 55 
5
18 21 3 58 64 
5
18 35 74 79 31 
16
18 49 33 29 16 54 14 58 64 76 61 22 59 42 2 26 
14
18 67 9 59 42 2 26 61 76 64 58 14 54 16 
8
18 67 9 59 44 8 3 58 
8
18 67 38 76 2 42 59 36 
7
19 15 13 79 31 32 43 
11
19 25 35 71 23 62 61 22 39 20 41 
4
19 35 22 61 
4
19 35 25 20 
4
19 35 46 40 
12
20 25 35 46 24 52 34 74 79 8 38 76 
6
20 39 43 28 68 18 
8
21 3 53 48 73 76 28 58 
5
21 3 58 52 34 
5
21 18 35 46 56 
4
21 18 67 9 
5
23 45 77 54 64 
6
24 46 57 23 45 77 
7
24 46 57 31 10 27 60 
4
25 19 35 59 
7
25 20 41 72 8 35 11 
4
26 5 71 41 
5
26 5 78 51 47 
7
28 43 32 31 79 8 38 
17
28 68 18 21 3 8 72 5 78 38 67 9 59 42 2 76 61 
24
29 30 66 8 35 71 41 72 5 59 36 1 31 79 73 69 37 11 17 48 53 3 21 18 
5
29 30 66 8 79 
5
29 33 49 18 21 
23
29 45 74 35 11 17 14 54 64 59 44 50 3 58 55 62 23 57 31 32 56 27 60 
7
30 29 45 53 2 76 61 
4
30 29 45 74 
5
30 66 8 3 50 
8
30 66 8 72 5 71 23 62 
25
30 76 2 26 16 48 53 3 21 18 67 9 59 22 39 40 45 74 34 35 25 19 15 13 79 
7
30 76 28 43 39 20 41 
6
30 76 38 52 24 46 
9
31 57 23 62 55 58 52 24 46 
7
32 31 79 8 44 59 70 
7
32 43 28 58 14 17 11 
7
32 56 46 57 23 71 5 
25
34 74 35 19 15 64 80 38 78 5 59 44 8 66 30 29 45 77 54 14 17 48 16 26 75 
6
35 11 37 69 73 48 
6
35 25 20 39 43 7 
6
35 46 24 52 38 78 
5
35 46 57 23 45 
13
35 46 57 23 62 55 58 14 54 77 45 29 75 
8
35 71 7 77 45 53 2 76 
6
36 59 22 39 20 25 
7
37 4 73 79 13 15 19 
19
37 69 73 48 16 3 50 44 8 38 67 18 35 71 7 43 32 31 63 
5
38 78 51 68 18 
7
39 40 46 35 8 38 36 
9
40 39 20 25 19 35 22 59 70 
4
40 39 43 7 
9
41 20 25 19 35 34 52 38 80 
7
41 72 8 79 74 45 77 
12
42 2 53 48 17 11 37 4 73 76 64 59 
4
42 59 35 19 
9
42 59 64 76 61 22 35 46 40 
22
43 7 71 5 78 38 52 58 14 17 11 35 19 25 20 39 22 59 64 76 30 66 
6
43 7 71 23 45 40 
4
43 32 56 27 
9
43 32 56 27 10 31 57 23 62 
5
44 8 3 53 48 
9
44 50 3 53 48 17 14 58 55 
11
44 59 64 58 52 24 46 57 31 79 74 
5
45 23 62 61 26 
6
45 40 39 43 28 68 
4
45 74 79 13 
8
46 24 55 62 61 76 64 54 
4
46 35 18 63 
6
46 56 27 10 59 36 
17
47 51 68 18 35 71 7 43 28 58 52 38 36 59 42 2 26 
12
47 51 68 18 63 31 35 59 22 39 40 45 
4
47 51 68 28 
8
47 51 68 28 76 64 15 19 
4
47 51 78 38 
7
48 16 3 58 64 76 2 
4
48 16 29 45 
12
48 16 54 14 17 11 37 69 73 79 31 35 
15
48 53 2 26 16 3 58 14 54 64 76 61 62 55 24 
6
48 53 3 21 18 67 
4
48 73 76 61 
8
49 33 29 16 48 53 45 74 
15
50 3 8 44 59 9 67 38 36 1 31 63 18 49 77 
8
50 3 16 54 14 58 52 24 
7
50 3 58 14 54 77 49 
4
51 68 18 21 
5
51 78 5 59 35 
5
52 24 46 35 22 
8
52 34 35 59 10 26 5 72 
8
52 58 28 68 51 78 38 67 
11
53 2 42 59 36 1 8 38 76 64 80 
5
53 3 58 52 38 
6
53 48 16 3 8 44 
27
53 48 17 11 35 22 59 36 1 31 57 46 40 39 20 41 71 7 77 54 64 58 28 43 32 56 27 
9
54 14 17 48 16 29 75 26 2 
13
54 16 26 2 42 59 36 38 67 18 63 31 10 
5
54 77 45 74 79 
13
56 32 43 7 71 41 20 39 40 46 35 22 61 
5
56 46 35 74 45 
16
57 31 32 56 27 10 26 75 29 16 3 50 44 8 35 11 
4
57 46 24 55 
8
58 3 16 54 14 17 48 6 
9
58 3 21 18 68 28 76 61 62 
10
58 14 17 48 53 2 26 16 29 75 
9
58 14 17 48 53 45 77 7 71 
8
58 28 43 39 22 61 26 10 
21
58 55 24 46 40 45 23 62 61 26 5 59 22 39 43 7 71 41 20 25 35 
24
58 64 54 16 26 10 31 79 8 1 36 59 22 39 40 46 56 32 43 7 77 45 74 34 
4
58 64 76 30 
8
58 64 80 38 76 28 43 7 
10
59 9 67 38 8 66 30 29 16 54 
7
59 36 1 8 66 30 76 
7
59 42 2 26 16 29 33 
13
59 44 8 38 36 1 31 57 46 35 22 39 20 
14
59 64 15 19 35 25 20 41 71 7 77 45 29 30 
20
60 27 56 46 24 52 58 3 53 2 42 59 22 35 8 66 30 76 73 4 
5
61 22 35 31 57 
10
61 62 23 57 31 35 11 17 48 16 
5
61 62 23 57 46 
22
63 18 68 51 78 38 36 59 35 31 1 8 44 50 3 58 28 76 73 69 37 4 
9
63 31 10 26 2 42 59 22 39 
6
64 59 44 50 3 16 
12
66 8 44 50 3 53 2 76 38 52 34 74 
19
67 9 59 35 34 74 45 53 3 58 52 24 55 62 61 22 39 20 41 
4
67 9 59 36 
5
67 9 59 36 1 
5
68 18 63 31 35 
7
68 28 43 39 22 59 42 
4
68 28 58 64 
16
69 73 4 37 11 35 71 23 62 61 26 10 27 56 46 57 
8
69 73 76 28 43 7 71 41 
8
70 59 5 78 38 76 61 22 
7
70 59 22 39 43 28 58 
8
70 59 36 38 52 58 64 54 
14
70 59 36 38 76 64 15 13 79 31 57 46 40 45 
5
74 34 52 24 55 
18
75 26 2 76 28 58 55 62 23 45 29 33 49 18 67 9 59 70 
10
75 26 10 59 64 80 38 8 3 50 
47
75 26 61 22 39 20 41 72 5 71 7 43 28 58 14 17 11 37 4 73 48 53 2 76 38 52 34 35 31 1 36 59 9 67 18 49 77 45 74 79 8 66 30 29 16 3 21 
22
75 26 61 62 55 58 28 43 39 40 45 53 48 73 76 30 29 33 49 18 21 3 
21
75 29 16 26 10 31 32 43 39 20 25 19 35 22 61 76 30 66 8 72 41 
5
75 29 45 53 2 
10
76 30 66 8 72 5 78 51 68 28 
15
77 49 18 35 31 57 46 56 27 10 26 2 53 45 74 
7
77 49 18 67 9 59 70 
12
77 54 16 48 73 76 38 80 64 15 13 79 
4
78 5 26 61 
6
78 5 26 61 62 55 
11
78 51 68 28 76 2 26 5 72 41 20 
4
79 31 63 18 
20
80 38 8 1 31 32 56 46 35 74 79 13 15 64 58 28 68 18 67 9 
15
80 38 52 58 3 16 26 75 29 30 76 73 69 37 11 
10
80 38 78 5 59 42 2 76 73 69 
