50 122 200
1 6
1 7
1 11
1 13
1 19
1 34
1 44
2 21
2 31
2 35
2 46
2 49
3 5
3 6
3 24
3 28
3 36
3 50
4 11
4 21
4 24
4 25
4 28
4 33
4 48
5 9
5 30
5 31
5 34
5 35
5 46
6 16
6 18
6 20
6 26
6 28
6 32
6 44
6 47
7 12
7 20
7 35
7 43
7 49
8 18
8 22
8 43
9 35
9 39
10 48
10 49
11 45
12 14
12 23
12 25
12 31
12 33
12 47
13 44
13 46
14 25
14 40
14 44
14 49
15 16
15 21
15 26
15 43
16 17
16 30
16 32
16 48
17 36
17 44
18 21
19 28
19 33
19 36
19 42
19 43
20 35
20 40
22 24
22 45
22 48
23 35
23 39
23 48
24 28
24 33
24 48
25 31
25 35
27 35
27 37
27 38
27 42
28 30
28 44
28 46
28 47
28 49
29 35
29 45
30 33
30 46
32 49
35 46
36 50
37 42
37 47
37 49
38 46
39 46
40 42
40 43
41 43
41 47
41 48
42 43
42 49
44 50
5
1 6 44 50 3 
17
1 7 12 14 49 10 48 4 24 28 6 18 8 22 45 29 35 
4
1 7 12 25 
7
1 7 20 40 42 49 2 
10
1 11 4 28 49 7 12 14 44 17 
4
1 13 46 2 
8
1 19 43 41 47 12 25 14 
5
2 21 18 8 43 
8
2 35 27 37 49 28 30 46 
15
2 35 27 38 46 28 24 33 4 25 31 12 7 49 10 
4
2 35 46 30 
5
3 5 9 39 46 
12
3 5 31 12 23 35 25 14 44 1 11 4 
4
3 5 46 2 
4
3 24 4 28 
6
3 24 33 12 14 44 
7
3 50 44 6 1 19 43 
8
4 24 22 45 11 1 6 16 
4
4 24 48 10 
6
4 25 31 2 21 18 
5
4 33 19 28 47 
8
5 3 24 48 4 28 47 12 
6
5 31 12 23 35 25 
6
6 3 5 9 35 25 
6
6 16 32 49 37 27 
11
6 32 16 48 23 39 46 2 35 25 31 
20
6 47 37 27 42 49 2 31 5 9 35 29 45 22 24 48 4 11 1 34 
7
7 1 11 4 48 16 30 
8
7 12 31 2 35 5 3 36 
7
7 12 47 41 48 24 3 
4
7 20 35 2 
4
7 20 35 46 
8
7 20 40 42 19 28 46 38 
5
7 43 19 1 34 
4
7 49 28 30 
6
8 22 24 33 30 46 
5
8 43 15 16 30 
11
9 5 31 12 33 4 21 2 35 7 20 
5
9 35 27 37 47 
4
10 48 4 33 
11
10 48 4 33 12 14 40 20 7 49 32 
22
10 48 22 8 18 21 15 26 6 20 40 43 7 49 14 25 12 47 37 42 27 35 
13
10 48 22 8 43 40 20 35 9 5 31 2 49 
9
10 48 23 35 2 46 30 5 34 
11
10 49 7 20 6 16 15 43 41 47 12 
7
10 49 42 43 15 16 17 
9
11 1 13 44 6 20 40 43 7 
15
11 1 19 43 7 20 35 5 46 30 16 32 6 44 28 
7
11 4 24 28 6 3 5 
25
12 25 14 40 42 19 36 17 44 1 11 4 33 30 28 24 22 48 16 6 18 8 43 15 26 
25
12 31 2 21 15 16 17 44 13 46 30 5 9 35 29 45 11 4 28 19 43 7 49 32 6 
5
12 33 19 36 17 
7
13 44 1 19 36 17 16 
18
13 44 14 49 2 31 5 35 25 12 33 24 22 45 11 1 7 20 
10
13 44 28 6 26 15 21 2 49 14 
7
14 12 23 35 5 30 16 
16
14 12 33 30 46 35 5 31 2 21 18 8 22 24 48 10 
4
14 12 47 28 
16
14 25 4 21 2 49 10 48 41 47 6 18 8 43 15 26 
10
14 44 6 16 48 10 49 7 12 31 
12
14 44 28 19 1 11 4 24 3 6 16 30 
4
14 49 28 46 
12
14 49 42 19 28 4 33 12 31 2 46 38 
4
14 49 42 37 
11
15 16 32 49 14 40 43 41 47 37 42 
5
15 21 2 49 10 
11
15 26 6 20 7 35 46 2 21 18 8 
6
16 6 28 19 43 42 
9
16 30 5 31 2 21 4 33 19 
6
16 32 6 20 35 46 
13
16 48 22 8 18 6 47 12 14 49 7 43 40 
6
16 48 24 4 21 15 
11
17 16 30 5 31 2 49 32 6 1 7 
4
17 16 30 46 
5
17 36 3 6 28 
11
17 36 19 33 12 7 35 5 30 16 6 
14
17 36 50 44 1 19 42 43 41 48 4 21 15 26 
11
17 44 14 25 35 27 38 46 2 49 10 
5
18 6 28 19 1 
18
19 28 6 26 15 16 30 5 35 46 2 31 25 14 12 23 39 9 
4
19 28 46 38 
4
19 33 12 25 
4
19 43 15 16 
10
20 7 49 2 21 15 16 30 5 31 
5
20 7 49 28 6 
6
20 35 7 43 42 37 
4
20 35 23 12 
18
20 40 14 12 7 49 42 19 36 50 3 5 34 1 6 18 21 4 
13
20 40 43 7 35 25 14 49 37 47 28 3 36 
13
21 4 11 1 34 5 31 12 25 35 46 38 27 
10
21 15 16 30 33 4 11 45 29 35 
4
22 24 33 12 
5
22 24 48 16 6 
6
22 48 4 33 24 28 
4
23 48 4 24 
8
23 48 22 45 29 35 27 37 
6
24 3 50 44 17 36 
8
24 22 48 16 6 44 13 46 
8
24 28 6 26 15 43 41 47 
25
24 48 41 43 40 20 7 12 23 35 5 9 39 46 28 30 33 19 36 17 16 6 18 21 15 
8
25 4 11 45 22 24 28 30 
8
25 12 14 44 1 7 49 28 
18
25 12 23 48 16 32 49 42 43 8 18 21 15 26 6 3 5 9 
18
25 14 49 7 1 34 5 9 35 23 39 46 38 27 42 37 47 12 
14
25 31 12 7 43 15 16 17 44 6 20 35 2 49 
7
26 6 47 12 23 39 46 
7
26 15 16 6 47 12 31 
10
26 15 16 32 6 20 40 43 19 28 
6
27 35 20 40 42 37 
4
27 37 42 40 
15
27 37 49 14 25 31 2 21 18 8 22 24 3 36 50 
10
27 37 49 28 19 33 24 48 23 39 
25
27 42 19 43 41 47 12 25 14 44 50 3 24 28 30 33 4 48 22 8 18 6 16 15 26 
11
28 6 18 8 22 45 29 35 5 46 30 
17
28 30 5 9 39 23 48 4 25 31 2 46 38 27 35 20 7 
6
28 30 46 5 35 25 
5
28 47 6 16 30 
12
28 47 6 20 7 1 34 5 35 25 12 31 
7
29 45 11 4 28 49 2 
16
30 5 34 1 7 49 14 40 43 19 42 37 27 38 46 39 
6
30 5 46 2 21 15 
4
30 16 32 6 
14
30 28 24 48 10 49 2 35 20 6 1 7 12 25 
4
31 2 46 38 
21
31 5 3 24 4 28 30 33 12 47 37 49 14 25 35 46 38 27 42 19 43 
4
32 6 18 21 
5
32 6 44 1 13 
12
32 49 42 27 37 47 12 31 5 3 6 1 
6
33 4 24 28 3 6 
4
33 4 48 16 
8
33 12 7 43 19 36 17 16 
6
33 12 7 49 37 27 
4
33 24 28 44 
11
34 1 13 44 28 3 6 18 8 43 7 
8
34 1 13 46 2 31 5 35 
4
34 5 9 39 
5
34 5 30 28 24 
6
34 5 30 46 39 23 
6
35 2 46 30 28 44 
18
35 5 3 36 19 33 30 28 24 48 4 21 18 6 26 15 16 17 
13
35 5 30 16 32 6 1 7 43 41 48 4 21 
4
35 7 43 15 
7
35 20 7 49 28 46 2 
8
35 23 39 46 13 44 28 3 
5
35 23 48 16 17 
6
35 23 48 41 43 8 
4
36 3 28 44 
9
36 17 16 32 6 3 24 22 8 
6
36 19 42 43 8 18 
11
36 50 3 24 28 44 1 34 5 35 7 
13
37 47 28 3 24 33 12 14 25 4 48 16 6 
10
37 49 14 40 20 7 12 25 4 48 
4
38 27 35 20 
12
38 46 2 21 18 6 32 49 28 44 1 34 
15
38 46 2 31 5 3 6 18 8 43 7 49 10 48 16 
10
38 46 5 30 28 6 26 15 16 48 
7
39 9 35 46 2 49 10 
10
39 9 35 46 38 27 37 47 41 43 
8
40 14 49 37 27 35 46 38 
13
40 14 49 37 47 12 7 20 6 16 48 41 43 
12
40 42 27 37 49 14 44 6 18 21 4 48 
17
41 47 28 3 5 31 2 46 30 16 32 49 37 42 40 43 7 
8
41 47 28 30 46 13 1 44 
8
42 19 28 3 6 1 11 45 
4
42 27 35 29 
9
42 49 2 21 4 28 24 3 36 
5
43 7 35 46 5 
15
43 8 18 21 2 49 7 20 40 42 27 35 46 5 9 
12
43 15 26 6 1 13 44 50 36 3 5 34 
6
43 19 1 6 44 28 
27
43 41 47 37 27 38 46 2 31 5 9 35 23 12 25 4 48 16 6 32 49 28 3 36 50 44 17 
5
44 1 34 5 46 
4
44 14 40 42 
10
44 17 16 30 33 12 14 25 35 23 
5
44 17 36 50 3 
4
45 11 4 25 
7
45 11 4 28 30 33 12 
7
45 22 48 24 4 21 18 
9
45 29 35 25 31 5 3 28 6 
6
46 2 49 7 43 19 
6
46 5 35 25 31 2 
21
46 28 3 5 34 1 6 47 12 14 44 17 36 19 43 40 20 35 23 39 9 
4
46 30 16 32 
13
46 30 16 32 6 28 3 24 22 8 43 40 20 
8
46 35 7 12 14 44 13 1 
5
46 39 9 35 23 
5
47 6 18 21 4 
11
47 37 27 42 40 14 49 32 16 6 20 
5
47 37 49 28 46 
10
48 4 21 15 26 6 1 11 45 29 
11
48 10 49 37 47 28 3 5 34 1 11 
9
48 23 35 7 20 40 42 49 37 
7
48 24 3 6 44 17 36 
5
48 24 3 36 50 
20
48 24 4 11 1 19 28 30 33 12 47 6 18 8 22 45 29 35 2 21 
4
49 2 21 18 
7
49 10 48 41 43 40 42 
6
50 36 3 6 32 16 
7
50 36 19 42 43 15 21 
10
50 44 14 49 10 48 4 25 31 5 
