50 69 150
1 43
2 8
2 21
2 30
2 39
2 40
2 48
3 5
3 8
3 41
4 12
4 45
4 49
5 13
5 30
6 34
6 36
7 25
7 41
7 45
8 12
8 17
8 18
8 43
9 31
10 11
11 16
11 20
11 38
11 48
12 20
12 39
13 17
13 38
13 44
14 38
14 43
16 19
16 20
16 21
16 32
16 38
17 35
18 34
19 21
21 36
22 23
22 25
22 27
22 30
24 38
24 39
26 45
27 34
27 48
28 31
28 45
29 39
30 41
33 45
34 46
35 39
35 49
37 49
38 45
38 48
41 43
42 47
43 46
8
1 43 8 17 13 38 45 26 
7
1 43 14 38 16 11 10 
11
1 43 41 3 5 30 2 21 19 16 32 
6
1 43 46 34 6 36 
16
1 43 46 34 6 36 21 2 30 5 3 41 7 25 22 23 
6
2 48 38 14 43 1 
4
3 41 7 45 
4
3 41 43 8 
11
4 12 8 2 21 36 6 34 27 22 23 
5
4 12 8 3 5 
4
4 12 20 11 
10
4 12 20 16 11 38 24 39 35 49 
4
5 3 8 12 
6
5 13 17 8 2 21 
5
5 13 17 35 39 
5
5 13 17 35 49 
4
5 30 2 39 
4
6 34 27 48 
9
6 36 21 2 30 41 7 25 22 
10
6 36 21 16 11 20 12 39 2 40 
4
7 25 22 23 
5
7 41 3 8 18 
4
7 45 38 14 
8
7 45 38 48 2 39 12 20 
4
8 2 21 16 
4
8 2 39 12 
4
8 2 48 11 
4
8 3 41 30 
7
8 12 20 11 38 13 17 
4
8 18 34 27 
9
8 43 46 34 27 48 2 30 22 
5
9 31 28 45 4 
7
9 31 28 45 38 11 10 
9
9 31 28 45 38 13 5 3 8 
18
9 31 28 45 38 48 27 22 30 41 3 8 2 21 19 16 11 10 
10
10 11 16 20 12 4 49 35 39 29 
5
10 11 16 21 19 
5
10 11 38 16 20 
5
10 11 38 45 26 
14
10 11 48 2 30 22 27 34 6 36 21 19 16 32 
5
10 11 48 2 40 
6
10 11 48 38 16 32 
5
11 16 19 21 36 
5
11 16 38 45 33 
12
11 38 16 19 21 2 48 27 22 25 7 45 
6
12 8 17 13 5 30 
15
12 8 17 35 39 24 38 45 7 41 30 2 21 16 19 
6
12 39 2 8 18 34 
11
12 39 2 21 16 38 14 43 46 34 27 
6
13 5 30 41 7 45 
7
14 38 11 48 27 34 46 
7
14 43 41 7 45 4 49 
6
14 43 46 34 27 48 
6
17 13 38 16 20 11 
4
17 35 49 37 
13
18 8 2 48 27 34 46 43 14 38 16 21 19 
5
18 34 27 22 23 
14
18 34 27 22 25 7 41 30 5 3 8 17 13 44 
5
18 34 27 48 11 
15
18 34 46 43 41 7 25 22 30 2 39 24 38 13 5 
9
19 16 21 36 6 34 46 43 1 
4
19 21 2 48 
7
19 21 16 20 11 38 14 
4
19 21 36 6 
7
19 21 36 6 34 18 8 
6
20 12 8 43 46 34 
10
21 36 6 34 27 48 2 30 22 23 
9
22 27 34 6 36 21 19 16 32 
4
22 27 34 18 
7
22 27 48 2 39 35 17 
5
22 30 2 21 16 
4
22 30 2 48 
5
23 22 25 7 41 
9
23 22 25 7 41 3 5 13 44 
4
23 22 27 34 
9
23 22 27 34 18 8 12 20 11 
6
23 22 27 48 11 10 
14
23 22 30 2 21 36 6 34 18 8 3 5 13 44 
7
23 22 30 5 13 17 8 
6
23 22 30 41 7 45 
9
24 38 45 7 41 30 2 39 12 
4
24 39 2 40 
17
24 39 35 17 8 3 5 13 38 45 7 41 30 22 27 34 18 
4
25 22 30 2 
11
26 45 7 25 22 30 41 3 8 2 40 
6
26 45 7 41 43 1 
5
26 45 28 31 9 
13
26 45 38 14 43 8 3 41 30 22 27 34 46 
4
27 22 30 41 
5
27 48 11 20 12 
5
27 48 38 13 44 
4
28 45 4 12 
7
29 39 2 8 17 13 38 
5
29 39 2 30 22 
15
29 39 2 30 41 43 14 38 16 19 21 36 6 34 46 
4
29 39 2 40 
9
29 39 24 38 13 17 8 12 4 
9
29 39 24 38 14 43 8 2 48 
8
29 39 24 38 14 43 46 34 
10
29 39 35 17 8 3 41 7 25 22 
5
29 39 35 49 37 
4
30 2 21 36 
7
30 5 3 8 43 46 34 
6
30 5 13 17 35 49 
8
32 16 19 21 36 6 34 46 
5
32 16 20 11 10 
10
32 16 20 12 39 2 8 18 34 46 
5
32 16 21 2 40 
7
32 16 38 11 48 2 8 
9
33 45 4 49 35 17 13 38 14 
9
33 45 7 25 22 27 34 6 36 
3
33 45 26 
5
33 45 28 31 9 
19
34 27 48 38 13 5 3 8 12 20 11 16 19 21 2 39 35 49 37 
10
34 46 43 14 38 48 11 20 16 32 
8
35 39 24 38 11 20 16 32 
7
36 6 34 18 8 43 41 
4
36 6 34 46 
5
36 21 19 16 32 
7
37 49 4 12 20 11 10 
9
37 49 4 12 20 11 38 48 2 
9
37 49 4 12 20 16 38 45 28 
5
37 49 4 45 26 
6
37 49 4 45 38 14 
9
37 49 35 17 8 3 5 13 44 
5
38 24 39 2 48 
5
38 24 39 35 49 
6
39 24 38 14 43 46 
5
39 24 38 45 28 
6
40 2 8 12 39 29 
12
40 2 21 19 16 20 12 8 3 41 43 1 
6
40 2 48 27 34 6 
7
41 3 8 43 14 38 11 
5
41 7 25 22 23 
4
41 43 14 38 
2
42 47 
4
43 8 12 20 
6
43 8 12 39 2 48 
7
43 8 17 13 38 16 32 
7
43 41 30 22 27 34 18 
12
44 13 5 3 8 17 35 39 24 38 45 33 
8
44 13 17 35 49 4 45 26 
4
44 13 38 11 
9
44 13 38 45 4 12 39 2 21 
4
45 28 31 9 
8
45 38 13 5 30 41 43 46 
7
46 43 8 18 34 6 36 
5
48 11 20 16 32 
5
48 38 11 20 12 
10
49 35 17 8 18 34 6 36 21 16 
