50 69 100
1 43
2 8
2 21
2 30
2 39
2 40
2 48
3 5
3 8
3 41
4 12
4 45
4 49
5 13
5 30
6 34
6 36
7 25
7 41
7 45
8 12
8 17
8 18
8 43
9 31
10 11
11 16
11 20
11 38
11 48
12 20
12 39
13 17
13 38
13 44
14 38
14 43
16 19
16 20
16 21
16 32
16 38
17 35
18 34
19 21
21 36
22 23
22 25
22 27
22 30
24 38
24 39
26 45
27 34
27 48
28 31
28 45
29 39
30 41
33 45
34 46
35 39
35 49
37 49
38 45
38 48
41 43
42 47
43 46
8
1 43 41 3 8 12 4 49 
5
1 43 41 7 25 
14
1 43 41 30 5 3 8 12 4 49 35 39 2 40 
13
1 43 46 34 6 36 21 2 30 41 7 45 33 
14
1 43 46 34 18 8 12 20 16 11 48 27 22 23 
13
1 43 46 34 18 8 12 39 2 48 27 22 25 
6
2 30 22 27 34 18 
10
2 30 22 27 48 11 20 16 38 14 
6
2 48 11 20 16 32 
5
2 48 11 38 24 
4
3 5 30 2 
6
3 5 30 2 8 43 
6
3 5 30 41 7 45 
12
5 13 17 8 3 41 30 22 27 48 2 40 
5
7 41 3 8 43 
6
8 3 5 30 22 23 
16
8 3 5 30 41 7 25 22 27 34 46 43 14 38 13 44 
5
8 3 41 30 5 
12
8 17 13 38 16 21 2 30 41 7 45 33 
4
8 18 34 46 
8
8 43 14 38 48 27 34 46 
4
9 31 28 45 
14
9 31 28 45 4 12 20 11 38 24 39 2 30 41 
5
9 31 28 45 33 
10
9 31 28 45 38 13 17 35 39 24 
18
9 31 28 45 38 13 17 35 49 4 12 39 2 48 27 34 6 36 
10
10 11 16 19 21 36 6 34 18 8 
4
10 11 16 32 
11
10 11 16 38 24 39 2 8 17 13 44 
6
10 11 16 38 45 33 
13
10 11 20 12 39 24 38 14 43 8 17 13 44 
9
10 11 20 12 39 35 17 13 44 
12
10 11 20 16 19 21 2 39 24 38 45 33 
5
10 11 20 16 32 
6
10 11 38 14 43 1 
15
10 11 38 16 19 21 36 6 34 18 8 12 4 49 37 
6
10 11 38 24 39 29 
4
10 11 48 2 
4
11 16 38 45 
9
11 48 38 13 5 3 8 43 1 
4
12 8 17 35 
5
13 5 30 2 48 
14
13 17 35 39 2 30 5 3 41 7 45 28 31 9 
8
13 38 48 11 16 21 36 6 
11
14 38 13 5 3 8 18 34 27 22 23 
8
14 43 8 12 4 45 7 25 
16
14 43 41 3 5 30 2 8 17 13 38 11 20 16 21 19 
9
18 8 3 41 7 45 4 49 37 
17
19 16 21 2 30 22 25 7 41 3 8 12 4 45 28 31 9 
15
19 16 21 36 6 34 18 8 43 14 38 11 20 12 39 
15
19 16 38 14 43 41 30 5 13 17 8 2 48 11 10 
5
20 11 16 21 36 
17
20 12 4 45 7 25 22 30 41 3 8 2 48 38 11 16 32 
11
22 30 2 39 24 38 48 27 34 6 36 
6
23 22 25 7 45 33 
6
23 22 27 34 6 36 
12
23 22 30 41 3 5 13 38 45 4 49 37 
6
24 39 12 4 49 35 
12
25 7 45 4 12 20 16 38 48 2 39 29 
24
25 22 30 5 3 8 18 34 46 43 41 7 45 4 12 20 11 38 48 2 21 19 16 32 
12
26 45 4 12 8 3 5 30 22 27 34 18 
12
26 45 38 16 20 11 48 27 34 46 43 14 
10
27 22 25 7 41 3 5 13 38 24 
5
27 34 6 36 21 
7
27 48 11 16 38 24 39 
5
27 48 11 20 16 
4
28 45 4 12 
5
29 39 12 20 16 
12
30 22 27 48 11 16 21 2 8 18 34 46 
11
31 28 45 4 12 8 3 41 30 22 23 
4
32 16 19 21 
16
32 16 20 11 38 13 17 8 43 46 34 27 48 2 39 24 
8
32 16 38 48 2 30 22 23 
13
33 45 7 25 22 27 48 11 20 12 8 43 1 
14
33 45 7 41 43 14 38 13 5 3 8 12 39 24 
16
33 45 7 41 43 46 34 18 8 17 35 49 4 12 39 29 
5
33 45 28 31 9 
7
34 27 22 30 5 13 38 
10
34 46 43 41 7 25 22 30 2 8 
11
36 6 34 27 22 30 2 21 19 16 38 
18
37 49 4 12 8 18 34 27 48 2 30 41 43 14 38 16 11 20 
9
37 49 4 12 39 35 17 8 43 
8
37 49 4 45 7 25 22 23 
9
37 49 4 45 7 41 30 22 25 
5
37 49 4 45 26 
7
37 49 4 45 28 31 9 
12
37 49 35 17 13 38 24 39 2 30 22 23 
7
38 48 27 34 18 8 43 
5
39 2 30 41 43 
4
39 24 38 14 
8
39 35 17 8 12 4 45 26 
11
40 2 8 17 35 49 4 12 20 11 16 
8
40 2 8 18 34 27 22 23 
4
40 2 21 36 
9
41 43 46 34 6 36 21 2 40 
7
43 41 3 5 30 22 23 
11
44 13 38 48 2 21 19 16 20 11 10 
8
46 43 8 18 34 27 22 23 
6
48 2 21 36 6 34 
4
48 27 34 46 
