80 148 100
1 8
1 31
1 36
2 26
2 42
2 53
2 76
3 8
3 16
3 21
3 50
3 53
3 58
4 37
4 73
5 26
5 59
5 71
5 72
5 78
6 48
7 43
7 71
7 77
8 35
8 38
8 44
8 66
8 72
8 79
9 59
9 67
10 26
10 27
10 31
10 59
11 17
11 35
11 37
12 65
13 15
13 79
14 17
14 54
14 58
15 19
15 64
16 26
16 29
16 48
16 54
17 48
18 21
18 35
18 49
18 63
18 67
18 68
19 25
19 35
20 25
20 39
20 41
22 35
22 39
22 59
22 61
23 45
23 57
23 62
23 71
24 46
24 52
24 55
25 35
26 61
26 75
27 56
27 60
28 43
28 58
28 68
28 76
29 30
29 33
29 45
29 75
30 66
30 76
31 32
31 35
31 57
31 63
31 79
32 43
32 56
33 49
34 35
34 52
34 74
35 46
35 59
35 71
35 74
36 38
36 59
37 69
38 52
38 67
38 76
38 78
38 80
39 40
39 43
40 45
40 46
41 71
41 72
42 59
44 50
44 59
45 53
45 74
45 77
46 56
46 57
47 51
48 53
48 73
49 77
51 68
51 78
52 58
54 64
54 77
55 58
55 62
58 64
59 64
59 70
61 62
61 76
64 76
64 80
69 73
73 76
73 79
74 79
11
1 31 32 56 27 10 59 64 15 19 25 
6
4 37 69 73 48 6 
14
5 78 38 52 34 74 45 29 16 54 64 59 35 25 
5
6 48 73 79 13 
8
7 43 32 56 46 57 31 63 
10
8 79 13 15 19 25 35 11 17 14 
16
9 59 44 8 79 13 15 19 25 35 74 34 52 24 55 62 
17
9 67 18 35 22 61 62 23 57 31 1 8 3 50 44 59 70 
6
9 67 18 49 77 45 
12
9 67 38 52 34 74 79 8 44 59 64 80 
8
10 59 42 2 26 16 3 21 
11
14 17 48 16 54 64 80 38 76 61 62 
5
14 58 28 68 18 
4
14 58 64 15 
4
15 19 35 34 
4
16 3 8 72 
4
16 29 33 49 
6
16 54 14 58 28 68 
8
16 54 64 59 44 8 38 67 
5
17 48 53 3 16 
14
18 49 33 29 30 76 28 43 32 56 27 10 26 2 
5
19 35 8 38 36 
10
20 25 35 74 45 29 30 66 8 44 
25
20 41 71 5 26 16 54 77 45 29 30 76 64 80 38 52 34 74 35 19 15 13 79 73 48 
4
21 18 49 77 
13
24 46 40 45 23 57 31 32 43 7 71 35 18 
13
24 46 40 45 29 16 26 10 59 9 67 18 49 
20
24 52 38 67 9 59 35 19 15 13 79 31 57 46 56 27 10 26 16 3 
4
24 52 58 14 
4
24 55 58 52 
38
25 20 39 43 32 56 27 10 26 61 76 30 29 33 49 77 45 40 46 35 74 34 52 38 67 18 68 28 58 55 62 23 71 41 72 5 59 36 
22
26 61 22 39 20 41 72 8 44 50 3 58 14 17 48 53 45 40 46 24 55 62 
6
26 61 22 39 43 32 
4
28 58 64 54 
11
28 76 73 48 17 11 35 8 38 52 24 
18
29 16 26 61 62 23 71 5 59 36 1 31 63 18 21 3 58 28 
8
29 33 49 77 54 16 48 6 
25
29 45 23 62 55 24 46 35 11 17 14 58 64 15 13 79 73 48 53 3 16 54 77 7 43 
13
30 29 75 26 61 22 35 59 9 67 18 21 3 
5
31 35 8 3 21 
4
31 35 18 21 
22
31 35 22 61 62 55 24 52 58 3 8 66 30 29 16 26 2 76 73 69 37 4 
8
32 43 7 71 35 8 72 41 
23
32 43 7 71 41 20 39 40 45 29 30 76 2 53 3 21 18 63 31 1 36 59 22 
15
35 11 17 14 58 55 24 52 38 80 64 76 61 62 23 
6
36 1 31 57 46 56 
14
36 59 22 39 20 41 72 5 71 35 46 57 31 10 
26
37 4 73 79 74 45 23 57 46 56 32 43 39 22 35 18 67 9 59 5 78 38 36 1 31 63 
26
38 76 73 69 37 11 17 14 58 55 24 52 34 35 31 79 74 45 23 71 41 20 39 40 46 57 
5
38 78 5 71 7 
8
39 22 59 64 76 28 68 18 
9
39 40 45 53 2 26 5 78 38 
7
39 40 46 56 32 31 63 
10
41 20 39 40 45 29 16 26 5 71 
7
44 8 38 52 24 46 40 
15
45 23 62 55 58 14 17 11 35 71 41 72 8 38 36 
12
45 29 33 49 77 54 64 76 73 69 37 4 
4
45 53 3 21 
8
45 77 49 18 67 9 59 70 
4
46 40 39 43 
11
46 57 31 63 18 68 28 76 64 58 3 
30
47 51 78 38 8 72 41 20 39 40 45 74 35 71 5 59 36 1 31 32 43 7 77 49 18 21 3 53 2 42 
14
48 17 11 37 4 73 79 8 44 50 3 53 2 42 
4
48 53 3 50 
25
49 33 29 16 54 64 76 2 26 10 27 56 46 24 52 58 28 43 39 40 45 23 57 31 1 
4
49 33 29 30 
28
50 44 59 5 71 35 46 57 31 63 18 21 3 53 45 23 62 61 26 10 27 56 32 43 7 77 54 64 
29
50 44 59 36 38 76 30 66 8 72 41 71 23 57 46 24 55 58 3 53 45 29 33 49 77 7 43 39 40 
4
52 24 55 62 
7
52 34 74 79 13 15 64 
10
53 45 40 46 56 32 43 7 77 54 
14
54 14 17 48 73 69 37 11 35 71 7 77 45 40 
7
55 58 14 17 48 73 69 
9
55 62 23 45 74 35 31 1 8 
15
58 3 8 66 30 29 45 40 39 22 35 46 56 27 60 
16
58 14 54 64 59 42 2 26 16 48 53 45 40 46 35 74 
9
58 55 24 52 34 74 45 29 33 
11
59 22 35 25 19 15 64 76 28 58 14 
9
59 22 61 76 64 15 19 35 25 
6
59 44 50 3 21 18 
8
61 62 23 45 29 33 49 77 
6
62 55 24 46 40 39 
10
63 18 68 28 76 61 62 55 58 3 
7
64 80 38 36 59 9 67 
14
67 9 59 22 35 71 5 72 8 79 73 76 30 66 
10
67 9 59 44 50 3 21 18 49 77 
37
69 37 11 17 48 16 26 61 22 35 19 15 13 79 73 76 28 43 32 31 10 59 64 58 14 54 77 45 53 3 8 1 36 38 67 18 63 
8
69 73 4 37 11 17 48 6 
15
70 59 36 38 80 64 58 55 62 61 76 73 69 37 4 
8
70 59 44 50 3 53 48 73 
19
72 5 71 7 43 39 40 45 53 3 58 55 62 23 57 46 56 27 60 
15
72 5 71 41 20 39 22 59 35 8 3 21 18 49 77 
14
72 41 71 23 45 77 54 64 15 13 79 73 4 37 
13
73 79 13 15 19 35 34 52 38 76 2 26 10 
14
75 29 16 26 2 76 61 62 55 58 3 50 44 59 
12
75 29 45 77 7 71 35 31 63 18 21 3 
14
76 38 67 18 63 31 1 8 3 53 2 42 59 44 
4
78 5 59 44 
22
78 38 80 64 15 13 79 8 1 31 57 23 71 5 26 10 59 35 18 68 51 47 
10
80 38 52 58 64 59 5 78 51 47 
