50 98 200
1 3
1 24
1 37
1 48
2 22
2 31
2 46
2 47
3 5
4 11
4 23
4 38
4 50
5 14
5 20
5 21
5 33
5 34
5 37
7 13
7 29
7 46
8 18
8 19
8 31
8 38
8 49
9 38
9 39
10 17
10 22
11 14
11 17
11 30
11 45
11 48
11 49
12 15
12 29
12 30
12 33
13 24
13 29
13 35
13 36
13 37
13 40
13 42
13 45
13 47
14 28
14 36
15 22
15 27
15 29
15 36
15 38
15 41
16 32
17 22
17 31
18 36
19 24
19 38
19 41
20 27
20 49
21 25
21 36
21 45
22 28
22 40
22 42
22 47
23 30
25 28
25 30
25 41
25 48
25 49
26 47
27 34
27 36
27 37
27 39
29 33
31 48
32 36
33 44
34 42
35 41
36 41
36 43
39 43
40 47
40 48
43 44
44 46
5
1 3 5 34 42 
6
1 3 5 37 13 47 
5
1 48 40 47 26 
4
2 22 10 17 
11
2 22 28 14 5 20 27 15 41 36 21 
6
2 22 40 47 13 36 
5
2 47 13 24 1 
6
2 47 13 40 22 15 
9
3 1 24 19 38 4 23 30 11 
11
3 5 20 49 11 30 25 21 36 27 34 
4
3 5 21 36 
9
5 3 1 24 19 38 4 23 30 
5
5 14 28 22 2 
12
5 20 27 15 29 7 13 42 22 40 47 26 
5
5 33 44 46 2 
4
5 34 42 13 
7
7 13 29 15 41 36 27 
4
8 19 24 1 
10
8 19 24 13 7 46 2 47 22 40 
10
8 31 48 1 3 5 20 49 25 21 
4
8 38 9 39 
11
8 49 20 5 14 11 45 13 35 41 19 
6
9 38 15 41 25 49 
9
10 17 22 28 14 36 43 44 33 
6
10 17 22 40 47 26 
13
10 17 22 40 48 1 37 27 39 43 36 32 16 
5
10 17 22 42 13 
12
10 17 22 42 13 37 5 21 25 30 11 45 
10
10 17 31 2 46 7 13 36 15 41 
11
10 22 2 31 48 25 49 11 14 5 33 
6
10 22 2 46 44 33 
7
10 22 15 38 8 19 41 
4
10 22 47 40 
5
11 14 36 15 12 
4
11 14 36 43 
13
11 17 31 2 46 7 13 24 19 8 38 4 50 
7
11 17 31 2 46 44 43 
12
11 48 1 37 27 34 42 22 2 31 17 10 
5
11 49 20 27 39 
5
12 29 7 13 40 
4
12 29 33 5 
6
12 30 25 41 19 38 
20
12 33 44 46 7 29 15 27 36 13 35 41 25 21 5 14 11 4 23 30 
8
13 35 41 15 38 4 11 48 
10
13 37 1 3 5 14 28 22 17 10 
14
13 37 5 14 28 25 48 31 2 47 22 10 17 11 
4
13 40 22 47 
4
13 42 22 47 
15
13 45 11 49 25 28 22 40 48 1 3 5 37 27 20 
9
13 45 21 25 41 36 15 38 8 
22
14 5 21 45 11 17 22 15 29 33 44 46 7 13 24 19 38 9 39 27 34 42 
4
14 5 34 42 
6
14 5 34 42 13 35 
4
14 11 30 23 
16
14 11 30 23 4 38 9 39 27 36 13 47 2 46 44 43 
5
14 11 45 13 7 
10
14 11 48 1 3 5 37 13 7 29 
5
14 11 48 1 24 
14
14 28 25 41 19 24 13 47 2 31 48 40 22 42 
7
14 36 18 8 31 2 46 
4
14 36 21 25 
7
15 27 37 13 36 43 39 
8
15 36 13 29 7 46 2 47 
5
16 32 36 14 28 
6
16 32 36 18 8 49 
10
16 32 36 27 15 29 7 46 2 47 
15
16 32 36 43 39 9 38 15 29 12 33 44 46 2 47 
17
17 22 42 34 5 3 1 24 19 38 8 49 25 41 15 36 18 
5
17 31 48 25 41 
26
18 8 31 17 10 22 15 36 43 39 27 34 5 21 45 11 48 25 41 35 13 29 7 46 2 47 
5
18 36 41 25 49 
8
19 8 49 20 27 37 5 34 
17
19 41 25 48 40 13 24 1 3 5 34 27 20 49 8 38 4 
9
20 5 14 36 15 12 29 13 24 
11
20 27 15 36 43 44 46 7 13 40 47 
5
20 27 36 32 16 
8
20 27 37 1 3 5 21 45 
18
20 49 25 28 22 15 12 33 44 46 7 13 24 19 8 18 36 14 
7
21 36 18 8 19 38 15 
5
21 36 27 34 42 
5
21 45 11 17 10 
6
21 45 11 49 8 38 
8
22 2 31 8 19 38 4 50 
6
22 10 17 11 49 20 
6
22 17 11 45 21 5 
7
22 28 25 30 11 49 20 
12
23 4 38 8 19 41 36 15 29 12 30 11 
22
23 30 25 21 36 43 39 9 38 4 11 48 1 24 19 41 15 12 33 29 13 42 
7
23 30 25 41 15 12 29 
6
23 30 25 49 20 27 
10
24 1 48 11 14 5 34 27 20 49 
6
25 28 14 5 34 27 
11
25 28 22 47 40 13 29 15 41 36 18 
9
25 30 23 4 11 45 21 36 27 
12
25 41 19 24 1 37 13 42 34 5 21 45 
8
25 48 31 8 49 11 4 38 
6
25 49 8 19 24 1 
8
25 49 8 38 9 39 43 44 
24
26 47 2 46 7 29 15 27 34 42 22 17 31 8 18 36 13 45 11 14 5 3 1 37 
6
26 47 22 40 48 1 
11
26 47 40 13 42 34 27 15 36 14 11 
20
26 47 40 22 2 46 7 29 12 15 41 19 38 9 39 27 34 42 13 35 
4
27 15 29 33 
4
27 20 49 11 
6
27 36 21 45 13 35 
34
28 14 5 37 1 24 13 45 21 36 27 39 43 44 46 7 29 33 12 15 22 10 17 11 4 38 8 49 25 48 31 2 47 40 
6
28 14 5 37 27 34 
11
28 14 11 4 38 19 24 1 37 5 21 
16
28 22 15 38 8 31 48 1 37 27 34 5 33 44 46 2 
5
28 25 49 8 38 
11
29 7 13 24 19 8 49 20 5 34 42 
4
29 7 13 36 
6
29 15 38 9 39 27 
4
30 11 14 5 
6
30 12 29 33 5 37 
9
30 23 4 11 49 25 28 22 42 
4
30 23 4 50 
8
31 17 10 22 28 25 21 45 
10
31 48 1 3 5 14 28 25 49 20 
8
31 48 1 3 5 20 27 15 
18
31 48 1 3 5 20 27 39 43 36 13 40 22 2 46 7 29 33 
4
31 48 40 22 
15
32 36 13 24 19 38 9 39 43 44 33 29 15 22 17 
4
32 36 41 15 
5
33 12 15 41 35 
9
33 12 29 13 36 14 28 25 49 
12
33 12 30 25 28 22 2 47 40 48 11 14 
8
33 12 30 25 41 19 24 1 
8
33 29 7 46 2 22 47 40 
8
34 5 14 36 43 44 33 29 
15
34 42 13 40 48 11 4 23 30 25 49 8 18 36 41 
6
35 13 37 5 33 12 
18
35 13 37 27 34 5 3 1 24 19 41 15 12 33 44 43 36 21 
10
35 41 36 21 45 13 40 22 47 26 
4
36 13 40 48 
4
36 15 22 42 
7
36 15 27 34 42 22 10 
7
36 21 25 48 11 49 8 
12
36 41 19 8 49 11 48 40 22 42 13 35 
4
36 41 19 24 
10
36 41 35 13 42 22 47 40 48 31 
9
36 41 35 13 47 22 2 31 17 
6
37 1 24 19 8 49 
17
37 1 48 25 30 23 4 11 14 28 22 10 17 31 2 46 7 
7
37 5 14 28 22 47 26 
13
37 5 20 27 36 14 28 25 48 11 4 23 30 
6
37 13 29 7 46 44 
10
37 27 34 5 21 45 13 40 47 26 
10
38 9 39 27 37 13 42 34 5 3 
14
38 9 39 43 36 41 25 30 12 15 22 47 13 35 
8
39 9 38 8 31 48 40 47 
8
39 9 38 8 49 11 17 10 
4
39 27 15 22 
4
39 27 36 21 
6
39 43 44 33 5 3 
4
39 43 44 46 
4
40 13 35 41 
8
40 13 37 1 3 5 34 42 
15
40 48 11 30 12 29 7 13 24 1 37 5 33 44 43 
10
41 15 29 7 13 47 2 31 48 25 
9
41 36 15 22 2 47 13 24 1 
7
42 13 47 2 31 8 49 
11
42 22 17 11 30 12 29 7 13 37 5 
31
42 34 5 20 27 39 9 38 19 41 36 15 12 29 7 13 40 47 22 10 17 11 49 8 31 48 25 30 23 4 50 
8
43 36 21 45 13 35 41 25 
6
43 39 9 38 8 31 
22
43 39 9 38 19 8 49 25 41 15 12 30 23 4 11 48 1 24 13 36 32 16 
23
43 39 27 37 1 3 5 21 25 41 15 36 14 28 22 17 11 45 13 7 46 2 31 
4
43 44 46 2 
10
43 44 46 7 29 13 42 22 10 17 
11
44 43 36 18 8 31 2 47 13 37 27 
8
44 43 39 9 38 4 11 48 
12
44 46 2 22 15 27 36 41 35 13 47 26 
4
44 46 2 47 
13
44 46 7 13 42 22 2 31 48 11 49 25 28 
9
45 11 17 10 22 42 13 47 26 
6
45 13 42 22 40 47 
6
45 21 5 37 1 48 
10
45 21 36 14 11 48 31 2 46 44 
27
46 2 22 10 17 31 8 18 36 14 28 25 41 15 27 37 13 47 40 48 1 3 5 21 45 11 4 
8
47 2 31 8 38 4 11 45 
14
47 22 28 14 5 21 36 41 25 30 12 15 38 19 
26
47 40 48 31 17 22 42 34 27 20 5 14 11 49 8 19 41 35 13 7 46 44 43 36 32 16 
5
48 1 3 5 21 
8
48 1 37 13 29 12 33 44 
15
48 11 17 22 15 41 25 28 14 5 20 27 36 43 44 
4
48 11 45 13 
7
48 25 41 15 36 43 39 
11
48 31 2 47 22 15 36 18 8 38 19 
11
49 8 19 24 13 7 46 44 33 5 37 
4
49 8 19 41 
19
49 11 14 5 33 44 46 2 22 40 48 1 37 13 29 12 15 27 34 
5
49 11 48 40 47 
4
49 25 48 11 
19
50 4 11 14 5 37 13 29 15 27 39 9 38 8 49 25 41 19 24 
14
50 4 11 49 20 5 37 13 7 46 2 47 40 48 
7
50 4 23 30 25 28 14 
17
50 4 38 9 39 43 44 33 29 15 36 27 34 42 13 47 26 
8
50 4 38 15 22 2 47 26 
15
50 4 38 19 24 1 48 11 17 31 8 18 36 32 16 
