50 122 150
1 6
1 7
1 11
1 13
1 19
1 34
1 44
2 21
2 31
2 35
2 46
2 49
3 5
3 6
3 24
3 28
3 36
3 50
4 11
4 21
4 24
4 25
4 28
4 33
4 48
5 9
5 30
5 31
5 34
5 35
5 46
6 16
6 18
6 20
6 26
6 28
6 32
6 44
6 47
7 12
7 20
7 35
7 43
7 49
8 18
8 22
8 43
9 35
9 39
10 48
10 49
11 45
12 14
12 23
12 25
12 31
12 33
12 47
13 44
13 46
14 25
14 40
14 44
14 49
15 16
15 21
15 26
15 43
16 17
16 30
16 32
16 48
17 36
17 44
18 21
19 28
19 33
19 36
19 42
19 43
20 35
20 40
22 24
22 45
22 48
23 35
23 39
23 48
24 28
24 33
24 48
25 31
25 35
27 35
27 37
27 38
27 42
28 30
28 44
28 46
28 47
28 49
29 35
29 45
30 33
30 46
32 49
35 46
36 50
37 42
37 47
37 49
38 46
39 46
40 42
40 43
41 43
41 47
41 48
42 43
42 49
44 50
9
1 7 35 46 2 21 15 43 19 
6
1 19 28 4 48 41 
10
2 21 18 6 16 48 24 33 12 14 
13
2 21 18 8 22 24 28 19 33 12 23 39 46 
13
2 49 14 44 13 46 38 27 42 19 28 47 37 
9
2 49 37 47 28 3 5 31 25 
7
3 24 33 12 25 4 11 
4
3 28 30 33 
10
3 28 30 33 24 48 41 43 40 14 
5
3 28 44 13 46 
5
4 25 14 44 50 
7
7 1 13 44 17 16 30 
5
7 12 47 41 48 
13
7 35 5 31 12 47 37 42 19 28 49 2 21 
6
7 49 2 46 39 23 
5
7 49 28 6 26 
10
8 22 24 33 12 23 48 4 21 15 
17
8 22 48 23 35 2 21 18 6 3 24 4 28 30 5 34 1 
4
8 43 40 20 
7
10 48 4 28 30 33 24 
11
10 48 16 6 1 7 12 31 25 35 20 
4
10 49 7 20 
6
10 49 32 6 18 21 
9
10 49 32 6 20 40 14 25 31 
4
10 49 37 42 
15
10 49 42 19 36 50 44 28 3 24 4 33 12 31 25 
16
11 1 7 49 28 3 5 35 2 21 15 26 6 16 48 4 
8
11 1 13 44 14 40 43 15 
7
11 4 28 46 35 7 20 
4
11 4 33 24 
7
12 23 39 9 35 7 49 
9
12 31 25 35 46 5 3 6 18 
7
12 33 4 11 45 29 35 
4
13 1 7 49 
5
13 1 19 43 41 
9
13 1 44 6 20 35 27 42 43 
7
13 44 6 1 7 20 40 
6
13 44 28 6 32 16 
13
13 46 28 19 36 50 3 5 31 2 21 4 48 
4
14 25 31 5 
4
14 25 35 20 
5
14 49 7 1 13 
8
14 49 42 37 27 35 9 5 
4
15 16 30 28 
10
15 21 2 49 28 19 33 4 11 45 
4
15 21 18 6 
7
16 6 1 44 28 19 33 
8
16 17 44 50 3 6 1 19 
7
16 30 33 12 25 14 40 
5
16 32 6 20 7 
11
16 32 6 20 40 43 41 47 37 42 27 
5
17 16 15 21 4 
6
17 36 3 5 9 39 
5
17 36 3 28 30 
15
17 36 50 3 6 16 48 4 11 45 22 8 43 42 27 
6
18 6 28 46 38 27 
4
18 6 47 37 
7
18 21 15 16 32 6 28 
5
19 28 30 5 3 
4
19 42 43 8 
16
19 43 40 14 49 32 6 26 15 16 17 36 50 3 28 44 
4
20 6 16 17 
4
20 6 28 24 
7
20 6 44 28 46 38 27 
16
21 2 46 13 44 1 6 47 28 30 33 4 48 16 32 49 
4
21 4 11 45 
6
21 4 11 45 22 24 
11
21 15 16 48 24 33 4 28 19 1 7 
9
21 15 43 7 12 25 14 44 6 
8
22 48 24 28 3 5 35 9 
8
22 48 24 28 44 13 1 7 
4
23 39 9 5 
6
23 39 9 35 2 21 
7
24 22 48 23 39 46 30 
4
24 28 46 5 
9
25 31 12 33 19 43 7 35 20 
9
25 35 9 39 23 48 41 43 19 
9
26 6 20 35 7 1 13 46 5 
25
26 15 21 4 28 30 16 6 3 50 36 19 1 13 46 5 9 39 23 12 33 24 22 8 18 
7
27 35 5 9 39 46 28 
6
27 35 9 39 46 38 
4
27 35 23 39 
7
27 37 47 41 43 7 49 
5
27 38 46 13 44 
15
28 19 1 34 5 31 12 14 44 6 18 21 2 46 13 
5
28 19 43 8 22 
5
28 44 17 16 30 
13
28 46 2 49 14 44 6 1 34 5 3 36 19 
6
29 35 5 30 46 28 
11
29 35 9 39 46 13 1 7 20 6 44 
5
29 35 23 48 10 
5
29 45 11 1 13 
15
29 45 11 1 19 36 17 44 50 3 24 22 8 43 40 
4
30 5 9 35 
7
30 5 34 1 44 50 36 
7
30 28 24 4 25 35 29 
9
30 33 12 14 40 20 7 49 28 
10
30 33 24 3 5 35 46 2 31 25 
11
30 33 24 3 28 6 26 15 21 18 8 
5
30 46 5 9 39 
9
31 2 35 7 49 32 16 6 3 
7
31 25 35 29 45 11 4 
8
32 6 16 17 44 13 46 28 
7
32 49 37 42 19 28 3 
5
34 1 7 49 28 
5
34 1 19 43 7 
9
35 7 49 14 12 47 28 3 50 
6
35 25 14 40 43 41 
4
36 3 24 28 
8
36 3 24 48 41 43 8 22 
6
36 17 16 32 6 18 
13
36 17 16 32 49 28 6 18 21 4 25 12 47 
10
36 17 16 48 4 11 1 7 43 15 
11
37 42 27 35 46 5 30 28 6 44 1 
4
37 47 12 23 
4
37 47 12 31 
15
37 47 41 48 4 21 15 16 6 28 19 43 7 1 34 
11
37 49 7 43 8 22 24 28 4 33 30 
13
37 49 10 48 22 45 29 35 20 40 43 42 27 
6
38 46 13 44 14 12 
4
38 46 35 27 
6
39 23 48 4 11 45 
15
39 23 48 10 49 28 44 6 1 34 5 3 36 19 43 
5
40 20 35 2 21 
17
40 42 49 2 21 15 16 48 24 33 12 14 25 35 5 30 46 
6
41 43 8 18 6 26 
8
41 43 19 1 6 18 21 15 
4
41 47 28 30 
4
41 48 22 24 
10
41 48 24 3 50 44 1 11 4 21 
5
41 48 24 28 19 
4
42 19 36 3 
10
42 19 43 8 22 48 24 4 28 30 
19
42 40 20 35 46 30 5 3 6 16 48 41 47 37 49 14 44 17 36 
5
42 49 10 48 16 
5
43 41 47 6 20 
8
44 1 34 5 35 7 49 14 
5
45 22 48 41 43 
7
46 5 3 24 28 44 14 
4
46 30 33 12 
4
47 6 1 11 
8
47 28 44 50 36 19 1 34 
8
48 10 49 42 43 8 18 6 
9
48 22 8 18 6 16 17 44 14 
13
48 22 45 11 4 24 28 49 7 1 44 17 16 
7
48 23 12 14 25 4 11 
6
49 2 31 12 25 14 
6
49 10 48 24 4 11 
20
49 14 25 12 23 39 9 35 46 30 28 44 13 1 7 43 15 16 17 36 
11
49 28 46 5 3 36 19 1 6 20 7 
