50 69 200
1 43
2 8
2 21
2 30
2 39
2 40
2 48
3 5
3 8
3 41
4 12
4 45
4 49
5 13
5 30
6 34
6 36
7 25
7 41
7 45
8 12
8 17
8 18
8 43
9 31
10 11
11 16
11 20
11 38
11 48
12 20
12 39
13 17
13 38
13 44
14 38
14 43
16 19
16 20
16 21
16 32
16 38
17 35
18 34
19 21
21 36
22 23
22 25
22 27
22 30
24 38
24 39
26 45
27 34
27 48
28 31
28 45
29 39
30 41
33 45
34 46
35 39
35 49
37 49
38 45
38 48
41 43
42 47
43 46
7
1 43 8 17 13 38 48 
9
1 43 14 38 11 16 19 21 2 
7
1 43 14 38 48 11 10 
5
1 43 46 34 6 
9
1 43 46 34 6 36 21 16 19 
9
1 43 46 34 6 36 21 16 20 
13
1 43 46 34 18 8 3 5 30 22 25 7 41 
8
1 43 46 34 27 22 30 2 
9
2 8 17 35 39 24 38 16 20 
5
3 5 13 17 8 
4
4 45 7 25 
7
4 45 7 25 22 27 48 
7
4 49 35 39 2 48 38 
6
5 3 41 43 46 34 
8
5 13 38 24 39 2 21 19 
7
5 30 2 8 17 35 49 
6
5 30 2 8 43 46 
7
5 30 22 25 7 45 26 
6
5 30 22 27 34 46 
14
5 30 41 3 8 2 48 38 14 43 46 34 27 22 
11
5 30 41 7 45 4 12 8 43 46 34 
9
6 34 18 8 17 13 38 11 10 
13
6 34 18 8 43 14 38 48 2 30 5 13 44 
9
6 34 27 48 2 21 19 16 32 
7
6 36 21 2 8 43 14 
12
6 36 21 16 11 38 48 27 34 46 43 14 
16
6 36 21 19 16 20 12 4 49 35 39 2 48 11 38 14 
4
7 25 22 23 
4
7 45 28 31 
13
8 3 5 30 41 7 45 4 12 20 11 16 32 
6
8 12 20 11 16 19 
7
9 31 28 45 4 49 37 
5
9 31 28 45 7 
11
9 31 28 45 7 41 3 5 30 22 27 
5
9 31 28 45 26 
5
9 31 28 45 33 
10
10 11 16 20 12 4 45 28 31 9 
16
10 11 16 20 12 39 24 38 14 43 46 34 6 36 21 19 
17
10 11 20 12 4 49 35 39 24 38 16 19 21 2 8 3 41 
5
10 11 20 16 19 
7
10 11 20 16 21 36 6 
12
10 11 38 24 39 35 17 8 43 46 34 18 
6
10 11 48 27 22 25 
6
11 16 38 13 17 35 
18
11 20 16 38 48 27 34 6 36 21 2 8 3 41 7 25 22 23 
8
11 48 27 22 30 5 13 44 
4
11 48 38 16 
5
12 39 24 38 11 
7
13 5 3 8 12 39 29 
14
13 5 30 41 3 8 43 14 38 45 4 12 39 24 
5
13 38 11 16 32 
5
13 38 48 27 34 
5
14 43 8 3 41 
8
14 43 41 3 5 30 22 23 
5
16 19 21 2 40 
9
16 21 2 8 12 39 24 38 13 
6
16 21 2 30 41 3 
4
16 21 36 6 
6
17 13 5 30 22 25 
4
17 13 38 11 
8
18 8 43 41 3 5 13 44 
4
18 34 6 36 
6
19 16 21 2 8 18 
10
19 16 21 2 30 5 13 38 11 10 
6
19 16 21 36 6 34 
4
19 21 2 39 
9
19 21 16 20 11 38 48 2 40 
8
19 21 16 20 12 4 45 26 
10
19 21 16 20 12 4 45 38 24 39 
6
19 21 16 38 45 33 
14
19 21 36 6 34 18 8 17 35 39 24 38 45 33 
7
20 11 16 21 2 30 5 
12
20 11 48 38 24 39 35 17 8 18 34 6 
5
20 12 8 18 34 
12
21 19 16 20 11 48 38 14 43 8 17 35 
8
21 19 16 20 12 39 24 38 
7
22 25 7 45 28 31 9 
6
22 27 34 18 8 2 
8
22 30 5 13 38 14 43 41 
6
22 30 41 3 5 13 
6
23 22 25 7 45 26 
8
23 22 25 7 45 28 31 9 
27
23 22 27 34 46 43 14 38 11 20 12 4 49 35 17 13 5 3 8 2 30 41 7 45 28 31 9 
18
23 22 27 48 2 30 41 43 46 34 6 36 21 16 11 38 45 26 
14
23 22 27 48 11 16 20 12 8 3 5 30 2 39 
9
23 22 27 48 38 14 43 41 7 
6
24 38 11 48 2 40 
5
24 39 2 21 16 
14
25 7 41 3 5 30 22 27 34 6 36 21 2 40 
9
25 22 27 34 18 8 3 5 30 
6
25 22 27 48 2 8 
7
25 22 27 48 11 38 24 
8
25 22 27 48 38 45 4 12 
4
26 45 4 49 
5
26 45 4 49 37 
6
26 45 7 25 22 23 
10
26 45 7 25 22 27 34 6 36 21 
9
26 45 7 41 43 8 12 39 24 
5
26 45 28 31 9 
6
26 45 38 11 20 12 
8
26 45 38 13 17 35 39 2 
5
26 45 38 16 32 
20
26 45 38 48 27 34 6 36 21 19 16 11 20 12 8 2 30 5 13 44 
8
27 22 25 7 41 30 2 8 
5
27 48 11 16 19 
20
27 48 38 11 16 19 21 36 6 34 18 8 17 35 49 4 45 28 31 9 
6
28 45 4 12 20 16 
11
28 45 7 25 22 30 41 3 5 13 44 
8
28 45 7 41 3 8 12 4 
6
29 39 12 4 45 26 
8
29 39 24 38 14 43 46 34 
13
29 39 24 38 48 2 30 41 7 45 4 49 37 
5
30 2 8 12 4 
9
30 5 3 41 43 8 18 34 46 
4
30 41 7 25 
7
31 28 45 38 24 39 2 
15
32 16 19 21 2 39 35 49 4 45 7 25 22 27 48 
10
32 16 19 21 2 48 11 38 24 39 
5
32 16 19 21 36 
5
32 16 20 11 10 
13
32 16 20 12 8 3 41 43 46 34 27 48 11 
6
32 16 21 36 6 34 
10
32 16 21 36 6 34 27 48 2 39 
14
32 16 38 13 17 35 39 12 8 43 41 7 25 22 
12
33 45 4 12 39 24 38 13 5 30 22 25 
3
33 45 26 
5
33 45 28 31 9 
9
34 6 36 21 16 11 38 13 44 
8
34 27 22 30 2 39 24 38 
13
34 27 48 38 13 17 8 12 20 16 19 21 36 
13
34 46 43 14 38 13 17 35 39 12 4 45 26 
9
35 17 8 2 48 11 38 13 44 
8
35 17 8 43 46 34 6 36 
4
35 39 2 8 
4
36 6 34 18 
4
36 6 34 27 
10
36 6 34 46 43 8 2 21 16 20 
4
36 21 16 19 
11
37 49 4 12 20 16 19 21 36 6 34 
9
37 49 4 12 39 2 8 17 35 
10
37 49 4 12 39 24 38 16 21 19 
7
37 49 4 45 28 31 9 
15
37 49 4 45 38 48 2 8 18 34 6 36 21 16 32 
7
37 49 35 17 8 12 20 
4
37 49 35 39 
10
37 49 35 39 2 30 22 25 7 41 
8
37 49 35 39 24 38 11 10 
17
37 49 35 39 24 38 16 21 36 6 34 46 43 8 17 13 44 
15
37 49 35 39 24 38 45 7 25 22 30 2 8 17 13 
13
38 13 5 3 41 43 46 34 27 48 2 21 16 
7
38 14 43 41 30 22 23 
6
38 16 21 2 30 41 
7
38 24 39 12 4 49 37 
4
38 48 2 40 
6
39 2 8 12 4 45 
8
39 24 38 48 27 34 6 36 
13
40 2 21 19 16 11 38 48 27 34 46 43 8 
7
40 2 21 36 6 34 27 
21
40 2 30 5 3 41 7 25 22 27 48 11 20 16 38 24 39 12 8 43 14 
6
40 2 30 5 13 44 
5
40 2 30 22 25 
8
40 2 30 41 7 25 22 23 
8
40 2 30 41 43 8 3 5 
10
40 2 39 24 38 14 43 46 34 6 
6
40 2 48 27 34 6 
13
40 2 48 27 34 6 36 21 16 20 12 39 24 
11
41 7 25 22 27 48 11 38 14 43 1 
11
41 30 5 13 17 8 2 48 11 16 32 
2
42 47 
7
43 8 12 39 24 38 11 
10
43 8 12 39 24 38 45 4 49 35 
7
43 8 17 13 38 45 7 
10
43 8 18 34 27 48 11 16 19 21 
4
43 41 3 8 
6
43 41 7 25 22 23 
10
43 41 30 22 25 7 45 28 31 9 
8
44 13 5 30 41 43 8 3 
7
44 13 17 8 12 20 16 
15
44 13 17 35 39 2 30 41 3 8 12 20 16 38 14 
7
44 13 17 35 39 2 40 
10
44 13 38 24 39 2 21 19 16 32 
6
45 4 12 8 17 35 
12
45 4 49 35 39 2 30 41 43 46 34 6 
5
45 7 25 22 30 
11
45 7 41 30 2 39 12 20 16 19 21 
16
46 34 6 36 21 19 16 11 38 14 43 8 2 30 22 23 
14
46 34 18 8 12 20 11 38 24 39 35 17 13 5 
6
46 34 27 48 11 20 
6
46 43 8 17 35 39 
5
46 43 14 38 13 
8
48 2 30 41 43 8 12 39 
4
48 11 16 38 
6
48 11 20 16 38 13 
4
48 27 22 30 
18
48 27 34 6 36 21 16 20 11 38 14 43 41 3 5 30 2 40 
8
48 27 34 6 36 21 16 32 
5
48 38 11 16 32 
8
48 38 13 17 8 18 34 46 
7
49 4 12 20 16 38 24 
5
49 4 12 39 29 
