50 98 100
1 3
1 24
1 37
1 48
2 22
2 31
2 46
2 47
3 5
4 11
4 23
4 38
4 50
5 14
5 20
5 21
5 33
5 34
5 37
7 13
7 29
7 46
8 18
8 19
8 31
8 38
8 49
9 38
9 39
10 17
10 22
11 14
11 17
11 30
11 45
11 48
11 49
12 15
12 29
12 30
12 33
13 24
13 29
13 35
13 36
13 37
13 40
13 42
13 45
13 47
14 28
14 36
15 22
15 27
15 29
15 36
15 38
15 41
16 32
17 22
17 31
18 36
19 24
19 38
19 41
20 27
20 49
21 25
21 36
21 45
22 28
22 40
22 42
22 47
23 30
25 28
25 30
25 41
25 48
25 49
26 47
27 34
27 36
27 37
27 39
29 33
31 48
32 36
33 44
34 42
35 41
36 41
36 43
39 43
40 47
40 48
43 44
44 46
4
2 31 17 10 
10
2 47 22 28 14 5 33 44 46 7 
11
3 5 14 36 27 15 41 19 24 13 37 
7
3 5 33 29 13 45 11 
11
4 38 15 27 37 1 48 31 17 22 42 
17
5 34 42 22 10 17 31 8 49 20 27 39 9 38 15 41 35 
13
7 29 12 15 41 35 13 47 40 48 31 8 38 
10
7 29 33 44 43 39 27 37 1 3 
7
7 46 2 31 48 11 49 
8
8 19 38 15 29 13 47 26 
5
9 38 4 23 30 
12
10 17 11 30 25 41 19 24 13 40 48 1 
12
10 17 11 49 25 21 5 20 27 36 13 29 
10
10 17 22 2 31 48 1 37 13 24 
9
10 17 22 15 36 27 37 1 24 
20
10 17 22 42 34 5 37 27 20 49 11 14 28 25 30 12 33 44 46 7 
7
10 17 31 2 22 40 13 
26
10 22 17 31 48 25 21 5 3 1 24 19 38 9 39 43 36 41 35 13 45 11 30 23 4 50 
12
10 22 40 48 11 17 31 8 38 4 23 30 
4
11 14 28 22 
12
11 14 36 41 25 48 31 17 10 22 47 13 
4
12 15 38 4 
4
12 29 7 46 
6
12 30 25 21 45 13 
10
13 7 29 33 44 43 36 15 41 35 
11
14 28 25 49 20 5 34 27 36 32 16 
7
14 36 41 15 38 9 39 
8
14 36 43 44 46 2 31 48 
5
16 32 36 15 12 
7
16 32 36 21 25 49 11 
5
17 11 49 8 31 
5
17 31 48 1 3 
25
18 8 31 2 47 13 45 21 25 28 22 15 36 41 19 38 4 23 30 12 33 44 43 39 9 
18
18 8 31 17 22 40 13 24 19 38 15 12 33 44 43 36 41 35 
19
18 8 49 11 14 36 21 5 33 29 12 30 25 41 15 38 9 39 27 
8
19 8 18 36 43 44 33 12 
14
19 8 31 48 11 45 21 25 41 15 12 29 13 40 
6
19 24 1 48 31 2 
11
20 27 15 41 25 48 1 3 5 34 42 
21
20 27 34 5 33 12 29 13 45 21 36 15 38 4 11 49 8 31 2 47 26 
9
21 25 48 1 24 13 36 43 44 
4
21 25 48 11 
4
22 2 31 17 
22
22 15 36 27 39 9 38 19 41 35 13 24 1 48 25 21 45 11 17 31 2 46 
11
22 28 25 49 20 5 34 27 37 1 3 
9
22 42 34 27 37 13 7 46 44 
12
23 30 12 29 13 42 22 10 17 11 48 25 
14
24 13 40 22 15 38 8 49 20 5 37 1 48 25 
5
24 19 38 4 50 
13
24 19 38 9 39 43 44 33 5 34 27 36 18 
10
25 28 14 11 48 31 8 38 15 41 
14
25 30 11 17 22 40 47 13 35 41 19 8 31 2 
5
25 41 35 13 24 
24
26 47 2 31 8 38 19 41 15 36 13 37 5 33 44 46 7 29 12 30 25 28 14 11 
12
26 47 13 37 5 14 11 17 22 28 25 21 
17
26 47 22 40 48 31 8 18 36 21 45 13 29 33 44 46 2 
7
26 47 40 22 2 46 44 
9
27 34 5 3 1 48 25 41 36 
7
29 7 46 2 22 17 10 
7
30 12 29 7 13 24 1 
8
30 23 4 11 48 1 3 5 
5
31 2 22 42 13 
16
33 12 29 15 27 36 41 19 24 13 37 5 14 11 45 21 
5
33 29 7 13 24 
4
34 5 33 44 
4
35 13 36 21 
5
35 13 36 27 37 
15
35 13 42 34 5 33 29 7 46 2 22 10 17 11 45 
17
36 15 12 29 33 5 20 49 25 48 1 37 27 39 43 44 46 
21
36 21 25 41 35 13 40 22 42 34 27 20 5 14 11 4 38 19 24 1 37 
7
36 27 34 5 21 45 11 
14
36 41 15 27 34 5 21 25 49 11 45 13 29 7 
4
37 13 24 19 
4
37 27 36 43 
23
38 9 39 43 44 46 7 13 40 47 2 31 48 25 30 23 4 11 14 28 22 17 10 
9
39 43 44 46 2 22 15 12 33 
12
41 15 12 30 25 21 36 18 8 38 19 24 
14
42 34 27 20 49 8 31 2 22 47 40 13 36 18 
19
42 34 27 39 9 38 19 8 49 11 48 40 13 37 5 14 28 22 10 
5
43 36 41 15 29 
23
43 39 9 38 8 18 36 15 27 20 5 33 44 46 7 29 12 30 11 14 28 22 10 
10
44 33 29 13 45 21 5 37 1 3 
10
44 46 2 22 47 13 24 19 8 38 
25
44 46 7 13 24 19 8 18 36 21 45 11 14 5 33 29 12 30 23 4 38 9 39 27 20 
13
45 13 35 41 36 27 15 22 40 48 11 49 20 
20
45 21 5 3 1 48 25 30 12 15 38 4 11 49 20 27 37 13 42 34 
22
45 21 25 48 1 24 13 29 12 30 11 49 8 38 9 39 27 15 41 36 32 16 
10
45 21 25 49 11 48 1 3 5 14 
28
46 2 31 8 19 24 1 3 5 34 42 22 17 11 49 25 48 40 47 13 7 29 33 44 43 36 21 45 
23
46 2 31 48 40 47 22 42 34 27 37 5 14 11 45 13 36 43 39 9 38 8 19 
25
46 7 29 33 12 15 22 17 31 8 19 38 4 11 14 36 41 35 13 45 21 5 37 1 3 
12
48 40 22 15 12 29 13 35 41 36 32 16 
7
48 40 47 13 37 5 34 
5
49 11 45 13 40 
13
49 25 21 36 27 15 29 33 12 30 23 4 50 
4
49 25 48 1 
11
49 25 48 1 24 13 47 22 42 34 27 
12
50 4 23 30 25 49 8 31 48 1 3 5 
8
50 4 38 8 18 36 21 25 
17
50 4 38 9 39 27 20 5 37 13 40 48 31 2 22 17 10 
