50 98 500
1 3
1 24
1 37
1 48
2 22
2 31
2 46
2 47
3 5
4 11
4 23
4 38
4 50
5 14
5 20
5 21
5 33
5 34
5 37
7 13
7 29
7 46
8 18
8 19
8 31
8 38
8 49
9 38
9 39
10 17
10 22
11 14
11 17
11 30
11 45
11 48
11 49
12 15
12 29
12 30
12 33
13 24
13 29
13 35
13 36
13 37
13 40
13 42
13 45
13 47
14 28
14 36
15 22
15 27
15 29
15 36
15 38
15 41
16 32
17 22
17 31
18 36
19 24
19 38
19 41
20 27
20 49
21 25
21 36
21 45
22 28
22 40
22 42
22 47
23 30
25 28
25 30
25 41
25 48
25 49
26 47
27 34
27 36
27 37
27 39
29 33
31 48
32 36
33 44
34 42
35 41
36 41
36 43
39 43
40 47
40 48
43 44
44 46
4
1 3 5 14 
8
1 37 5 21 25 28 14 36 
12
1 48 11 4 38 8 49 25 21 45 13 24 
7
2 31 17 10 22 42 34 
8
2 46 7 13 42 34 5 37 
7
2 47 22 17 31 48 11 
4
2 47 22 40 
4
2 47 22 42 
4
3 1 24 19 
6
3 1 24 19 38 9 
22
3 1 37 5 21 36 18 8 38 9 39 43 44 46 7 29 33 12 30 23 4 50 
7
3 1 37 13 36 32 16 
4
3 1 48 40 
7
3 5 14 11 17 31 8 
8
3 5 20 49 25 48 31 2 
25
3 5 21 25 49 20 27 34 42 22 2 47 40 48 11 4 23 30 12 15 36 18 8 31 17 
4
3 5 21 36 
20
3 5 37 1 48 31 17 11 45 13 36 41 15 12 29 33 44 43 39 27 
4
4 11 14 28 
5
4 23 30 12 29 
11
4 38 8 19 24 1 48 25 41 36 13 
11
4 38 8 31 17 22 15 29 7 13 47 
9
4 38 8 49 25 21 36 32 16 
5
4 38 15 29 7 
7
4 38 19 8 49 25 48 
5
4 38 19 24 1 
8
5 3 1 48 11 30 25 21 
4
5 14 11 30 
12
5 14 28 22 42 13 24 19 38 4 11 45 
6
5 14 28 22 47 26 
4
5 14 36 32 
11
5 20 27 15 12 29 33 44 43 39 9 
6
5 20 27 36 41 25 
5
5 20 27 39 43 
7
5 20 49 8 18 36 14 
5
5 21 36 13 7 
4
5 21 36 14 
4
5 21 36 41 
10
5 21 45 11 14 36 27 39 9 38 
4
5 33 44 43 
9
5 34 42 13 7 29 33 12 30 
6
5 34 42 13 45 11 
11
5 37 27 34 42 13 24 19 38 9 39 
9
5 37 27 39 43 44 46 2 31 
5
7 13 35 41 36 
9
7 13 45 11 14 36 21 25 28 
6
7 13 45 21 36 18 
8
7 29 12 15 36 43 44 33 
8
7 29 12 33 5 14 28 25 
15
7 46 2 31 48 11 45 21 25 41 19 38 9 39 43 
8
8 18 36 15 12 30 11 48 
4
8 18 36 21 
6
8 18 36 27 39 43 
5
8 19 24 13 29 
7
8 31 2 22 40 47 26 
7
8 31 2 46 7 13 35 
5
8 31 48 1 37 
8
8 31 48 25 30 11 17 10 
7
8 38 4 11 14 36 41 
6
8 38 4 11 45 21 
4
8 38 19 24 
5
8 49 20 27 34 
11
8 49 25 41 15 38 9 39 43 36 18 
4
9 38 4 11 
4
9 38 8 18 
5
9 38 8 49 25 
7
9 38 15 12 33 5 34 
7
9 38 15 36 43 39 27 
4
9 38 15 41 
23
9 38 15 41 35 13 24 19 8 49 20 27 34 42 22 10 17 11 4 23 30 12 29 
14
9 39 27 15 38 8 49 20 5 3 1 24 19 41 
23
9 39 27 15 41 19 38 8 49 25 30 11 14 36 21 5 3 1 24 13 47 22 2 
6
9 39 27 20 5 21 
8
9 39 27 36 15 22 40 13 
8
9 39 27 36 21 25 41 19 
4
9 39 43 36 
6
9 39 43 44 33 5 
5
10 17 11 14 28 
8
10 17 11 14 28 22 2 31 
12
10 17 22 15 38 19 41 35 13 36 21 45 
12
10 17 22 42 13 24 1 48 11 4 38 19 
5
10 17 22 42 34 
6
10 17 31 2 47 40 
7
10 22 15 12 29 13 36 
8
10 22 17 11 30 25 49 20 
13
10 22 17 11 48 1 3 5 21 45 13 47 40 
4
10 22 17 31 
5
10 22 17 31 2 
11
10 22 17 31 8 18 36 14 28 25 41 
9
10 22 17 31 8 19 38 4 11 
11
10 22 28 25 49 11 14 5 20 27 36 
16
10 22 42 13 29 12 15 41 36 43 44 33 5 37 27 34 
6
10 22 47 2 46 7 
4
11 4 23 30 
5
11 4 23 30 25 
12
11 4 38 15 29 12 33 44 46 7 13 35 
18
11 14 28 22 40 48 31 8 49 20 27 15 41 19 24 1 3 5 
4
11 14 36 41 
4
11 14 36 43 
9
11 30 23 4 38 19 41 15 29 
9
11 45 13 29 12 15 22 42 34 
6
11 45 21 25 48 31 
16
11 45 21 25 48 31 2 22 40 47 13 42 34 27 39 9 
6
11 45 21 36 41 35 
4
11 48 25 30 
10
11 48 31 2 46 7 13 42 34 5 
15
11 48 31 2 46 7 29 15 22 47 13 37 27 36 32 
16
11 48 31 2 47 13 37 1 3 5 20 49 8 38 4 23 
4
11 49 8 18 
13
12 15 22 28 14 11 49 8 19 24 13 45 21 
4
12 15 27 37 
5
12 29 15 36 41 
5
12 29 15 38 9 
12
12 30 25 48 31 17 10 22 2 46 7 13 
4
12 33 44 46 
13
12 33 44 46 7 29 13 42 22 2 31 17 11 
6
13 7 29 12 30 23 
8
13 7 46 2 31 17 22 10 
10
13 7 46 44 43 39 27 36 41 19 
6
13 24 19 38 8 18 
8
13 36 18 8 31 48 11 17 
5
13 37 5 33 12 
10
13 37 27 34 5 33 29 7 46 2 
4
13 40 47 26 
4
13 40 48 25 
14
13 45 21 25 49 11 14 36 43 39 9 38 4 50 
9
13 47 2 22 42 34 5 21 25 
4
13 47 22 28 
8
14 5 21 45 11 30 25 28 
5
14 5 33 44 43 
8
14 5 33 44 43 36 27 39 
8
14 11 17 22 42 13 47 26 
6
14 11 30 12 29 15 
10
14 28 22 40 13 42 34 5 3 1 
6
14 28 25 49 20 5 
4
14 36 21 45 
15
15 12 30 11 17 31 2 47 40 22 42 13 24 1 3 
7
15 12 33 5 21 25 30 
10
15 12 33 29 13 45 11 4 38 8 
4
15 22 10 17 
6
15 22 17 11 48 1 
8
15 27 20 5 21 45 11 14 
5
15 27 36 14 28 
5
15 29 7 46 2 
5
15 29 13 24 19 
7
15 29 13 40 48 1 3 
4
15 29 33 5 
5
15 36 21 25 49 
7
15 36 41 25 28 22 40 
6
15 38 19 24 1 3 
6
15 41 25 49 11 30 
10
15 41 35 13 40 47 22 28 14 11 
10
15 41 36 13 37 1 3 5 33 29 
9
16 32 36 13 45 21 5 14 11 
11
16 32 36 15 22 28 25 48 31 8 18 
5
16 32 36 15 27 
13
16 32 36 15 41 35 13 29 33 12 30 25 48 
10
16 32 36 18 8 31 2 22 47 26 
6
16 32 36 27 15 12 
7
16 32 36 27 34 5 3 
14
16 32 36 27 34 42 13 40 48 11 30 23 4 50 
12
16 32 36 27 39 9 38 19 24 1 3 5 
6
16 32 36 41 19 8 
9
16 32 36 41 19 24 1 37 13 
5
16 32 36 43 44 
7
16 32 36 43 44 33 5 
17
17 10 22 40 48 1 3 5 33 29 15 36 43 44 46 2 47 
13
17 10 22 40 48 1 37 13 35 41 25 49 11 
7
17 22 28 25 48 11 4 
6
17 22 40 47 2 31 
4
17 31 2 22 
5
17 31 8 18 36 
7
17 31 8 19 24 1 37 
8
18 8 19 24 1 48 11 4 
5
18 8 19 24 13 
13
18 8 19 38 15 41 25 21 36 13 40 47 26 
10
18 8 19 38 15 41 25 21 36 14 
5
18 8 19 41 15 
4
18 8 31 48 
15
18 8 31 48 1 37 27 39 43 36 13 35 41 19 24 
10
18 8 38 15 12 29 7 13 36 32 
12
18 8 49 20 5 33 12 15 36 43 39 9 
6
18 8 49 20 27 37 
7
18 8 49 25 30 11 14 
6
18 36 14 5 20 27 
13
18 36 21 5 3 1 37 27 34 42 13 47 26 
6
18 36 41 15 38 8 
21
18 36 41 19 8 49 20 27 34 5 37 1 24 13 40 22 15 29 7 46 44 
6
19 8 38 15 41 35 
5
19 24 1 3 5 
4
19 24 1 48 
8
19 24 1 48 25 30 11 4 
5
19 24 1 48 31 
8
19 24 13 35 41 36 18 8 
4
19 38 4 11 
5
19 38 8 18 36 
4
19 38 8 31 
10
19 38 9 39 43 44 46 7 29 15 
12
19 38 15 12 33 5 21 25 30 23 4 50 
10
19 41 36 13 29 12 33 44 46 7 
5
20 5 14 36 27 
7
20 5 34 27 15 29 33 
4
20 5 34 42 
8
20 27 15 41 35 13 37 5 
5
20 27 34 5 21 
6
20 49 8 19 41 36 
6
20 49 8 31 48 11 
9
20 49 8 38 9 39 43 36 15 
9
20 49 11 30 25 21 5 34 42 
7
20 49 25 30 12 33 5 
7
20 49 25 48 11 45 13 
4
21 5 14 36 
4
21 5 20 49 
4
21 5 33 44 
6
21 25 41 35 13 37 
6
21 25 41 36 13 45 
4
21 25 48 11 
4
21 25 49 20 
4
21 36 13 42 
5
21 36 14 11 49 
4
21 36 43 44 
4
21 45 11 30 
5
21 45 13 24 19 
6
21 45 13 24 19 38 
10
21 45 13 35 41 15 27 37 5 20 
7
21 45 13 40 47 2 46 
5
22 2 46 7 29 
4
22 10 17 31 
10
22 10 17 31 48 25 49 8 38 19 
4
22 15 29 33 
7
22 17 11 45 21 25 48 
5
22 17 11 49 25 
7
22 17 31 2 47 13 29 
5
22 28 25 30 23 
9
22 28 25 30 23 4 11 48 31 
8
22 28 25 49 11 14 5 20 
5
22 40 48 1 3 
10
22 40 48 25 28 14 36 41 35 13 
9
22 42 34 27 37 5 21 25 49 
5
22 47 2 46 44 
5
23 4 11 30 12 
7
23 4 38 8 18 36 14 
5
23 4 38 15 29 
10
23 30 11 17 31 48 25 41 15 27 
4
23 30 11 45 
12
23 30 11 49 20 5 37 13 24 19 41 15 
7
23 30 12 33 44 43 36 
9
23 30 25 41 19 38 15 12 29 
4
23 30 25 48 
4
24 1 3 5 
14
24 1 3 5 20 49 25 28 14 11 45 21 36 13 
5
24 1 3 5 21 
10
24 1 3 5 37 27 39 43 44 46 
7
24 1 37 13 29 33 44 
8
24 1 48 25 28 14 11 17 
7
24 1 48 40 22 47 2 
14
24 13 7 29 12 33 44 43 39 27 15 41 36 14 
4
24 13 29 33 
8
24 13 40 47 2 22 15 12 
16
24 13 45 21 5 20 27 37 1 48 31 8 18 36 41 25 
9
24 19 8 49 25 41 15 29 7 
9
24 19 38 15 29 13 36 43 44 
6
24 19 41 25 30 23 
4
25 21 5 20 
7
25 21 5 33 44 46 7 
5
25 21 45 11 48 
11
25 30 23 4 11 48 31 17 22 47 26 
5
25 49 11 48 40 
26
26 47 2 46 7 29 15 36 41 35 13 42 34 5 14 11 48 25 30 12 33 44 43 39 27 37 
9
26 47 13 7 29 12 15 41 25 
6
26 47 13 7 29 33 
6
26 47 13 36 41 35 
4
26 47 13 40 
11
26 47 13 42 22 28 14 5 34 27 36 
5
26 47 13 45 21 
5
26 47 22 2 46 
7
26 47 22 15 41 25 30 
4
26 47 40 13 
5
26 47 40 13 29 
9
26 47 40 22 42 13 24 1 37 
6
26 47 40 48 1 3 
13
26 47 40 48 25 41 19 8 31 17 11 49 20 
7
27 15 12 29 13 47 26 
6
27 15 29 13 24 1 
4
27 20 5 37 
7
27 34 5 37 13 24 1 
7
27 36 14 5 20 49 11 
9
27 37 5 21 36 15 22 2 31 
11
27 37 5 34 42 22 40 47 2 46 7 
10
27 39 9 38 8 31 48 40 47 26 
8
27 39 43 36 13 40 47 26 
10
27 39 43 36 41 15 22 40 47 26 
6
28 14 5 37 1 24 
13
28 14 11 4 23 30 25 21 36 13 35 41 15 
6
28 14 11 48 1 3 
10
28 14 36 21 5 33 12 15 27 39 
4
28 14 36 43 
5
28 22 15 27 36 
12
28 25 48 11 17 22 47 13 37 27 15 41 
4
29 7 13 24 
12
29 12 15 41 19 24 1 3 5 37 27 34 
6
29 12 30 11 17 31 
10
29 12 33 44 46 2 47 22 28 25 
4
29 15 22 2 
4
29 15 27 20 
5
29 15 27 34 5 
7
29 33 5 37 27 39 9 
13
29 33 44 43 36 21 25 41 35 13 7 46 2 
13
30 11 45 13 24 1 3 5 34 27 15 22 10 
7
30 12 15 29 7 13 36 
7
30 12 29 7 46 2 31 
12
30 12 33 44 43 36 14 5 37 27 20 49 
6
30 12 33 44 43 39 
6
30 23 4 38 9 39 
14
30 25 48 1 3 5 37 13 40 47 2 22 17 11 
11
31 2 22 10 17 11 49 20 27 15 29 
4
31 2 46 7 
7
31 2 46 7 29 12 33 
11
31 2 47 22 28 25 49 20 5 33 12 
4
31 2 47 40 
6
31 8 19 38 15 41 
14
31 8 49 20 5 14 28 25 21 45 13 24 1 3 
5
31 8 49 25 28 
5
31 48 11 30 12 
5
31 48 25 30 11 
25
31 48 40 47 2 46 44 43 39 9 38 4 11 49 8 19 41 15 12 29 7 13 36 21 25 
7
31 48 40 47 13 42 22 
8
32 36 13 47 40 22 17 31 
6
32 36 14 5 21 45 
9
32 36 15 12 30 25 48 31 8 
4
32 36 21 25 
8
32 36 21 45 11 30 23 4 
9
32 36 21 45 11 49 8 38 9 
4
32 36 41 15 
4
32 36 43 39 
5
32 36 43 44 33 
14
33 5 34 42 22 28 14 11 45 13 24 19 41 36 
10
33 12 15 29 7 13 47 40 22 42 
10
33 12 30 11 49 8 38 15 27 37 
6
33 12 30 25 28 14 
10
33 29 7 13 45 11 14 5 20 27 
13
33 44 46 7 29 12 30 25 49 20 5 34 27 
6
33 44 46 7 29 15 
6
34 5 20 27 36 41 
5
34 5 33 44 46 
7
34 27 15 38 19 41 35 
10
34 27 37 13 45 11 17 31 2 46 
11
34 27 37 13 47 22 10 17 11 4 50 
4
34 27 39 43 
7
34 42 13 36 43 44 46 
7
34 42 13 45 11 48 40 
10
34 42 22 40 13 29 12 30 23 4 
6
35 13 40 22 28 25 
4
35 13 42 34 
4
35 13 45 11 
11
35 41 19 38 8 18 36 13 29 7 46 
6
35 41 19 38 9 39 
8
35 41 25 21 5 37 1 24 
8
35 41 25 48 40 22 10 17 
8
35 41 25 49 8 38 4 23 
4
35 41 36 13 
10
35 41 36 14 5 34 42 22 47 26 
7
36 13 35 41 15 12 30 
4
36 14 5 21 
4
36 14 11 48 
6
36 14 28 25 49 8 
5
36 15 29 13 45 
4
36 21 25 30 
5
36 21 25 30 11 
6
36 21 25 30 12 33 
5
36 21 25 30 23 
15
36 21 45 13 24 19 38 15 41 25 49 11 48 40 22 
5
36 21 45 13 35 
4
36 27 37 5 
4
36 27 37 13 
6
36 41 25 49 8 31 
4
36 41 35 13 
5
36 43 44 46 7 
8
37 1 24 13 40 22 17 11 
9
37 1 48 11 30 25 28 22 40 
8
37 5 3 1 24 13 47 22 
19
37 5 3 1 48 11 30 23 4 38 15 41 19 24 13 40 22 47 26 
8
37 5 14 11 49 25 28 22 
5
37 5 20 49 8 
11
37 13 7 29 12 33 44 46 2 47 26 
5
37 13 29 12 30 
4
37 27 20 49 
4
38 8 19 24 
5
38 8 19 24 1 
6
38 8 31 17 11 4 
5
38 15 12 33 29 
4
38 15 29 7 
5
38 15 29 13 47 
5
38 19 41 15 22 
7
39 9 38 8 19 24 1 
9
39 27 15 12 33 29 13 35 41 
13
39 27 20 5 33 12 30 25 48 11 49 8 38 
4
39 27 36 43 
7
39 43 36 21 25 49 8 
11
39 43 36 41 19 24 13 45 11 4 23 
13
40 13 24 19 38 4 23 30 25 28 22 47 26 
15
40 13 36 18 8 19 38 9 39 43 44 33 5 3 1 
5
40 22 15 29 7 
5
40 22 15 36 41 
6
40 22 42 13 29 33 
19
40 22 42 34 27 15 41 19 24 1 48 11 49 25 21 45 13 47 26 
5
40 47 2 31 17 
13
40 47 22 28 25 48 1 24 19 8 18 36 32 
9
40 48 25 49 8 31 2 46 7 
6
40 48 25 49 8 38 
9
41 15 12 29 33 5 37 1 48 
4
41 15 27 34 
8
41 15 29 13 36 43 39 27 
5
41 15 29 33 12 
6
41 15 29 33 44 46 
7
41 15 38 4 23 30 12 
4
41 19 8 49 
5
41 19 8 49 20 
9
41 19 24 1 37 13 7 29 12 
22
41 25 21 5 3 1 48 31 17 10 22 40 13 36 43 44 33 12 15 29 7 46 
7
41 25 21 45 11 48 31 
4
41 25 28 14 
4
41 25 48 31 
10
41 25 49 11 17 31 8 38 4 23 
4
41 35 13 24 
14
41 35 13 24 1 37 5 34 42 22 15 12 33 29 
5
41 35 13 40 22 
7
41 35 13 47 22 28 14 
9
42 13 45 21 25 48 11 49 8 
13
42 22 10 17 11 49 20 27 34 5 37 1 48 
5
42 22 15 27 34 
6
42 22 28 25 48 1 
15
42 34 5 33 29 13 45 11 49 25 28 22 40 47 26 
10
42 34 27 36 21 45 11 49 20 5 
5
42 34 27 37 13 
7
43 36 21 5 20 27 39 
11
43 39 27 20 49 25 21 5 14 11 17 
7
43 44 33 12 29 13 35 
5
44 33 12 29 15 
4
44 33 12 30 
8
44 33 12 30 11 49 20 5 
7
44 33 12 30 23 4 50 
8
44 33 29 7 13 24 19 8 
14
44 46 2 22 10 17 11 45 21 25 49 20 5 14 
8
44 46 2 31 8 18 36 43 
8
44 46 2 47 40 48 1 37 
9
44 46 7 29 15 27 37 5 3 
11
45 11 30 25 49 20 27 37 1 48 31 
8
45 13 35 41 25 21 5 33 
6
45 13 35 41 36 18 
5
45 13 36 15 29 
10
46 2 22 17 11 30 12 15 27 34 
4
46 2 22 47 
4
46 2 31 48 
6
46 2 31 48 25 49 
4
46 2 47 40 
7
46 7 13 36 27 39 9 
7
46 7 13 42 34 27 37 
14
46 7 29 12 15 36 27 37 13 40 22 42 34 5 
8
46 7 29 15 41 19 38 4 
14
46 44 33 5 21 36 15 29 13 42 34 27 20 49 
11
46 44 33 12 30 25 48 11 17 31 2 
5
47 2 31 8 18 
7
47 2 31 8 38 4 50 
4
47 2 31 17 
6
47 13 29 12 30 23 
7
47 13 29 15 41 25 30 
4
47 13 35 41 
6
47 22 28 14 36 18 
9
47 40 22 28 25 21 36 43 44 
7
47 40 48 1 37 13 36 
4
48 1 3 5 
6
48 11 14 36 41 19 
7
48 11 30 12 33 44 46 
9
48 25 21 36 27 37 13 35 41 
7
48 25 41 35 13 42 22 
8
48 25 49 11 17 22 2 46 
6
48 31 2 46 44 33 
12
48 31 17 22 28 25 49 8 38 9 39 27 
8
48 40 13 35 41 15 38 19 
6
48 40 13 36 32 16 
11
49 8 19 41 36 43 39 9 38 4 50 
5
49 11 4 38 15 
5
49 11 45 13 24 
5
49 20 5 21 45 
6
49 20 5 33 44 43 
12
49 20 27 34 5 14 36 43 44 33 12 15 
7
49 20 27 36 18 8 38 
4
49 20 27 37 
7
49 25 28 22 42 34 5 
9
49 25 41 15 29 13 45 11 48 
6
49 25 48 40 13 42 
8
50 4 11 14 28 25 30 23 
12
50 4 11 14 28 25 41 35 13 40 47 26 
7
50 4 11 17 22 47 26 
5
50 4 23 30 12 
9
50 4 23 30 25 21 5 37 27 
12
50 4 38 8 31 17 22 40 13 47 2 46 
5
50 4 38 9 39 
11
50 4 38 19 41 36 43 39 27 34 42 
