50 98 10
1 3
1 24
1 37
1 48
2 22
2 31
2 46
2 47
3 5
4 11
4 23
4 38
4 50
5 14
5 20
5 21
5 33
5 34
5 37
7 13
7 29
7 46
8 18
8 19
8 31
8 38
8 49
9 38
9 39
10 17
10 22
11 14
11 17
11 30
11 45
11 48
11 49
12 15
12 29
12 30
12 33
13 24
13 29
13 35
13 36
13 37
13 40
13 42
13 45
13 47
14 28
14 36
15 22
15 27
15 29
15 36
15 38
15 41
16 32
17 22
17 31
18 36
19 24
19 38
19 41
20 27
20 49
21 25
21 36
21 45
22 28
22 40
22 42
22 47
23 30
25 28
25 30
25 41
25 48
25 49
26 47
27 34
27 36
27 37
27 39
29 33
31 48
32 36
33 44
34 42
35 41
36 41
36 43
39 43
40 47
40 48
43 44
44 46
7
1 24 19 38 9 39 43 
5
3 1 37 5 20 
7
8 38 9 39 43 44 46 
11
10 17 22 40 48 31 2 47 13 7 46 
4
21 36 13 40 
19
25 49 8 38 15 12 33 29 7 13 36 43 44 46 2 31 17 11 48 
9
26 47 40 22 42 13 45 11 4 
17
27 15 41 19 8 31 48 25 28 22 10 17 11 4 38 9 39 
7
33 29 12 15 38 4 50 
9
45 11 17 22 15 29 33 5 21 
