40 68 100
1 12
1 21
2 3
2 30
2 35
3 12
3 13
3 28
3 32
4 16
4 23
4 31
4 35
5 13
5 15
5 22
5 30
6 28
7 15
8 20
8 21
8 27
8 33
9 16
10 18
10 27
10 31
10 39
11 21
11 34
12 14
12 15
12 18
12 31
13 30
15 18
15 27
15 38
16 27
16 33
17 18
17 33
17 36
18 37
19 22
19 28
20 31
20 35
21 36
23 29
23 33
23 40
24 25
25 32
25 38
25 39
26 35
28 33
30 31
31 32
31 37
31 39
32 35
33 39
34 35
35 38
36 39
36 40
8
1 12 3 13 30 2 35 34 
10
1 21 8 33 17 36 39 31 4 35 
9
1 21 11 34 35 2 3 12 14 
8
1 21 11 34 35 38 15 7 
8
2 3 12 31 39 33 28 6 
4
2 3 13 5 
20
2 30 31 10 27 8 21 11 34 35 32 25 38 15 18 17 36 40 23 4 
5
3 2 30 31 4 
7
3 13 30 2 35 32 31 
4
3 13 30 31 
5
4 16 27 15 5 
10
4 23 40 36 17 18 37 31 12 3 
11
4 35 32 31 30 2 3 28 33 16 9 
6
5 13 3 12 31 32 
12
5 13 3 32 31 4 16 27 15 38 25 24 
6
5 13 30 31 32 3 
7
5 30 2 3 28 19 22 
11
5 30 13 3 12 18 37 31 20 8 33 
8
6 28 3 13 30 5 22 19 
8
6 28 3 13 30 31 39 36 
16
7 15 5 13 30 2 3 12 1 21 8 27 16 4 35 26 
16
7 15 5 30 2 35 20 8 33 16 27 10 18 12 3 13 
8
7 15 12 31 39 33 16 9 
13
7 15 18 17 36 40 23 4 31 12 3 13 30 
14
9 16 4 23 40 36 39 31 10 27 15 38 35 26 
6
9 16 4 31 12 15 
7
9 16 4 35 2 30 31 
7
9 16 27 15 38 25 24 
16
9 16 33 8 21 11 34 35 38 15 18 37 31 32 25 24 
15
9 16 33 17 36 21 1 12 31 37 18 15 38 25 39 
15
9 16 33 23 4 31 20 35 38 15 5 13 3 2 30 
4
11 21 1 12 
5
11 21 1 12 18 
4
11 34 35 2 
7
11 34 35 2 30 13 3 
23
11 34 35 2 30 13 5 22 19 28 33 39 10 31 4 23 40 36 21 8 27 15 7 
13
11 34 35 38 25 32 31 12 3 2 30 13 5 
6
12 3 2 35 38 25 
7
12 18 37 31 4 23 29 
18
13 30 2 3 12 18 15 5 22 19 28 33 16 27 10 39 31 37 
12
13 30 5 22 19 28 33 8 27 15 18 10 
16
14 12 1 21 11 34 35 4 23 33 39 31 10 27 8 20 
8
14 12 15 5 22 19 28 3 
8
14 12 18 10 27 15 38 35 
9
14 12 18 17 33 8 20 31 37 
14
14 12 31 37 18 10 27 8 33 28 3 32 25 24 
5
16 27 8 20 31 
6
16 33 8 21 1 12 
4
17 36 21 8 
4
18 17 33 39 
4
19 22 5 15 
9
19 22 5 30 13 3 12 1 21 
11
19 28 33 16 4 35 32 3 13 5 22 
7
20 8 21 1 12 18 15 
19
20 8 21 1 12 31 37 18 10 39 36 40 23 33 28 3 32 35 26 
17
20 8 27 16 4 23 40 36 21 1 12 31 39 25 32 35 26 
5
20 31 32 35 34 
13
20 35 32 31 39 25 38 15 27 16 4 23 29 
5
21 8 20 31 30 
12
23 33 17 18 10 31 4 16 27 15 12 14 
10
24 25 32 3 2 30 5 15 12 18 
13
24 25 32 35 2 3 28 33 39 10 27 16 9 
8
24 25 39 10 18 12 3 32 
14
24 25 39 10 27 8 20 31 30 5 15 12 18 37 
12
24 25 39 10 27 8 21 36 17 18 12 1 
21
24 25 39 33 16 27 10 31 37 18 17 36 40 23 4 35 34 11 21 8 20 
8
24 25 39 36 17 18 15 7 
4
25 39 31 4 
4
25 39 31 30 
7
26 35 2 3 13 5 30 
4
27 8 33 17 
5
27 10 18 37 31 
10
27 10 18 37 31 32 35 38 25 24 
4
27 15 5 22 
8
28 19 22 5 15 18 12 1 
5
28 33 16 4 23 
19
29 23 4 16 27 8 20 31 39 25 38 35 34 11 21 1 12 15 7 
13
29 23 4 16 33 8 21 36 39 25 38 15 7 
15
29 23 33 39 31 4 35 34 11 21 1 12 18 15 7 
14
29 23 40 36 21 11 34 35 32 31 10 27 16 9 
14
29 23 40 36 39 31 4 35 34 11 21 1 12 14 
13
31 12 1 21 11 34 35 32 3 28 33 23 29 
6
31 20 8 33 28 19 
6
31 20 8 33 39 36 
4
32 3 13 30 
8
33 23 40 36 39 10 18 37 
5
33 39 10 18 37 
13
34 11 21 8 20 35 2 30 5 22 19 28 3 
19
34 11 21 8 27 16 4 35 20 31 10 39 36 40 23 33 17 18 12 
11
35 2 30 13 3 28 19 22 5 15 7 
7
35 34 11 21 1 12 14 
6
37 18 10 31 12 14 
4
37 31 4 16 
7
37 31 4 23 40 36 21 
7
37 31 32 3 28 19 22 
22
37 31 32 25 38 15 18 12 1 21 8 20 35 2 3 13 30 5 22 19 28 6 
9
38 15 27 16 33 8 21 36 17 
9
38 25 39 33 23 40 36 21 1 
10
39 25 32 3 2 30 13 5 15 38 
16
40 23 4 35 32 31 12 3 28 33 17 36 39 10 18 37 
