80 256 100
1 6
1 27
1 64
1 77
2 10
2 33
2 52
2 56
2 69
2 70
3 32
3 39
3 52
3 58
4 7
4 12
4 19
4 23
4 52
4 53
4 68
4 72
5 31
5 45
5 46
5 57
5 59
6 11
6 24
6 29
6 38
6 43
6 52
6 53
6 59
6 61
6 73
6 76
6 77
7 50
7 65
8 9
8 29
8 43
8 46
8 53
8 57
8 65
8 66
8 71
9 27
9 49
9 77
10 15
10 54
10 55
10 60
10 66
11 29
11 40
11 56
11 65
12 20
12 30
12 31
12 51
12 52
12 61
13 19
13 21
13 36
13 45
13 52
13 68
13 80
14 19
14 25
14 48
14 54
14 58
14 74
15 24
15 45
15 46
15 48
15 53
15 65
15 68
15 73
15 80
16 35
16 41
16 44
16 76
17 30
17 37
17 39
17 46
17 48
17 74
17 77
18 36
18 54
18 55
18 77
19 29
19 33
19 50
19 53
19 80
20 24
20 43
20 45
20 59
20 70
21 31
21 56
21 62
22 25
22 44
22 76
23 28
23 37
23 56
23 60
23 63
24 41
24 43
24 57
24 72
25 33
25 58
25 62
25 64
26 35
26 55
26 61
26 74
27 31
27 42
27 59
27 79
28 42
28 43
28 65
28 76
28 77
28 80
29 53
29 71
29 74
29 76
30 34
30 43
30 47
30 58
30 73
30 80
31 49
31 62
31 76
31 80
32 41
33 63
34 36
34 41
34 45
34 56
34 61
34 70
34 71
34 79
36 40
36 48
36 75
37 39
37 40
37 47
38 68
39 41
39 54
39 61
39 64
39 66
40 42
40 51
40 62
40 68
40 76
41 43
41 55
41 65
41 76
42 64
42 69
42 75
42 80
43 72
43 79
44 53
44 80
45 48
45 49
45 60
47 60
47 76
48 51
48 72
48 76
49 66
49 76
50 51
50 55
50 57
50 67
51 75
52 75
52 80
53 56
53 70
53 76
54 56
54 71
54 73
54 79
55 59
55 75
57 65
57 76
58 67
59 60
59 69
59 76
60 65
60 70
60 72
61 70
61 74
62 63
62 71
62 74
62 75
62 80
63 73
64 69
64 74
65 70
65 72
65 75
65 79
69 71
69 78
69 80
71 77
72 78
75 76
4
1 6 24 72 
4
1 6 73 54 
7
2 52 12 20 70 61 74 
26
4 7 50 55 41 39 54 56 21 62 80 30 12 61 6 59 20 43 24 15 48 36 34 79 27 31 
7
4 68 38 6 77 1 64 
7
5 45 15 73 30 58 25 
9
5 45 60 70 34 56 23 4 53 
10
6 1 77 71 34 56 21 13 80 30 
18
7 4 53 8 57 65 28 77 9 27 79 54 71 34 61 70 60 72 
10
7 65 79 34 71 77 18 36 13 45 
7
8 9 77 18 36 75 55 
9
9 8 29 19 80 31 5 45 60 
5
9 27 59 55 18 
5
9 27 59 55 75 
8
10 54 18 36 34 30 17 74 
20
11 56 34 45 5 31 49 76 28 65 72 48 14 25 58 30 43 8 66 10 
34
12 52 2 56 54 73 6 76 16 35 26 74 64 1 27 9 8 43 41 32 3 58 67 50 51 40 11 65 7 4 72 48 15 80 
5
12 61 6 24 57 
4
14 19 50 57 
22
14 25 64 42 40 62 80 69 71 54 56 11 29 74 17 39 3 32 41 55 26 35 
11
16 76 47 30 12 31 80 52 6 73 63 
9
17 48 14 58 3 39 66 49 9 
7
19 29 71 34 30 43 79 
4
19 50 55 10 
11
19 53 56 21 31 5 45 49 76 47 30 
4
20 24 43 79 
7
20 45 60 65 11 40 68 
8
20 59 27 31 62 21 56 23 
4
20 59 69 78 
21
21 62 31 5 45 34 56 2 10 66 39 41 16 35 26 55 59 27 79 54 73 
34
22 44 16 76 57 24 72 48 17 30 80 69 64 74 14 58 25 33 2 52 13 21 62 75 55 59 6 43 8 66 49 31 12 4 
7
23 28 76 41 34 61 26 
12
23 37 40 36 18 55 26 61 74 62 31 12 
5
24 6 1 27 42 
26
25 58 3 52 13 45 48 14 74 61 39 54 71 69 2 70 20 43 41 24 6 59 60 23 63 62 
7
25 64 74 29 76 57 8 
14
27 31 76 59 60 10 15 48 72 24 43 79 65 7 
10
27 42 28 77 9 49 45 20 12 4 
6
28 23 37 39 64 74 
14
29 19 80 42 75 55 26 74 61 39 64 1 27 59 
14
29 53 70 34 61 6 43 30 58 25 22 76 28 77 
19
29 71 77 17 37 47 60 72 4 19 33 25 14 58 30 73 54 18 55 
9
29 76 59 20 45 49 9 27 1 
11
31 76 16 41 24 6 61 39 54 18 55 
8
33 19 4 53 6 59 20 43 
10
33 25 22 76 40 42 75 36 48 51 
8
34 71 69 59 5 46 17 39 
5
35 16 41 43 79 
11
35 26 61 39 17 37 23 56 54 79 27 
13
36 18 55 26 61 6 59 69 80 19 4 72 65 
14
37 23 60 59 27 42 64 25 33 63 62 21 56 2 
12
37 39 17 74 14 54 18 55 75 52 6 77 
16
37 47 76 22 25 33 2 56 54 73 30 43 8 57 24 41 
15
38 68 15 24 41 32 3 52 2 33 25 58 14 54 18 
48
39 37 40 11 56 2 33 63 73 15 65 70 61 26 35 16 44 80 30 58 14 19 50 55 75 62 21 13 68 38 6 29 74 64 1 77 28 42 27 31 49 45 34 71 54 18 36 48 
18
40 36 48 72 65 41 24 20 12 30 58 25 33 19 13 45 60 47 
7
40 37 39 54 79 27 9 
31
41 39 37 23 60 45 13 21 31 49 66 8 71 77 17 48 14 54 18 55 75 42 40 62 80 15 53 70 61 74 26 
4
42 40 76 29 
4
43 8 65 75 
6
44 16 41 39 66 49 
4
45 20 24 6 
4
46 15 24 20 
15
46 17 37 23 4 53 70 20 43 79 27 9 8 57 76 
20
47 60 45 15 48 17 39 3 52 2 56 23 4 7 65 57 24 41 43 28 
7
47 76 28 80 15 53 8 
33
48 15 73 30 17 46 8 66 39 37 23 60 65 7 4 52 6 1 77 9 27 42 69 80 31 76 57 24 41 55 18 36 40 
5
48 76 41 43 28 
8
51 75 62 74 17 30 58 67 
17
53 6 38 68 15 24 57 65 41 34 45 13 52 4 19 50 7 
5
53 70 2 10 54 
7
54 79 43 30 12 51 40 
5
55 18 54 14 58 
14
58 14 19 4 53 76 40 42 69 80 31 21 62 74 
13
58 14 54 10 2 56 53 76 40 37 23 28 43 
7
60 47 30 12 31 5 57 
11
60 47 37 40 42 69 71 54 79 65 11 
5
60 59 5 57 24 
15
61 12 52 6 43 72 48 36 18 77 9 27 42 80 31 
6
61 26 55 59 27 79 
10
62 25 58 14 54 79 43 30 73 63 
4
63 23 56 34 
24
63 33 25 64 69 71 34 61 70 20 24 6 38 68 13 36 40 62 74 26 55 18 77 1 
4
64 74 17 46 
12
64 74 17 46 15 48 51 75 36 18 55 26 
21
66 10 60 72 78 69 42 64 25 58 67 50 7 65 75 52 4 19 80 62 71 
35
66 39 17 48 15 68 4 12 52 3 32 41 34 45 20 24 57 5 31 27 79 65 75 62 40 36 13 21 56 2 33 19 14 54 18 
19
67 50 51 48 76 31 21 56 53 19 14 58 30 12 61 39 17 77 28 
23
67 50 57 5 46 15 53 8 43 41 34 79 27 59 60 72 78 69 2 56 23 4 7 
6
69 59 20 24 41 16 
5
70 34 41 43 30 
10
70 61 12 20 59 5 46 17 48 14 
8
71 77 18 36 40 76 75 62 
14
74 17 37 39 54 73 30 34 79 43 28 65 57 50 
7
74 26 61 12 51 48 76 
8
74 64 25 14 48 17 77 18 
8
75 62 31 27 79 65 60 10 
7
79 27 42 80 13 52 75 
8
79 65 72 43 30 12 61 34 
4
80 19 13 52 
