50 69 500
1 43
2 8
2 21
2 30
2 39
2 40
2 48
3 5
3 8
3 41
4 12
4 45
4 49
5 13
5 30
6 34
6 36
7 25
7 41
7 45
8 12
8 17
8 18
8 43
9 31
10 11
11 16
11 20
11 38
11 48
12 20
12 39
13 17
13 38
13 44
14 38
14 43
16 19
16 20
16 21
16 32
16 38
17 35
18 34
19 21
21 36
22 23
22 25
22 27
22 30
24 38
24 39
26 45
27 34
27 48
28 31
28 45
29 39
30 41
33 45
34 46
35 39
35 49
37 49
38 45
38 48
41 43
42 47
43 46
13
1 43 8 3 5 13 17 35 39 24 38 11 16 
5
1 43 8 12 4 
11
1 43 8 12 20 16 11 38 48 27 34 
7
1 43 8 18 34 6 36 
11
1 43 8 18 34 27 48 2 30 22 23 
6
1 43 14 38 11 10 
9
1 43 14 38 11 16 21 2 40 
14
1 43 14 38 16 21 2 30 41 3 8 17 13 5 
8
1 43 14 38 24 39 2 30 
8
1 43 14 38 45 28 31 9 
14
1 43 14 38 48 27 34 18 8 3 5 30 2 40 
4
1 43 46 34 
14
1 43 46 34 6 36 21 19 16 20 12 4 49 37 
10
1 43 46 34 18 8 17 35 49 37 
6
1 43 46 34 27 48 
11
1 43 46 34 27 48 2 30 41 7 25 
6
2 8 12 4 45 28 
6
2 8 12 20 16 32 
4
2 21 16 32 
8
2 21 16 38 11 20 12 4 
5
2 21 19 16 32 
10
2 21 36 6 34 18 8 17 35 49 
4
2 39 12 20 
7
2 39 24 38 13 5 30 
7
2 39 24 38 16 21 36 
6
2 39 24 38 45 26 
9
2 48 11 16 20 12 4 45 38 
6
2 48 11 16 21 36 
9
2 48 27 34 46 43 14 38 24 
4
2 48 38 14 
12
3 5 13 17 8 43 46 34 27 48 2 40 
6
3 5 13 38 45 26 
6
3 5 30 2 21 16 
5
3 5 30 22 23 
6
3 8 2 21 36 6 
5
3 8 2 48 11 
8
3 8 12 4 45 7 41 43 
6
3 8 12 4 45 28 
4
3 8 12 20 
4
3 8 17 13 
10
3 8 17 35 39 24 38 14 43 1 
5
3 8 17 35 49 
5
3 41 7 25 22 
4
3 41 43 14 
9
3 41 43 14 38 11 16 19 21 
4
4 12 20 11 
11
4 12 20 11 16 19 21 36 6 34 46 
6
4 12 20 11 48 2 
4
4 12 39 29 
7
5 3 8 12 39 35 49 
13
5 3 41 30 22 27 48 11 16 38 45 7 25 
15
5 3 41 43 8 12 39 24 38 48 2 21 36 6 34 
5
5 13 17 8 18 
8
5 13 17 35 49 4 12 39 
5
5 13 38 16 19 
4
5 30 2 40 
19
5 30 2 48 11 20 12 39 35 49 4 45 7 41 3 8 17 13 44 
4
5 30 22 23 
5
5 30 22 25 7 
6
5 30 22 25 7 45 
4
5 30 41 7 
13
6 34 18 8 2 48 38 11 16 20 12 39 29 
6
6 34 27 22 25 7 
4
6 34 46 43 
6
6 34 46 43 8 2 
5
6 36 21 2 30 
4
6 36 21 16 
6
7 25 22 27 34 18 
8
7 25 22 27 48 11 38 14 
5
7 25 22 30 2 
4
7 41 3 5 
9
7 41 3 5 13 17 35 49 37 
8
7 41 3 8 17 13 5 30 
9
7 41 30 2 8 17 35 49 37 
7
7 41 30 2 8 43 46 
9
7 41 30 22 27 34 18 8 12 
5
7 41 43 8 17 
4
7 41 43 14 
5
7 45 28 31 9 
4
8 2 48 38 
6
8 3 5 30 2 21 
8
8 3 5 30 41 7 45 33 
12
8 3 41 7 45 4 12 20 16 38 11 10 
6
8 3 41 7 45 33 
4
8 3 41 43 
5
8 12 4 45 33 
4
8 12 20 11 
4
8 12 39 29 
5
8 18 34 27 48 
4
8 43 41 3 
4
9 31 28 45 
9
9 31 28 45 4 12 20 16 32 
11
9 31 28 45 4 49 35 17 8 18 34 
13
9 31 28 45 4 49 35 17 13 5 3 41 7 
8
9 31 28 45 7 25 22 23 
5
9 31 28 45 26 
5
9 31 28 45 33 
8
9 31 28 45 38 11 16 19 
11
9 31 28 45 38 11 20 12 8 43 1 
6
9 31 28 45 38 14 
5
10 11 16 20 12 
8
10 11 16 20 12 4 45 26 
4
10 11 16 32 
5
10 11 16 38 13 
12
10 11 20 12 4 45 7 41 30 5 13 44 
7
10 11 20 12 4 45 26 
6
10 11 20 12 39 29 
14
10 11 20 16 19 21 36 6 34 27 22 25 7 41 
6
10 11 20 16 21 19 
14
10 11 20 16 38 24 39 2 8 18 34 46 43 14 
9
10 11 38 45 7 41 30 22 23 
5
10 11 38 45 33 
4
10 11 38 48 
15
10 11 38 48 27 22 30 41 3 8 18 34 46 43 1 
11
10 11 38 48 27 34 6 36 21 16 19 
4
10 11 48 27 
5
10 11 48 27 34 
4
10 11 48 38 
11
10 11 48 38 16 20 12 8 17 35 49 
5
11 16 19 21 36 
11
11 16 20 12 8 17 35 49 4 45 28 
6
11 16 21 2 30 41 
4
11 16 21 36 
5
11 16 38 14 43 
7
11 20 12 8 17 35 39 
5
11 20 12 8 18 
12
11 20 16 38 24 39 12 8 17 35 49 4 
5
11 38 14 43 41 
4
11 38 16 19 
4
11 38 16 32 
4
11 38 45 4 
5
11 38 45 28 31 
4
11 38 48 2 
7
11 48 2 8 43 41 30 
4
11 48 27 22 
5
11 48 27 22 23 
4
11 48 38 16 
5
11 48 38 24 39 
4
11 48 38 45 
5
12 4 45 28 31 
4
12 4 45 38 
7
12 8 2 39 35 49 37 
5
12 8 3 5 13 
5
12 8 18 34 27 
5
12 8 43 41 3 
6
12 8 43 46 34 18 
6
12 20 11 38 16 32 
5
12 39 24 38 13 
8
12 39 24 38 13 17 8 18 
5
13 5 3 8 18 
6
13 5 3 41 30 2 
5
13 5 3 41 43 
6
13 5 3 41 43 46 
4
13 5 30 41 
10
13 17 8 3 41 43 14 38 11 20 
5
13 17 8 12 20 
6
13 17 8 12 39 2 
4
13 17 8 18 
9
13 17 8 18 34 27 48 38 24 
13
13 17 35 49 4 12 20 16 11 38 24 39 29 
7
13 17 35 49 4 45 38 
9
13 38 16 11 20 12 4 49 37 
4
13 38 16 19 
5
13 38 16 20 11 
4
13 38 16 21 
5
13 38 45 7 41 
9
13 38 45 7 41 3 8 43 1 
6
13 38 48 27 34 18 
7
14 38 13 5 30 22 25 
6
14 38 13 17 8 18 
4
14 38 16 11 
6
14 38 24 39 12 8 
9
14 38 45 4 12 20 16 21 19 
4
14 38 48 2 
7
14 43 8 2 21 16 19 
5
14 43 8 2 30 
5
14 43 8 17 35 
12
14 43 46 34 6 36 21 2 48 11 38 45 
7
14 43 46 34 27 22 23 
4
16 11 38 45 
6
16 11 48 27 34 46 
8
16 19 21 2 30 41 43 1 
16
16 19 21 2 39 24 38 13 17 8 18 34 27 48 11 10 
7
16 19 21 36 6 34 46 
16
16 20 11 38 13 17 35 49 4 12 8 18 34 46 43 1 
5
16 20 11 38 24 
12
16 20 11 38 24 39 2 8 18 34 6 36 
14
16 20 11 48 2 8 18 34 27 22 30 5 3 41 
8
16 20 11 48 38 14 43 1 
6
16 21 2 8 12 20 
8
17 8 18 34 46 43 14 38 
9
17 13 5 30 22 27 34 6 36 
5
17 35 39 2 21 
4
17 35 39 24 
7
17 35 49 4 12 39 29 
6
17 35 49 4 45 33 
5
18 8 2 30 5 
4
18 8 3 41 
4
18 8 12 4 
13
18 8 12 20 16 38 24 39 35 17 13 5 3 
7
18 34 27 48 11 20 12 
7
18 34 27 48 11 38 13 
7
19 16 11 38 13 5 3 
6
19 16 21 36 6 34 
5
19 16 38 11 10 
7
19 16 38 24 39 12 20 
4
19 21 2 39 
9
19 21 16 11 48 27 34 46 43 
4
19 21 16 20 
10
19 21 16 20 11 48 27 34 6 36 
4
19 21 36 6 
13
19 21 36 6 34 27 48 11 16 20 12 8 43 
11
19 21 36 6 34 27 48 11 38 16 32 
4
20 11 38 24 
5
20 11 38 45 33 
4
20 11 38 48 
16
20 11 48 2 30 22 27 34 46 43 14 38 24 39 12 4 
7
20 12 4 49 35 39 24 
5
20 12 39 2 48 
4
20 12 39 35 
4
20 16 21 19 
5
20 16 21 36 6 
6
21 2 8 3 41 43 
5
21 2 30 5 13 
11
21 2 30 41 3 5 13 38 14 43 46 
6
21 2 48 27 22 25 
6
21 16 11 38 48 2 
15
21 16 20 11 48 38 24 39 35 49 4 45 28 31 9 
13
21 36 6 34 18 8 43 14 38 24 39 35 17 
10
21 36 6 34 27 22 30 2 39 24 
12
21 36 6 34 46 43 8 3 41 7 45 26 
6
22 25 7 41 43 1 
4
22 27 34 46 
9
22 27 34 46 43 14 38 48 11 
4
22 30 2 48 
10
22 30 5 13 17 35 39 12 4 45 
5
22 30 41 3 8 
7
22 30 41 3 8 12 20 
4
23 22 25 7 
6
23 22 25 7 45 4 
6
23 22 25 7 45 26 
16
23 22 27 34 6 36 21 19 16 38 14 43 8 12 39 24 
10
23 22 27 34 18 8 17 35 39 29 
13
23 22 27 34 46 43 41 30 5 13 17 8 18 
6
23 22 27 48 11 10 
13
23 22 27 48 11 38 16 20 12 8 2 21 19 
19
23 22 27 48 38 24 39 12 8 18 34 6 36 21 2 30 5 13 44 
11
23 22 30 5 3 8 17 35 39 2 40 
14
23 22 30 41 3 5 13 38 14 43 46 34 18 8 
4
24 38 13 5 
5
24 38 13 17 8 
12
24 38 48 2 39 12 8 18 34 27 22 23 
4
24 38 48 27 
6
24 39 2 30 22 25 
4
24 39 12 20 
17
25 7 41 30 5 3 8 43 14 38 16 20 11 48 27 22 23 
5
25 7 41 43 14 
5
25 22 27 34 18 
7
25 22 27 34 46 43 8 
7
25 22 27 48 11 16 38 
13
25 22 27 48 38 14 43 41 7 45 28 31 9 
4
26 45 4 12 
7
26 45 4 12 8 17 35 
15
26 45 4 12 20 11 38 16 21 36 6 34 46 43 1 
12
26 45 4 12 20 16 19 21 36 6 34 18 
5
26 45 4 12 39 
6
26 45 4 12 39 29 
8
26 45 7 25 22 30 2 39 
5
26 45 7 41 3 
18
26 45 7 41 3 5 13 17 8 18 34 46 43 14 38 24 39 29 
7
26 45 7 41 3 8 12 
5
26 45 28 31 9 
3
26 45 33 
6
26 45 38 13 17 8 
18
26 45 38 16 19 21 2 39 12 8 3 5 30 41 7 25 22 23 
6
26 45 38 24 39 12 
12
27 22 25 7 45 38 11 16 19 21 2 40 
8
27 22 30 41 7 45 38 48 
11
27 34 18 8 2 30 22 25 7 45 28 
4
27 48 2 21 
4
27 48 11 20 
5
27 48 38 13 44 
5
27 48 38 14 43 
9
27 48 38 24 39 35 49 4 45 
12
28 45 4 49 35 39 24 38 16 11 20 12 
5
28 45 38 48 27 
5
29 39 2 8 43 
7
29 39 2 30 22 27 48 
4
29 39 2 40 
13
29 39 2 48 38 13 17 8 18 34 27 22 23 
9
29 39 12 8 3 5 30 2 21 
14
29 39 12 20 11 48 27 34 6 36 21 19 16 32 
15
29 39 12 20 16 21 36 6 34 18 8 17 35 49 37 
8
29 39 24 38 11 20 16 32 
7
29 39 24 38 16 11 20 
9
29 39 24 38 16 19 21 2 30 
11
29 39 24 38 45 4 12 20 11 48 2 
14
29 39 24 38 48 11 20 16 19 21 2 8 43 14 
11
29 39 24 38 48 27 34 46 43 41 7 
5
29 39 35 17 13 
4
29 39 35 49 
5
29 39 35 49 37 
7
30 2 48 11 16 38 45 
6
30 5 3 41 43 1 
6
30 5 13 17 8 3 
5
30 5 13 38 24 
4
30 5 13 44 
4
30 41 3 5 
5
30 41 7 45 33 
5
30 41 43 8 18 
6
30 41 43 46 34 6 
4
31 28 45 4 
4
31 28 45 7 
6
31 28 45 38 16 11 
10
31 28 45 38 24 39 2 48 11 10 
4
32 16 11 20 
9
32 16 11 20 12 8 2 21 19 
5
32 16 11 38 13 
6
32 16 19 21 2 40 
5
32 16 19 21 36 
11
32 16 19 21 36 6 34 18 8 2 40 
5
32 16 20 11 10 
11
32 16 20 11 38 48 2 21 36 6 34 
4
32 16 20 12 
7
32 16 20 12 4 45 26 
7
32 16 20 12 39 2 21 
7
32 16 20 12 39 2 30 
5
32 16 21 2 40 
6
32 16 21 2 48 11 
10
32 16 21 36 6 34 18 8 12 39 
7
32 16 38 45 28 31 9 
5
32 16 38 48 2 
7
32 16 38 48 27 22 23 
7
33 45 4 12 8 2 40 
8
33 45 4 12 8 17 35 49 
5
33 45 4 12 20 
6
33 45 4 12 20 11 
4
33 45 4 49 
6
33 45 4 49 35 39 
6
33 45 7 25 22 23 
20
33 45 7 25 22 30 2 39 12 4 49 35 17 8 43 41 3 5 13 44 
7
33 45 7 41 43 46 34 
3
33 45 26 
5
33 45 28 31 9 
11
33 45 38 24 39 2 48 27 22 25 7 
4
34 6 36 21 
10
34 6 36 21 2 8 3 5 13 44 
5
34 6 36 21 16 
7
34 18 8 3 5 13 17 
6
34 18 8 12 39 29 
10
34 27 22 30 2 39 12 4 45 33 
4
34 27 48 11 
7
34 27 48 11 16 38 24 
9
34 27 48 38 45 7 25 22 23 
6
35 17 8 3 41 30 
5
35 17 8 43 1 
9
35 17 13 38 11 16 19 21 2 
7
35 17 13 38 14 43 1 
8
35 17 13 38 48 11 16 20 
4
35 17 13 44 
5
35 39 12 4 49 
6
35 49 4 12 8 18 
11
35 49 4 12 39 2 8 17 13 38 24 
4
36 6 34 18 
12
36 6 34 18 8 12 20 16 19 21 2 40 
4
36 6 34 46 
6
36 6 34 46 43 1 
7
36 6 34 46 43 8 3 
11
36 21 2 8 3 5 30 41 7 25 22 
5
36 21 2 48 11 
4
36 21 16 19 
9
37 49 4 12 8 2 30 22 23 
6
37 49 4 12 20 16 
10
37 49 4 12 39 24 38 16 19 21 
6
37 49 4 12 39 29 
8
37 49 4 12 39 35 17 13 
4
37 49 4 45 
7
37 49 35 17 8 18 34 
6
37 49 35 17 13 5 
6
37 49 35 17 13 44 
17
37 49 35 39 2 48 11 38 16 21 36 6 34 27 22 25 7 
7
37 49 35 39 24 38 13 
5
37 49 35 39 29 
6
38 11 16 21 2 8 
6
38 13 17 8 43 41 
4
38 13 17 35 
4
38 14 43 41 
7
38 16 20 12 4 45 7 
4
38 16 21 36 
7
38 24 39 2 21 16 19 
5
38 24 39 2 40 
4
38 24 39 35 
8
38 24 39 35 49 4 45 26 
9
38 45 4 12 8 3 5 13 44 
8
38 45 7 41 3 8 12 20 
7
38 45 7 41 30 22 23 
4
38 48 11 16 
14
38 48 11 20 16 19 21 36 6 34 18 8 43 1 
13
39 2 21 36 6 34 46 43 14 38 45 7 41 
6
39 2 30 41 43 46 
8
39 2 48 11 38 14 43 1 
5
39 2 48 38 13 
7
39 12 8 3 5 13 44 
4
39 24 38 45 
7
39 24 38 48 2 21 16 
11
39 24 38 48 27 34 18 8 17 13 44 
5
39 35 49 4 12 
4
40 2 8 12 
9
40 2 8 12 4 45 28 31 9 
13
40 2 8 12 39 24 38 11 48 27 34 6 36 
10
40 2 8 17 35 39 24 38 16 32 
7
40 2 8 17 35 49 37 
10
40 2 8 18 34 6 36 21 16 19 
10
40 2 8 18 34 46 43 41 30 5 
14
40 2 8 43 14 38 13 5 3 41 7 25 22 23 
5
40 2 21 16 19 
5
40 2 21 19 16 
6
40 2 21 19 16 11 
6
40 2 21 36 6 34 
7
40 2 21 36 6 34 46 
7
40 2 30 5 13 17 35 
5
40 2 30 22 23 
8
40 2 30 41 43 46 34 18 
7
40 2 39 12 4 49 37 
7
40 2 39 35 49 4 12 
9
40 2 48 11 38 45 28 31 9 
7
40 2 48 38 45 7 41 
7
41 3 5 13 17 8 12 
6
41 3 5 30 2 40 
4
41 3 8 2 
14
41 7 25 22 27 48 2 30 5 13 17 35 39 29 
5
41 7 45 38 16 
6
41 30 2 8 12 4 
7
41 30 22 25 7 45 38 
11
41 43 14 38 13 17 35 49 4 45 26 
5
41 43 46 34 27 
8
41 43 46 34 27 48 38 16 
2
42 47 
10
43 8 17 13 38 24 39 35 49 37 
6
43 8 17 35 49 4 
4
43 14 38 16 
5
43 14 38 45 28 
9
43 41 3 8 12 39 35 17 13 
6
43 41 30 5 13 44 
8
43 41 30 22 25 7 45 33 
14
44 13 5 3 8 18 34 27 48 38 45 28 31 9 
10
44 13 5 3 41 30 2 21 36 6 
6
44 13 5 30 22 23 
6
44 13 17 8 2 40 
16
44 13 17 8 3 5 30 2 39 35 49 4 12 20 16 38 
8
44 13 17 8 3 5 30 41 
9
44 13 17 8 18 34 6 36 21 
13
44 13 17 35 49 4 12 8 3 5 30 22 23 
11
44 13 17 35 49 4 12 20 11 16 32 
12
44 13 17 35 49 4 12 20 16 19 21 2 
8
44 13 17 35 49 4 45 33 
6
44 13 17 35 49 37 
11
44 13 38 16 20 11 48 2 8 17 35 
10
44 13 38 16 21 2 8 17 35 49 
6
44 13 38 45 28 31 
7
44 13 38 45 28 31 9 
7
44 13 38 48 11 16 21 
6
44 13 38 48 27 22 
6
45 4 12 8 18 34 
13
45 4 12 39 24 38 11 20 16 19 21 2 40 
5
45 4 12 39 35 
4
45 4 49 37 
5
45 7 25 22 23 
5
45 7 25 22 27 
4
45 7 41 3 
7
45 7 41 3 8 43 1 
5
45 7 41 30 22 
12
45 38 48 2 30 22 27 34 18 8 43 1 
6
45 38 48 11 16 32 
7
45 38 48 11 20 16 19 
16
46 34 18 8 2 30 5 3 41 43 14 38 48 11 16 32 
8
46 34 18 8 2 30 22 25 
8
46 43 8 18 34 6 36 21 
8
46 43 14 38 48 2 30 5 
11
48 2 21 36 6 34 18 8 17 35 49 
8
48 2 30 5 13 17 8 18 
4
48 2 39 29 
6
48 11 20 12 39 24 
4
48 11 20 16 
5
48 11 38 13 44 
9
48 11 38 14 43 46 34 6 36 
4
48 11 38 45 
5
48 11 38 45 33 
4
48 27 22 25 
7
48 27 22 25 7 45 33 
7
48 27 22 30 5 3 8 
11
48 27 34 46 43 41 7 45 28 31 9 
7
48 38 45 7 41 3 5 
10
49 4 12 20 11 38 16 19 21 36 
6
49 4 12 20 11 48 
5
49 4 12 39 29 
9
49 4 45 7 41 3 8 17 13 
6
49 4 45 38 11 20 
8
49 35 17 8 3 5 13 44 
5
49 35 39 2 30 
