80 148 150
1 8
1 31
1 36
2 26
2 42
2 53
2 76
3 8
3 16
3 21
3 50
3 53
3 58
4 37
4 73
5 26
5 59
5 71
5 72
5 78
6 48
7 43
7 71
7 77
8 35
8 38
8 44
8 66
8 72
8 79
9 59
9 67
10 26
10 27
10 31
10 59
11 17
11 35
11 37
12 65
13 15
13 79
14 17
14 54
14 58
15 19
15 64
16 26
16 29
16 48
16 54
17 48
18 21
18 35
18 49
18 63
18 67
18 68
19 25
19 35
20 25
20 39
20 41
22 35
22 39
22 59
22 61
23 45
23 57
23 62
23 71
24 46
24 52
24 55
25 35
26 61
26 75
27 56
27 60
28 43
28 58
28 68
28 76
29 30
29 33
29 45
29 75
30 66
30 76
31 32
31 35
31 57
31 63
31 79
32 43
32 56
33 49
34 35
34 52
34 74
35 46
35 59
35 71
35 74
36 38
36 59
37 69
38 52
38 67
38 76
38 78
38 80
39 40
39 43
40 45
40 46
41 71
41 72
42 59
44 50
44 59
45 53
45 74
45 77
46 56
46 57
47 51
48 53
48 73
49 77
51 68
51 78
52 58
54 64
54 77
55 58
55 62
58 64
59 64
59 70
61 62
61 76
64 76
64 80
69 73
73 76
73 79
74 79
4
1 31 10 26 
4
2 26 61 22 
8
3 16 54 14 17 48 73 4 
6
4 73 48 53 45 74 
5
4 73 79 74 34 
6
5 59 35 8 44 50 
21
6 48 16 26 5 59 22 35 8 44 50 3 58 28 76 64 15 13 79 31 57 
5
7 43 28 68 51 
6
8 1 36 59 35 74 
5
8 79 13 15 64 
4
9 59 10 31 
8
10 26 2 53 45 77 7 71 
4
10 26 5 71 
6
11 17 48 53 3 50 
2
12 65 
9
13 79 74 45 53 48 73 4 37 
4
14 54 16 3 
5
15 19 35 22 39 
4
15 19 35 25 
6
15 19 35 31 79 13 
6
15 64 76 73 48 6 
6
15 64 80 38 76 61 
11
16 29 75 26 2 42 59 44 50 3 53 
5
16 48 73 76 2 
8
18 21 3 50 44 8 38 36 
5
18 63 31 35 46 
5
20 25 19 35 59 
7
20 25 35 18 21 3 16 
6
20 41 71 7 43 28 
6
21 18 35 46 40 39 
16
21 18 63 31 79 74 35 71 5 72 41 20 39 43 32 56 
4
22 39 40 45 
10
23 45 74 35 18 63 31 32 56 27 
5
23 71 5 72 41 
4
23 71 35 25 
4
24 46 40 39 
4
24 52 38 76 
4
24 55 62 23 
10
25 20 39 40 45 29 16 26 61 22 
5
25 35 34 74 45 
6
26 10 27 56 32 43 
6
27 10 26 61 62 55 
5
27 56 46 35 59 
11
27 56 46 57 31 35 11 37 4 73 69 
5
28 76 61 62 23 
10
29 33 49 77 7 43 39 40 46 24 
6
30 29 16 3 50 44 
10
30 76 61 62 55 58 3 50 44 8 
5
30 76 64 80 38 
5
31 1 8 44 59 
9
31 1 8 72 41 20 25 35 22 
6
31 10 59 5 26 16 
4
31 10 59 36 
5
31 32 43 7 77 
5
31 32 56 27 60 
7
31 32 56 46 24 55 62 
4
31 57 23 45 
7
33 29 16 26 61 22 39 
14
33 29 75 26 10 27 56 32 31 57 46 24 52 34 
6
33 49 77 7 71 35 
6
34 35 22 61 62 55 
9
34 35 71 5 72 8 1 31 57 
5
34 35 74 45 23 
5
34 74 35 46 56 
7
36 1 31 10 27 56 46 
11
36 1 31 35 71 7 43 28 68 18 63 
4
36 38 52 34 
12
37 4 73 76 38 52 34 35 74 45 77 7 
4
37 69 73 48 
9
38 36 59 42 2 76 73 48 53 
12
38 78 5 71 41 72 8 79 73 76 61 22 
16
39 22 61 62 23 45 40 46 56 32 43 28 58 3 50 44 
7
39 40 46 57 23 62 61 
13
39 43 7 77 49 18 67 38 78 51 68 28 58 
7
41 20 25 35 11 37 69 
5
42 2 53 45 23 
9
42 2 76 64 54 77 49 33 29 
17
42 59 10 27 56 46 57 31 32 43 7 77 45 29 30 76 64 
9
43 32 31 35 74 34 52 58 14 
4
43 32 31 79 
8
43 39 20 25 35 22 59 70 
24
44 8 1 36 38 67 9 59 64 15 19 35 31 32 43 28 68 18 21 3 58 14 17 11 
7
44 50 3 58 64 59 5 
7
44 59 42 2 76 64 80 
4
45 23 57 31 
9
45 40 39 43 32 31 63 18 21 
14
45 53 3 50 44 8 35 22 39 40 46 56 27 60 
8
46 35 34 52 38 67 18 68 
6
46 40 45 77 49 33 
14
47 51 78 38 67 18 35 59 44 8 66 30 29 75 
8
48 16 3 21 18 35 31 1 
13
48 16 26 10 31 35 22 59 44 50 3 58 14 
5
48 17 14 58 55 
5
49 18 35 46 40 
4
49 77 54 14 
7
50 3 8 44 59 64 80 
9
50 44 8 3 58 55 62 61 76 
7
51 78 5 72 8 79 13 
7
52 24 46 40 45 23 71 
7
52 58 14 54 64 15 13 
4
52 58 64 54 
15
53 2 26 61 62 55 58 3 8 72 41 71 35 19 15 
14
53 48 16 3 21 18 35 34 52 58 64 80 38 8 
5
54 14 17 11 37 
5
54 14 17 48 6 
10
54 14 58 28 76 73 69 37 11 35 
5
54 77 45 29 75 
7
56 46 24 55 58 14 17 
6
58 14 54 16 3 53 
6
58 64 54 16 26 5 
5
59 10 26 5 72 
4
59 10 26 61 
6
59 44 50 3 21 18 
5
60 27 10 59 70 
6
61 26 2 53 3 50 
4
61 62 23 57 
5
63 18 35 46 56 
10
63 31 1 36 38 8 66 30 76 61 
6
63 31 35 74 34 52 
10
64 15 19 25 35 22 39 20 41 72 
6
64 76 61 22 35 25 
5
68 28 58 52 34 
10
69 37 4 73 79 8 35 19 15 13 
14
69 37 4 73 79 8 72 41 71 5 59 64 15 19 
10
69 73 76 28 43 39 20 41 71 5 
4
69 73 79 74 
5
70 59 64 80 38 
5
71 23 45 77 54 
5
71 35 18 63 31 
10
72 5 78 38 52 34 74 45 77 54 
4
72 8 66 30 
5
73 48 16 3 50 
8
73 48 53 2 42 59 44 50 
14
73 69 37 11 17 48 16 54 14 58 3 8 38 78 
4
73 76 28 68 
12
74 34 35 8 44 59 9 67 38 78 5 72 
13
74 35 71 5 26 75 29 30 76 28 43 32 56 
12
75 26 5 59 35 46 24 52 58 64 76 28 
11
76 30 29 16 26 5 72 8 38 67 9 
4
76 30 29 75 
5
76 61 26 5 72 
10
76 64 59 36 1 31 57 46 56 32 
4
76 73 4 37 
4
76 73 79 13 
6
78 5 59 10 26 2 
25
79 8 1 36 38 78 5 71 35 18 21 3 53 48 17 14 54 16 29 75 26 10 59 64 80 
5
79 8 38 76 2 
4
79 13 15 19 
5
79 13 15 19 25 
22
80 64 76 38 67 18 68 28 43 39 40 46 35 34 52 24 55 62 61 26 2 42 
