80 148 500
1 8
1 31
1 36
2 26
2 42
2 53
2 76
3 8
3 16
3 21
3 50
3 53
3 58
4 37
4 73
5 26
5 59
5 71
5 72
5 78
6 48
7 43
7 71
7 77
8 35
8 38
8 44
8 66
8 72
8 79
9 59
9 67
10 26
10 27
10 31
10 59
11 17
11 35
11 37
12 65
13 15
13 79
14 17
14 54
14 58
15 19
15 64
16 26
16 29
16 48
16 54
17 48
18 21
18 35
18 49
18 63
18 67
18 68
19 25
19 35
20 25
20 39
20 41
22 35
22 39
22 59
22 61
23 45
23 57
23 62
23 71
24 46
24 52
24 55
25 35
26 61
26 75
27 56
27 60
28 43
28 58
28 68
28 76
29 30
29 33
29 45
29 75
30 66
30 76
31 32
31 35
31 57
31 63
31 79
32 43
32 56
33 49
34 35
34 52
34 74
35 46
35 59
35 71
35 74
36 38
36 59
37 69
38 52
38 67
38 76
38 78
38 80
39 40
39 43
40 45
40 46
41 71
41 72
42 59
44 50
44 59
45 53
45 74
45 77
46 56
46 57
47 51
48 53
48 73
49 77
51 68
51 78
52 58
54 64
54 77
55 58
55 62
58 64
59 64
59 70
61 62
61 76
64 76
64 80
69 73
73 76
73 79
74 79
5
1 8 35 18 67 
7
1 8 44 50 3 53 2 
8
1 31 35 18 67 9 59 42 
6
1 31 35 34 74 79 
5
1 31 57 23 62 
5
1 36 38 67 18 
7
1 36 38 67 18 68 51 
13
1 36 38 76 28 68 51 78 5 72 8 44 50 
5
1 36 59 5 71 
15
1 36 59 42 2 26 61 22 35 74 79 31 57 46 24 
4
2 26 5 59 
5
2 26 5 59 70 
4
2 26 5 72 
4
2 26 61 22 
9
2 26 61 22 35 59 36 38 67 
14
2 26 61 22 39 20 41 72 8 79 73 69 37 11 
12
2 42 59 44 8 38 52 24 46 57 23 71 
4
2 42 59 70 
5
2 53 3 8 72 
5
2 76 28 68 51 
4
2 76 73 4 
4
3 8 1 36 
7
3 8 1 36 38 67 9 
14
3 8 72 41 71 35 22 39 40 45 23 57 46 56 
10
3 16 29 45 77 54 14 17 48 6 
8
3 16 54 64 76 61 26 75 
12
3 50 44 8 1 36 38 76 28 58 52 34 
19
3 53 2 42 59 36 38 52 58 55 24 46 57 31 79 8 35 74 34 
16
3 53 45 23 71 7 43 39 20 25 19 15 64 76 61 22 
5
3 58 55 62 23 
8
3 58 64 15 19 25 20 39 
19
4 37 69 73 48 53 3 8 38 76 64 59 42 2 26 75 29 30 66 
5
4 73 76 64 80 
12
4 73 79 13 15 64 80 38 67 18 21 3 
4
5 26 2 42 
13
5 26 10 59 22 35 18 49 77 54 64 15 13 
4
5 26 75 29 
5
5 26 75 29 16 
4
5 59 10 27 
5
5 59 22 61 76 
8
5 78 38 76 28 43 32 31 
6
5 78 51 68 18 21 
7
6 48 16 54 14 17 11 
13
6 48 16 54 77 49 18 35 31 10 59 42 2 
7
6 48 17 11 37 4 73 
11
6 48 17 14 58 64 80 38 36 59 70 
5
6 48 53 2 26 
17
6 48 53 2 76 61 26 75 29 45 74 35 18 68 51 78 5 
10
6 48 53 3 16 29 75 26 10 31 
7
6 48 53 3 21 18 49 
4
6 48 53 45 
28
6 48 73 4 37 11 17 14 54 64 15 19 35 46 40 39 22 59 10 31 63 18 49 33 29 75 26 16 
5
6 48 73 69 37 
9
6 48 73 79 13 15 64 54 14 
7
7 43 39 22 59 36 1 
7
7 71 5 59 35 74 45 
6
7 77 45 29 30 76 
9
7 77 45 53 3 58 64 54 14 
8
8 44 50 3 16 26 61 62 
4
8 44 59 9 
10
8 44 59 22 35 11 17 48 73 69 
9
8 72 5 26 2 53 45 74 35 
15
8 79 74 45 53 2 42 59 10 27 56 32 31 35 22 
9
9 59 5 71 23 45 74 34 52 
7
9 59 22 61 26 75 29 
4
9 59 36 1 
4
9 59 42 2 
5
9 59 44 50 3 
9
9 67 18 63 31 35 22 59 70 
4
9 67 18 68 
9
9 67 38 36 59 35 19 15 64 
12
10 26 5 72 41 20 39 43 32 56 27 60 
4
10 26 16 48 
5
10 26 61 76 2 
7
10 26 61 76 73 79 74 
4
10 26 75 29 
4
10 27 56 32 
10
10 27 56 46 24 52 38 36 1 8 
6
10 31 1 8 79 13 
6
10 31 35 25 19 15 
12
10 59 42 2 53 45 23 57 46 35 31 32 
5
10 59 44 50 3 
4
11 17 14 54 
4
11 35 59 22 
8
11 37 69 73 79 8 66 30 
2
12 65 
6
13 15 19 25 20 39 
11
13 15 19 25 35 59 36 38 67 18 63 
5
13 15 64 58 3 
13
13 15 64 76 61 62 23 71 7 77 45 40 39 
10
13 79 8 1 31 63 18 67 9 59 
14
13 79 73 76 64 80 38 8 1 31 10 26 61 62 
7
14 17 11 37 69 73 4 
14
14 17 48 16 54 77 7 71 5 72 8 35 18 63 
14
14 17 48 53 3 21 18 67 38 52 34 74 35 8 
6
14 54 16 3 53 48 
7
14 54 64 59 5 72 41 
4
14 54 77 49 
6
14 58 52 34 35 74 
4
15 13 79 73 
10
15 13 79 74 34 52 38 76 28 68 
4
15 19 35 18 
6
15 64 54 14 58 55 
4
15 64 76 61 
11
15 64 76 73 48 16 3 21 18 35 34 
4
16 3 21 18 
12
16 3 58 55 24 46 35 8 79 73 76 28 
15
16 26 10 27 56 46 57 23 71 41 72 8 44 59 70 
5
16 26 61 76 73 
14
16 26 75 29 45 74 35 34 52 58 64 15 13 79 
6
16 29 45 23 71 5 
6
16 29 45 53 3 21 
4
16 29 75 26 
4
16 48 73 69 
4
16 54 14 17 
4
17 11 35 46 
16
17 11 37 4 73 79 8 44 50 3 53 2 26 10 27 60 
7
17 48 16 54 64 58 52 
21
17 48 73 76 28 43 39 40 45 77 49 33 29 16 54 14 58 3 8 66 30 
5
18 21 3 53 2 
6
18 21 3 53 2 42 
12
18 49 33 29 45 74 34 35 46 57 31 32 
23
18 49 77 7 43 28 58 64 76 73 48 16 54 14 17 11 35 22 61 26 75 29 33 
10
18 49 77 45 23 71 7 43 39 40 
8
18 49 77 45 74 35 25 19 
5
18 67 9 59 42 
7
18 68 28 58 55 62 61 
5
19 25 20 39 40 
8
19 25 20 41 72 8 66 30 
5
19 25 35 18 63 
4
19 25 35 31 
8
19 25 35 34 52 38 8 72 
4
19 25 35 71 
7
19 35 31 1 36 38 78 
4
20 25 19 15 
4
20 25 35 22 
9
20 39 40 45 74 79 73 76 30 
5
20 39 40 45 77 
4
20 39 43 32 
4
20 41 71 5 
6
20 41 71 5 72 8 
4
20 41 71 7 
11
20 41 71 7 77 54 14 17 11 37 69 
9
21 3 8 72 5 71 35 46 40 
4
21 3 53 2 
7
21 18 35 11 17 48 73 
4
21 18 49 77 
5
21 18 63 31 1 
6
21 18 63 31 1 36 
11
21 18 63 31 32 56 27 10 26 5 78 
6
21 18 67 9 59 70 
4
22 35 11 17 
4
22 35 34 74 
4
22 35 71 7 
4
22 35 74 45 
5
22 39 20 41 71 
12
22 39 40 45 23 57 46 24 52 58 3 53 
6
22 39 43 7 71 41 
9
22 39 43 7 77 45 29 30 66 
7
22 59 35 8 79 31 32 
4
22 59 35 71 
8
22 59 36 1 31 63 18 35 
4
22 61 76 30 
4
23 45 77 49 
6
23 57 31 32 56 46 
10
23 62 55 58 14 54 64 15 19 35 
8
23 71 41 20 25 35 18 63 
16
24 46 40 45 74 35 59 36 38 76 2 53 3 16 26 10 
4
24 46 57 31 
11
24 52 38 67 9 59 10 31 35 18 63 
7
24 52 58 14 17 11 37 
4
24 55 58 14 
7
24 55 58 14 17 48 6 
4
24 55 58 64 
13
24 55 62 23 45 74 34 52 58 64 80 38 78 
9
25 19 35 11 37 4 73 76 61 
9
25 19 35 59 5 26 16 3 21 
7
25 20 41 72 5 59 36 
4
25 35 71 41 
8
26 2 42 59 35 74 79 73 
5
26 2 76 30 66 
4
26 5 59 22 
10
26 5 59 42 2 76 38 67 18 49 
6
26 5 59 64 58 55 
5
26 61 22 59 70 
5
26 61 62 23 57 
10
26 75 29 16 54 14 17 11 37 69 
22
27 10 26 5 78 51 68 28 76 38 8 3 21 18 49 77 45 74 34 52 24 55 
9
27 10 26 16 29 45 23 71 7 
8
27 10 26 61 22 35 19 25 
4
27 10 59 22 
7
27 10 59 22 61 26 75 
11
27 56 46 57 23 62 61 22 39 40 45 
9
28 43 39 22 59 9 67 18 21 
8
28 58 3 16 29 30 66 8 
10
28 58 14 17 48 53 45 77 49 18 
8
28 58 55 24 46 40 45 74 
9
28 68 51 78 5 26 10 27 60 
8
28 76 73 4 37 11 35 71 
9
29 16 54 14 58 3 21 18 49 
5
29 33 49 18 21 
9
29 33 49 77 54 14 17 48 6 
8
29 45 40 46 57 31 79 13 
8
29 75 26 16 48 73 76 64 
4
30 76 2 26 
9
30 76 64 54 16 26 75 29 45 
5
30 76 73 48 53 
9
31 1 8 35 46 57 23 45 74 
6
31 10 26 75 29 33 
5
31 32 43 28 68 
5
31 35 22 59 70 
5
31 57 46 56 32 
5
31 63 18 21 3 
11
31 63 18 35 34 52 24 46 57 23 45 
5
32 31 79 73 48 
4
32 56 27 60 
8
32 56 46 24 55 58 14 17 
20
32 56 46 24 55 58 64 80 38 8 66 30 76 61 62 23 71 35 18 49 
4
32 56 46 57 
7
33 29 30 66 8 44 59 
12
33 49 77 45 29 75 26 61 22 59 9 67 
7
34 35 8 72 41 20 39 
5
34 35 25 20 41 
10
34 52 38 8 35 59 44 50 3 21 
7
34 74 45 29 16 48 53 
16
34 74 79 13 15 19 25 35 18 68 28 76 38 52 58 14 
4
35 11 37 69 
5
35 18 49 33 29 
5
35 18 67 38 36 
5
35 22 39 43 32 
4
35 22 61 62 
4
35 31 10 27 
8
35 34 52 58 14 54 64 80 
5
35 34 74 79 73 
6
35 46 24 55 62 61 
11
35 46 56 32 43 28 76 64 58 3 16 
7
35 59 64 58 14 17 11 
5
35 71 41 20 39 
8
35 74 34 52 24 55 58 14 
5
35 74 45 23 71 
6
35 74 79 8 3 21 
4
36 1 31 35 
10
36 38 52 34 74 79 8 66 30 29 
4
36 59 35 46 
7
37 4 73 76 28 68 18 
5
37 11 17 48 16 
12
37 11 17 48 53 2 42 59 10 26 16 3 
7
37 11 17 48 73 76 61 
5
37 11 35 59 36 
4
37 11 35 71 
8
38 36 1 31 57 23 45 77 
9
38 36 1 31 57 46 56 27 60 
13
38 36 59 5 72 41 71 7 77 49 33 29 75 
10
38 36 59 10 26 2 53 3 16 48 
7
38 52 58 28 68 51 47 
4
38 76 2 53 
13
39 20 25 35 11 37 69 73 76 2 42 59 5 
13
39 20 25 35 74 79 73 76 28 43 32 31 1 
4
39 20 41 72 
6
39 40 45 74 79 73 
4
39 40 45 77 
5
39 40 46 24 52 
8
39 40 46 24 52 58 55 62 
7
39 43 28 68 18 49 33 
8
40 45 29 33 49 77 54 16 
5
40 45 74 35 11 
5
40 45 74 79 8 
10
40 45 77 49 18 63 31 79 8 3 
11
40 46 56 32 31 35 22 61 62 23 57 
4
41 20 25 19 
11
41 20 25 19 15 64 59 36 38 67 9 
8
41 71 5 26 75 29 33 49 
8
41 71 35 8 38 52 24 46 
5
41 71 35 46 56 
5
41 72 5 59 70 
7
41 72 5 71 35 59 44 
14
42 2 26 10 59 64 15 13 79 31 32 56 46 40 
6
42 2 26 10 59 70 
10
42 2 26 16 54 77 49 18 68 28 
20
42 2 76 30 66 8 3 53 48 17 14 54 64 80 38 67 9 59 44 50 
4
42 59 5 78 
4
42 59 9 67 
8
42 59 22 35 8 72 41 20 
12
43 7 71 5 26 10 31 79 8 38 67 9 
7
43 28 76 2 53 3 50 
17
43 32 31 1 36 38 8 44 50 3 16 29 45 74 34 35 71 
5
43 32 56 46 24 
4
43 39 20 25 
8
44 8 1 31 57 46 56 27 
10
44 8 3 58 14 54 64 76 2 42 
7
44 8 79 74 45 53 48 
5
44 50 3 53 45 
8
44 59 5 26 61 22 35 31 
15
44 59 9 67 38 52 24 55 58 64 76 28 68 18 63 
15
44 59 22 39 43 7 77 54 64 80 38 67 18 68 28 
10
45 23 57 31 79 13 15 19 35 59 
5
45 23 71 35 34 
4
45 29 33 49 
6
45 74 34 35 19 15 
4
45 74 34 52 
4
45 74 79 31 
5
45 77 7 71 35 
4
46 24 55 62 
15
46 56 32 43 39 22 35 71 7 77 45 29 75 26 2 
7
46 57 31 32 56 27 10 
19
46 57 31 63 18 21 3 50 44 59 42 2 26 61 62 55 58 14 17 
4
47 51 68 18 
9
47 51 68 18 49 33 29 45 77 
11
47 51 68 18 63 31 57 46 56 32 43 
10
47 51 68 18 67 38 76 64 59 70 
5
47 51 68 28 43 
22
47 51 68 28 58 3 21 18 63 31 32 43 7 77 49 33 29 30 66 8 72 5 
4
47 51 78 38 
8
48 16 26 2 42 59 36 38 
13
48 16 26 75 29 33 49 77 7 43 32 31 1 
4
48 53 3 21 
4
48 73 76 2 
8
48 73 79 74 34 35 71 41 
5
48 73 79 74 45 
6
49 18 67 38 52 24 
9
49 18 68 51 78 5 59 35 74 
4
49 33 29 30 
6
49 77 45 53 2 76 
4
49 77 45 74 
4
50 3 8 72 
8
50 3 16 29 30 76 38 80 
15
50 3 21 18 67 38 52 58 14 54 77 45 53 2 42 
10
50 3 58 28 76 38 80 64 54 77 
10
50 3 58 64 80 38 67 9 59 36 
7
50 44 8 38 76 2 26 
4
51 68 18 63 
9
51 68 28 43 32 56 27 10 26 
21
51 68 28 58 52 34 74 35 31 63 18 21 3 8 38 36 59 5 71 41 72 
5
51 78 5 59 42 
4
51 78 5 71 
10
52 24 46 40 45 74 79 31 57 23 
4
52 24 55 58 
5
52 24 55 58 3 
6
52 24 55 58 28 68 
4
52 34 35 46 
4
52 34 35 74 
16
52 34 74 35 19 25 20 41 71 5 26 61 62 23 57 31 
5
53 3 16 54 77 
7
53 3 21 18 68 28 43 
7
53 45 29 30 76 73 79 
4
53 45 74 79 
4
53 45 77 7 
5
53 45 77 7 43 
8
53 48 73 79 8 35 34 74 
7
53 48 73 79 74 34 35 
18
54 14 17 11 35 25 19 15 64 76 61 26 5 72 41 71 23 62 
15
54 14 17 11 37 69 73 79 31 63 18 49 33 29 75 
4
54 16 26 10 
4
54 64 15 13 
9
54 64 76 30 66 8 35 59 5 
4
54 77 45 74 
11
55 24 46 40 45 74 35 8 1 31 79 
5
55 24 46 57 31 
4
55 24 52 34 
17
55 58 3 8 79 74 45 77 7 71 35 22 61 26 10 31 63 
10
55 58 14 54 77 45 29 30 76 28 
6
55 58 28 76 64 15 
11
55 58 52 24 46 57 23 62 61 76 38 
6
55 62 23 71 7 77 
7
55 62 61 22 39 40 46 
9
56 27 10 26 75 29 45 53 2 
6
56 32 31 57 46 24 
6
56 32 43 39 40 46 
14
56 46 24 52 58 14 54 16 48 17 11 37 4 73 
4
56 46 24 55 
9
56 46 40 45 74 35 19 15 64 
7
57 23 45 29 75 26 16 
5
57 23 45 77 7 
5
57 31 35 8 1 
14
57 31 79 74 34 35 22 59 42 2 26 10 27 60 
4
58 3 16 29 
5
58 28 68 18 67 
4
58 28 68 51 
5
58 52 24 46 40 
10
58 52 34 74 79 13 15 64 59 70 
11
58 52 38 67 9 59 35 25 20 39 22 
5
58 55 24 46 57 
6
58 55 62 61 76 2 
5
58 64 76 61 22 
12
59 5 71 35 11 37 69 73 48 16 3 21 
7
59 5 72 8 44 50 3 
5
59 9 67 18 68 
10
59 10 31 57 46 40 45 74 79 8 
19
59 35 22 39 20 25 19 15 64 80 38 52 34 74 45 77 54 14 17 
6
59 36 38 67 18 21 
4
59 64 15 19 
6
59 64 80 38 52 58 
8
60 27 10 26 2 53 48 6 
8
60 27 10 26 16 54 14 17 
7
60 27 10 59 42 2 76 
26
60 27 56 46 57 31 63 18 49 33 29 75 26 10 59 36 1 8 3 58 64 76 61 22 35 74 
4
61 22 35 8 
6
61 22 35 31 79 8 
6
61 22 59 10 27 56 
6
61 22 59 35 46 56 
6
61 26 10 27 56 32 
6
61 26 10 59 5 78 
8
61 26 16 54 14 58 52 24 
14
61 62 23 71 7 43 28 58 55 24 52 38 67 9 
16
62 23 45 40 39 22 61 76 30 29 75 26 5 78 51 47 
4
62 23 57 46 
8
62 61 22 35 11 37 69 73 
10
62 61 22 59 5 26 75 29 33 49 
5
62 61 22 59 70 
8
62 61 26 16 29 33 49 77 
7
63 18 21 3 16 48 17 
12
63 18 21 3 16 54 77 7 71 23 57 46 
9
63 18 67 9 59 42 2 26 61 
18
63 18 67 38 80 64 54 16 26 61 62 55 58 3 53 48 17 14 
9
63 31 10 26 61 62 23 71 35 
18
63 31 35 18 21 3 16 54 64 80 38 52 34 74 45 53 2 42 
14
63 31 57 23 62 61 22 39 20 25 35 18 49 33 
5
63 31 57 46 56 
10
64 15 19 25 35 8 72 41 71 7 
5
64 54 16 3 50 
5
64 54 16 26 10 
9
64 59 35 74 79 73 76 61 62 
5
64 59 36 38 8 
8
66 8 38 78 5 59 64 54 
9
66 30 29 33 49 77 45 74 35 
4
66 30 76 2 
11
66 30 76 2 26 5 72 8 3 21 18 
8
66 30 76 28 43 32 56 27 
12
67 9 59 10 26 75 29 45 53 3 8 66 
7
67 18 21 3 8 79 13 
6
67 38 36 59 10 27 
4
68 18 49 77 
20
68 18 63 31 32 56 46 35 71 23 62 55 58 64 15 19 25 20 39 43 
8
68 28 43 39 22 59 9 67 
11
69 73 4 37 11 35 74 45 77 54 14 
4
69 73 76 30 
9
69 73 76 61 62 23 57 46 24 
9
69 73 79 31 57 46 56 32 43 
11
70 59 36 1 8 72 5 71 23 45 53 
12
70 59 36 1 31 35 11 17 14 54 16 48 
30
70 59 64 54 14 58 3 16 29 33 49 18 63 31 32 43 28 68 51 78 5 26 61 62 23 71 35 19 25 20 
12
70 59 64 58 28 68 51 78 5 71 41 20 
4
70 59 64 80 
10
71 7 77 49 18 63 31 79 13 15 
4
71 23 45 74 
9
71 23 62 55 58 3 16 48 6 
33
71 35 74 34 52 58 14 54 64 76 2 42 59 44 50 3 53 45 77 49 18 63 31 79 73 4 37 11 17 48 16 29 33 
11
71 41 72 8 3 53 2 26 16 48 6 
6
71 41 72 8 38 36 
5
72 8 79 13 15 
10
72 41 20 25 35 8 1 36 59 9 
5
72 41 71 23 62 
10
73 76 64 15 19 25 35 46 56 27 
8
73 76 64 59 36 1 31 35 
4
74 34 35 8 
8
74 34 52 58 64 76 28 68 
9
74 45 40 39 22 59 64 80 38 
6
74 45 40 39 43 32 
9
74 45 40 46 56 32 43 39 20 
7
74 79 13 15 19 35 31 
10
75 26 5 72 8 79 13 15 64 59 
4
75 26 61 76 
4
75 29 30 66 
5
75 29 30 66 8 
6
75 29 30 66 8 38 
7
75 29 30 66 8 38 52 
8
75 29 45 23 71 5 72 41 
4
75 29 45 53 
4
76 2 26 75 
5
76 2 42 59 36 
6
76 28 58 3 21 18 
6
76 28 58 3 50 44 
10
76 30 29 16 54 77 45 23 62 61 
9
76 30 66 8 79 31 57 23 62 
6
76 61 22 59 44 50 
8
76 61 26 16 54 64 80 38 
13
76 64 15 19 25 35 46 24 55 58 14 54 16 
7
76 64 59 5 71 23 57 
13
76 73 79 31 57 46 24 52 58 28 43 32 56 
7
77 7 43 32 56 27 60 
7
77 7 43 39 22 59 42 
11
77 7 71 5 59 64 80 38 76 30 66 
5
77 45 53 3 50 
4
77 49 18 21 
6
77 54 16 3 50 44 
6
78 5 71 23 45 77 
5
78 5 72 41 71 
6
78 38 36 59 10 27 
16
78 51 68 28 43 39 22 35 31 10 26 2 42 59 9 67 
7
79 8 38 80 64 59 9 
4
79 13 15 19 
9
79 13 15 64 59 44 8 35 46 
4
79 31 1 36 
9
79 31 57 23 71 35 74 34 52 
8
79 31 63 18 35 22 59 70 
5
79 74 45 77 54 
6
80 38 67 9 59 70 
11
80 64 15 13 79 31 57 23 71 41 20 
27
80 64 54 16 3 50 44 59 22 39 40 46 24 52 38 36 1 8 66 30 29 75 26 61 76 2 42 
9
80 64 76 73 79 8 3 53 48 
