40 68 150
1 12
1 21
2 3
2 30
2 35
3 12
3 13
3 28
3 32
4 16
4 23
4 31
4 35
5 13
5 15
5 22
5 30
6 28
7 15
8 20
8 21
8 27
8 33
9 16
10 18
10 27
10 31
10 39
11 21
11 34
12 14
12 15
12 18
12 31
13 30
15 18
15 27
15 38
16 27
16 33
17 18
17 33
17 36
18 37
19 22
19 28
20 31
20 35
21 36
23 29
23 33
23 40
24 25
25 32
25 38
25 39
26 35
28 33
30 31
31 32
31 37
31 39
32 35
33 39
34 35
35 38
36 39
36 40
8
1 12 15 18 10 39 33 16 
5
1 12 31 32 3 
6
1 21 8 20 31 39 
13
1 21 36 40 23 4 31 12 3 13 5 15 7 
6
2 3 32 25 39 33 
4
2 3 32 35 
15
2 30 5 13 3 32 31 4 35 38 25 39 33 28 19 
8
2 35 4 31 32 25 39 36 
7
3 2 30 31 12 15 38 
9
3 13 30 5 22 19 28 33 23 
4
3 13 30 31 
8
3 28 33 17 18 12 31 4 
4
4 16 27 8 
6
4 16 27 15 12 18 
5
4 16 33 17 18 
6
4 16 33 28 19 22 
4
4 23 40 36 
7
4 31 20 35 2 3 28 
6
4 35 2 3 12 15 
6
5 30 31 32 35 34 
8
5 30 31 39 25 38 35 4 
8
6 28 3 2 30 5 22 19 
14
6 28 3 12 15 27 8 20 35 38 25 32 31 4 
5
6 28 19 22 5 
13
6 28 19 22 5 30 13 3 12 31 20 35 26 
8
6 28 33 17 18 12 15 7 
4
7 15 18 10 
14
7 15 18 10 31 30 5 22 19 28 33 16 27 8 
10
7 15 27 8 33 39 10 18 17 36 
10
7 15 38 35 34 11 21 1 12 31 
4
8 21 36 40 
7
9 16 4 35 38 25 24 
8
9 16 27 10 18 15 12 31 
11
9 16 27 10 31 30 5 13 3 28 6 
6
9 16 27 15 38 25 
7
9 16 33 17 18 12 14 
5
9 16 33 23 29 
5
9 16 33 28 6 
12
10 18 17 33 28 3 32 35 38 15 12 14 
10
10 18 17 33 39 31 32 35 34 11 
8
10 18 17 36 21 11 34 35 
5
10 27 8 20 31 
4
10 27 16 9 
7
10 39 33 16 4 35 2 
4
11 34 35 4 
4
12 1 21 8 
6
12 3 2 30 31 37 
7
12 18 15 5 30 31 32 
8
12 31 10 18 17 33 28 3 
7
13 3 2 30 5 15 7 
4
13 5 30 2 
17
13 5 30 2 3 12 18 15 27 16 33 17 36 39 25 38 35 
11
13 30 31 10 27 8 33 28 3 12 14 
10
13 30 31 12 18 17 33 16 4 35 
5
14 12 15 18 37 
11
14 12 15 27 10 39 36 21 11 34 35 
8
14 12 31 37 18 10 39 33 
6
15 18 10 39 36 40 
8
15 18 12 31 10 27 8 21 
8
15 27 8 33 17 18 10 31 
4
16 4 23 33 
8
16 4 23 33 17 18 12 3 
10
16 4 31 32 25 38 15 27 8 21 
5
16 4 35 20 8 
4
17 18 15 38 
8
18 10 31 4 35 38 25 24 
4
18 17 33 28 
9
18 37 31 20 35 38 25 39 10 
9
18 37 31 30 5 22 19 28 6 
14
19 22 5 13 3 2 35 38 15 27 16 33 28 6 
6
19 22 5 30 13 3 
9
19 28 3 2 35 38 15 12 31 
11
19 28 3 12 31 37 18 10 27 15 38 
10
19 28 33 39 36 21 11 34 35 2 
12
20 8 33 16 4 35 2 30 5 13 3 12 
5
20 31 30 5 13 
6
20 31 32 3 13 30 
5
20 35 4 23 40 
8
21 1 12 15 5 13 3 32 
5
21 1 12 31 37 
9
21 8 33 23 40 36 39 31 30 
4
21 36 39 33 
6
22 5 15 18 17 33 
7
22 5 30 13 3 28 6 
4
22 19 28 6 
6
23 4 31 10 27 16 
5
23 4 31 32 35 
12
23 33 17 36 39 10 18 37 31 12 3 32 
7
24 25 38 35 4 23 29 
4
24 25 39 33 
6
24 25 39 33 17 36 
4
25 32 31 20 
10
25 39 31 12 3 28 33 17 18 10 
4
26 35 2 30 
11
26 35 2 30 13 3 32 31 12 1 21 
19
26 35 4 23 33 39 31 37 18 12 3 2 30 13 5 22 19 28 6 
9
26 35 4 31 32 25 38 15 12 
5
26 35 32 3 12 
7
26 35 32 25 38 15 7 
8
26 35 38 15 12 31 37 18 
9
27 8 21 1 12 3 28 19 22 
19
27 10 18 15 38 25 39 31 4 35 32 3 13 30 5 22 19 28 6 
4
27 10 18 37 
15
27 10 18 37 31 32 25 38 35 20 8 21 1 12 14 
9
27 10 31 39 36 17 33 28 6 
9
27 10 39 25 32 31 30 2 35 
6
28 3 12 18 15 38 
5
28 3 13 5 22 
15
28 3 32 31 4 35 2 30 5 15 12 18 10 27 16 
5
28 19 22 5 30 
6
28 33 17 36 21 8 
4
28 33 39 36 
8
29 23 4 31 10 27 15 7 
13
29 23 4 31 20 35 2 30 5 22 19 28 6 
8
29 23 33 8 20 35 34 11 
4
29 23 40 36 
8
29 23 40 36 17 18 15 7 
7
30 13 5 22 19 28 6 
5
31 30 5 15 7 
4
32 3 28 6 
7
32 25 38 15 18 12 14 
9
32 35 2 3 28 33 17 18 10 
4
33 17 36 21 
4
33 28 19 22 
12
33 28 19 22 5 15 38 35 34 11 21 1 
14
34 11 21 8 20 31 4 23 33 39 25 32 35 26 
4
34 11 21 36 
7
34 35 20 8 27 15 18 
4
34 35 32 31 
8
35 2 3 13 30 5 15 38 
18
35 20 8 33 17 18 15 27 10 39 31 32 3 12 1 21 36 40 
4
35 20 31 37 
8
35 34 11 21 8 33 39 36 
7
35 34 11 21 36 39 25 
4
36 17 33 28 
5
36 17 33 39 10 
5
36 40 23 33 16 
6
36 40 23 33 16 9 
6
37 18 10 39 31 20 
6
37 31 12 3 13 5 
8
37 31 30 5 15 18 12 14 
9
38 15 18 17 36 21 1 12 14 
5
38 25 39 31 10 
6
38 35 2 3 12 14 
5
39 10 31 32 25 
4
39 33 8 20 
7
39 33 17 36 40 23 29 
4
40 23 33 17 
6
40 36 17 33 28 3 
9
40 36 39 10 27 16 33 23 29 
