80 256 150
1 6
1 27
1 64
1 77
2 10
2 33
2 52
2 56
2 69
2 70
3 32
3 39
3 52
3 58
4 7
4 12
4 19
4 23
4 52
4 53
4 68
4 72
5 31
5 45
5 46
5 57
5 59
6 11
6 24
6 29
6 38
6 43
6 52
6 53
6 59
6 61
6 73
6 76
6 77
7 50
7 65
8 9
8 29
8 43
8 46
8 53
8 57
8 65
8 66
8 71
9 27
9 49
9 77
10 15
10 54
10 55
10 60
10 66
11 29
11 40
11 56
11 65
12 20
12 30
12 31
12 51
12 52
12 61
13 19
13 21
13 36
13 45
13 52
13 68
13 80
14 19
14 25
14 48
14 54
14 58
14 74
15 24
15 45
15 46
15 48
15 53
15 65
15 68
15 73
15 80
16 35
16 41
16 44
16 76
17 30
17 37
17 39
17 46
17 48
17 74
17 77
18 36
18 54
18 55
18 77
19 29
19 33
19 50
19 53
19 80
20 24
20 43
20 45
20 59
20 70
21 31
21 56
21 62
22 25
22 44
22 76
23 28
23 37
23 56
23 60
23 63
24 41
24 43
24 57
24 72
25 33
25 58
25 62
25 64
26 35
26 55
26 61
26 74
27 31
27 42
27 59
27 79
28 42
28 43
28 65
28 76
28 77
28 80
29 53
29 71
29 74
29 76
30 34
30 43
30 47
30 58
30 73
30 80
31 49
31 62
31 76
31 80
32 41
33 63
34 36
34 41
34 45
34 56
34 61
34 70
34 71
34 79
36 40
36 48
36 75
37 39
37 40
37 47
38 68
39 41
39 54
39 61
39 64
39 66
40 42
40 51
40 62
40 68
40 76
41 43
41 55
41 65
41 76
42 64
42 69
42 75
42 80
43 72
43 79
44 53
44 80
45 48
45 49
45 60
47 60
47 76
48 51
48 72
48 76
49 66
49 76
50 51
50 55
50 57
50 67
51 75
52 75
52 80
53 56
53 70
53 76
54 56
54 71
54 73
54 79
55 59
55 75
57 65
57 76
58 67
59 60
59 69
59 76
60 65
60 70
60 72
61 70
61 74
62 63
62 71
62 74
62 75
62 80
63 73
64 69
64 74
65 70
65 72
65 75
65 79
69 71
69 78
69 80
71 77
72 78
75 76
16
1 27 31 21 56 2 70 65 41 39 61 74 64 25 62 71 
9
3 32 41 16 44 80 42 69 78 
10
3 32 41 65 79 54 56 23 63 33 
5
3 52 12 51 50 
17
3 52 12 51 50 57 76 75 62 71 29 19 53 44 16 35 26 
4
4 7 50 19 
4
4 52 3 39 
8
5 45 15 46 17 37 47 30 
6
5 45 60 59 20 70 
6
5 57 65 75 76 40 
4
5 59 69 42 
6
5 59 76 53 19 14 
4
6 29 53 56 
4
7 4 68 40 
9
7 50 57 5 59 69 71 77 18 
4
8 29 6 77 
5
8 53 70 61 34 
9
8 65 75 76 29 71 69 42 28 
5
9 27 79 34 71 
4
9 49 66 39 
8
10 2 33 19 13 52 4 7 
12
10 15 24 6 38 68 13 45 49 66 8 29 
6
10 54 39 41 24 72 
4
10 60 23 28 
9
11 6 73 54 56 23 63 33 19 
5
11 29 53 70 20 
5
11 40 68 13 21 
5
12 31 76 6 29 
22
12 31 76 47 30 80 19 33 63 62 75 36 40 37 17 39 41 55 26 74 29 11 
5
13 19 29 71 77 
4
13 21 31 80 
8
13 21 56 11 65 57 50 51 
4
14 19 29 6 
6
14 19 50 67 58 30 
6
14 19 53 4 12 52 
4
14 19 53 56 
10
14 48 15 46 17 30 43 79 27 31 
6
15 53 8 9 27 1 
4
15 68 13 19 
11
15 68 13 36 18 55 41 32 3 58 30 
29
15 73 30 58 25 64 69 59 5 31 27 9 77 1 6 61 12 4 19 33 2 70 65 79 54 18 55 10 66 
8
15 80 42 75 62 63 23 28 
4
16 44 53 15 
5
16 76 48 72 43 
4
17 39 66 49 
19
18 55 41 65 75 51 12 61 70 60 10 15 48 17 30 80 52 13 68 
5
18 55 59 20 24 
5
18 55 59 69 80 
6
19 13 68 40 62 25 
6
19 14 58 25 33 2 
4
19 50 55 18 
4
20 43 72 78 
6
20 59 5 45 49 9 
6
21 31 12 4 7 65 
5
21 31 27 9 77 
4
21 62 74 64 
24
22 25 14 54 71 8 57 76 31 62 74 29 53 70 61 6 73 30 17 39 64 42 69 59 
9
22 76 41 43 20 12 31 5 45 
5
23 37 39 54 14 
5
23 63 33 2 56 
10
24 43 28 80 19 14 25 58 67 50 
8
26 61 39 3 52 80 42 28 
4
27 1 6 38 
4
28 23 4 12 
14
28 43 20 59 5 31 76 40 37 39 64 1 77 18 
5
30 34 70 60 65 
5
30 58 14 74 26 
11
31 21 62 75 52 13 80 28 43 41 16 
5
31 49 45 60 70 
7
31 80 15 45 60 10 55 
7
33 2 52 80 15 24 72 
6
34 36 75 62 74 14 
12
34 56 54 79 65 11 6 52 2 33 19 29 
14
34 70 61 26 74 29 11 6 76 49 31 5 46 15 
13
36 34 45 20 43 28 76 22 25 62 31 21 13 
5
36 48 15 53 4 
6
37 17 30 43 24 57 
4
37 23 56 2 
6
37 40 11 6 59 5 
4
38 68 13 19 
13
39 41 16 76 59 6 38 68 40 37 17 30 73 
4
39 54 18 55 
5
39 61 26 74 64 
4
39 66 8 9 
4
40 51 50 67 
4
41 24 72 48 
5
41 43 6 77 28 
9
41 43 8 53 70 61 74 29 11 
10
41 76 59 55 18 36 75 65 8 29 
18
42 28 65 11 56 54 14 48 76 29 53 8 46 17 37 39 64 1 
5
42 28 77 18 54 
9
42 75 62 80 15 65 11 6 38 
10
43 28 65 57 8 29 11 56 54 73 
9
44 16 41 76 59 20 12 52 6 
8
44 22 25 33 2 69 64 39 
9
44 80 31 62 25 58 30 12 52 
8
45 13 36 40 42 64 69 78 
4
45 49 76 40 
12
46 5 57 24 20 70 2 56 23 63 62 40 
7
46 8 9 77 71 69 78 
5
48 15 53 70 20 
7
49 45 48 17 39 66 10 
4
49 66 8 71 
11
50 19 13 52 4 12 31 80 15 46 8 
5
52 4 23 63 33 
8
52 80 15 65 11 40 36 13 
4
53 4 12 30 
4
53 56 34 30 
20
54 18 77 9 49 76 41 32 3 58 30 17 74 61 26 35 16 44 22 25 
7
54 18 77 17 37 47 30 
7
54 56 21 31 62 25 33 
4
54 71 8 43 
6
54 73 6 24 41 43 
19
57 5 45 13 68 40 11 65 79 34 61 74 29 53 8 9 77 71 54 
9
57 50 55 26 61 74 62 40 76 
6
57 50 67 58 3 32 
6
58 30 34 45 13 21 
8
59 55 41 43 28 80 42 69 
12
59 60 70 65 11 40 51 75 62 80 30 34 
5
59 76 6 61 34 
6
60 70 53 29 71 77 
8
61 26 74 14 19 13 80 30 
6
63 73 6 29 53 70 
4
63 73 15 68 
9
64 42 40 11 6 61 70 34 30 
4
65 11 56 34 
7
65 28 80 19 53 56 54 
4
65 70 2 69 
4
66 10 54 79 
7
66 49 31 12 30 34 70 
8
68 4 7 65 8 66 49 9 
4
69 2 10 15 
7
70 2 69 59 27 1 6 
5
70 20 59 5 31 
6
70 53 56 2 33 25 
11
72 43 6 52 2 10 55 50 7 65 79 
9
72 48 17 37 39 66 10 55 26 
7
74 62 75 65 11 40 51 
11
75 51 12 4 53 8 71 69 42 64 39 
12
75 76 57 50 67 58 14 25 33 63 62 74 
8
75 76 59 6 52 12 4 23 
4
76 6 43 79 
4
76 16 41 39 
4
76 16 44 22 
15
76 47 37 39 61 74 62 21 13 36 40 11 56 2 52 
9
76 53 19 14 58 25 62 80 30 
7
76 75 62 21 56 11 65 
6
77 9 27 31 5 46 
4
79 34 70 65 
16
79 43 28 77 9 8 29 11 65 72 24 57 76 48 15 46 
