50 98 150
1 3
1 24
1 37
1 48
2 22
2 31
2 46
2 47
3 5
4 11
4 23
4 38
4 50
5 14
5 20
5 21
5 33
5 34
5 37
7 13
7 29
7 46
8 18
8 19
8 31
8 38
8 49
9 38
9 39
10 17
10 22
11 14
11 17
11 30
11 45
11 48
11 49
12 15
12 29
12 30
12 33
13 24
13 29
13 35
13 36
13 37
13 40
13 42
13 45
13 47
14 28
14 36
15 22
15 27
15 29
15 36
15 38
15 41
16 32
17 22
17 31
18 36
19 24
19 38
19 41
20 27
20 49
21 25
21 36
21 45
22 28
22 40
22 42
22 47
23 30
25 28
25 30
25 41
25 48
25 49
26 47
27 34
27 36
27 37
27 39
29 33
31 48
32 36
33 44
34 42
35 41
36 41
36 43
39 43
40 47
40 48
43 44
44 46
6
1 3 5 34 42 22 
11
1 24 13 29 33 5 14 28 22 47 40 
17
1 37 5 33 12 15 29 7 13 45 11 17 10 22 40 47 26 
6
2 22 42 13 7 46 
6
2 47 40 13 36 14 
11
3 1 48 11 45 13 29 12 30 23 4 
28
3 5 33 29 15 41 19 24 1 48 40 13 7 46 2 31 8 18 36 21 25 28 14 11 17 22 47 26 
4
5 37 13 35 
12
7 29 12 15 41 19 24 13 40 47 2 46 
7
7 29 15 12 33 44 43 
5
8 18 36 14 5 
6
8 19 24 13 37 27 
4
8 38 4 50 
4
8 38 19 41 
5
8 49 11 17 10 
9
9 38 4 11 17 10 22 42 13 
26
9 39 43 44 33 29 15 41 19 38 8 31 17 11 4 23 30 25 48 1 3 5 37 27 20 49 
16
10 17 22 15 38 19 24 1 37 13 7 46 44 33 12 29 
4
10 17 22 40 
16
10 17 31 2 22 28 14 11 30 25 49 8 19 38 4 23 
4
10 17 31 8 
7
10 17 31 48 40 13 7 
7
10 22 15 29 12 33 44 
4
10 22 15 41 
8
10 22 17 31 48 1 37 5 
10
11 45 13 37 1 48 25 28 22 40 
8
12 15 36 41 35 13 42 22 
7
12 29 15 22 28 14 5 
4
12 33 44 46 
4
13 24 1 48 
6
13 35 41 15 38 8 
6
13 40 48 11 4 50 
7
14 5 21 36 43 39 9 
4
14 5 21 45 
7
14 5 37 27 20 49 8 
4
14 28 22 47 
9
14 36 41 19 38 4 23 30 12 
7
15 22 17 11 48 31 8 
4
15 27 36 43 
9
15 29 7 13 35 41 36 43 44 
7
15 36 21 5 37 27 20 
5
15 38 8 31 48 
19
16 32 36 27 34 5 37 13 29 15 12 30 11 17 22 47 2 31 8 
5
17 10 22 42 34 
4
17 11 4 50 
11
17 11 30 23 4 38 15 29 7 13 35 
6
17 11 48 31 2 47 
4
17 31 8 49 
8
18 8 19 24 13 29 15 12 
9
18 8 31 48 11 45 21 25 28 
7
18 36 21 5 34 42 22 
19
18 36 43 44 46 2 22 40 48 25 49 20 5 33 12 30 11 4 50 
7
19 8 18 36 14 11 30 
4
19 8 38 4 
4
19 8 38 15 
9
19 8 49 20 5 14 36 43 39 
5
19 24 1 3 5 
4
19 38 4 23 
10
19 38 9 39 43 44 33 12 15 27 
4
19 38 15 22 
8
19 41 15 38 8 31 48 11 
9
20 5 34 27 15 41 35 13 37 
4
20 27 15 41 
4
21 5 37 13 
18
21 45 11 17 10 22 15 27 39 43 44 46 7 29 12 30 25 28 
7
22 15 29 33 44 43 39 
8
22 15 38 8 19 41 36 27 
7
22 17 11 30 25 41 36 
5
22 42 13 29 7 
6
22 47 40 48 25 49 
4
23 4 11 17 
7
24 1 37 27 39 43 44 
14
24 1 37 27 39 43 44 46 2 22 17 31 8 38 
14
25 21 45 11 49 8 19 41 35 13 42 22 47 26 
12
25 41 15 12 33 44 43 39 27 37 5 14 
10
25 48 1 3 5 37 27 36 32 16 
4
25 48 1 24 
11
25 49 20 5 37 27 39 43 36 13 45 
16
26 47 13 7 29 33 5 21 45 11 49 20 27 15 41 35 
7
26 47 13 29 33 5 14 
14
26 47 13 37 27 15 36 41 25 28 22 10 17 11 
4
26 47 22 28 
10
27 34 5 21 45 11 30 12 29 15 
4
27 37 1 3 
5
28 14 36 43 44 
8
29 7 46 2 31 17 22 42 
18
29 33 44 43 36 15 22 2 31 48 11 49 20 27 34 5 37 1 
11
30 11 14 5 33 29 12 15 22 42 34 
7
31 8 38 15 27 36 13 
5
31 17 22 2 46 
4
31 17 22 42 
6
32 36 27 37 5 3 
5
32 36 41 25 30 
8
33 29 12 15 22 2 47 26 
12
34 5 3 1 24 19 41 25 21 36 32 16 
8
34 5 20 27 36 13 45 21 
11
34 27 20 5 14 36 13 40 48 31 17 
5
34 27 36 41 15 
7
35 41 15 22 2 47 13 
15
35 41 36 13 29 33 5 20 27 34 42 22 2 46 7 
8
36 15 12 29 13 40 48 11 
5
36 15 27 34 42 
10
36 41 19 38 4 23 30 12 33 5 
7
37 1 24 13 7 46 2 
8
37 27 39 43 36 41 19 38 
11
38 8 18 36 15 27 39 43 44 33 12 
4
38 8 49 20 
13
38 8 49 20 5 3 1 24 13 29 15 27 34 
6
38 9 39 27 36 15 
6
38 15 36 41 19 24 
11
38 19 24 13 36 14 5 20 27 37 1 
6
39 27 34 42 22 40 
10
39 43 44 46 2 22 10 17 11 48 
13
40 13 7 46 44 33 29 12 15 22 2 47 26 
10
40 13 29 12 15 36 21 5 3 1 
6
40 13 29 33 5 21 
9
40 13 42 22 28 25 48 31 8 
4
40 22 47 13 
10
40 48 1 3 5 37 27 39 9 38 
4
40 48 1 24 
7
40 48 11 45 13 7 29 
5
40 48 31 2 47 
4
41 15 27 34 
6
41 25 49 8 31 2 
16
41 35 13 40 47 2 22 28 25 30 12 15 36 27 34 42 
5
41 36 13 47 22 
4
42 13 29 33 
7
42 34 5 37 27 39 9 
12
43 44 33 5 3 1 24 19 8 31 17 10 
14
43 44 33 12 30 11 48 1 3 5 20 27 34 42 
9
44 33 29 7 46 2 47 40 48 
9
44 33 29 15 22 17 11 48 31 
7
44 46 2 31 8 18 36 
6
45 21 25 28 14 11 
13
45 21 25 41 15 27 37 5 14 36 18 8 49 
14
46 2 31 8 18 36 13 42 22 40 48 25 49 20 
7
46 7 29 13 37 27 39 
5
46 7 29 13 45 
11
47 2 31 8 49 11 17 22 42 13 45 
9
48 1 37 5 21 36 27 39 43 
7
48 1 37 13 24 19 41 
10
48 25 21 45 13 7 29 33 44 43 
9
48 25 28 14 11 17 10 22 47 
4
48 31 8 18 
12
48 31 8 19 41 15 27 36 43 39 9 38 
6
48 40 47 13 37 1 
4
49 11 30 23 
6
49 20 5 37 13 35 
6
50 4 11 30 12 33 
12
50 4 38 9 39 27 37 1 48 11 45 21 
