80 200
0 57
0 13
0 49
0 50
0 35
0 42
0 76
1 15
1 76
1 53
1 29
1 55
1 48
1 35
2 38
2 41
2 51
2 47
2 33
2 36
2 49
2 5
3 26
3 13
4 28
4 11
4 51
4 70
5 31
5 72
5 47
6 24
6 44
6 45
6 36
7 31
7 39
7 73
7 52
8 30
8 21
8 53
8 47
8 44
8 34
9 21
9 13
9 78
9 63
9 52
10 60
10 30
10 23
10 70
10 52
11 33
11 73
11 66
11 74
11 35
11 28
11 12
12 43
12 72
12 31
12 33
12 23
13 34
13 77
13 76
13 53
13 65
14 37
14 28
14 30
14 64
14 21
15 73
15 63
16 19
16 25
16 34
17 73
17 59
17 18
17 34
17 39
17 77
17 19
17 57
17 67
18 20
19 41
19 49
19 73
19 32
20 45
20 76
20 69
21 48
21 52
21 77
21 43
21 44
22 42
22 26
22 34
22 36
22 31
22 64
22 77
23 57
23 49
23 45
25 71
25 30
25 77
25 66
25 78
25 65
25 32
26 56
26 39
26 50
27 37
27 54
27 61
28 30
28 29
29 73
29 72
29 30
30 70
30 33
31 75
31 60
32 77
33 44
33 60
33 68
33 45
35 62
36 47
36 68
36 49
36 41
36 58
37 57
38 41
39 65
39 64
39 63
40 50
40 66
40 49
40 58
40 52
40 79
44 45
45 65
45 71
45 62
46 49
46 69
47 57
48 57
48 62
49 59
49 72
50 72
51 67
51 53
51 66
53 58
53 66
53 71
53 59
54 70
54 75
54 71
54 67
55 61
58 67
59 78
59 73
59 76
61 77
61 63
61 75
62 76
63 69
64 70
66 73
66 75
66 70
67 76
68 77
69 79
70 74
75 77