50 90
0 5
1 5
1 48
1 36
1 46
1 37
1 6
2 32
2 29
3 7
3 42
4 19
4 7
4 30
5 38
5 42
5 17
5 15
5 33
5 31
6 28
6 27
6 22
6 36
7 15
7 49
7 33
8 13
8 28
8 35
9 44
9 46
9 42
9 14
9 30
10 17
10 49
10 16
10 15
11 41
11 20
11 40
12 34
12 33
12 40
12 48
12 47
12 49
12 45
13 35
13 41
14 19
14 26
15 37
15 17
16 28
16 24
17 48
17 37
18 40
19 43
19 44
20 30
20 21
20 40
21 43
22 35
23 45
23 24
23 26
24 41
25 49
25 36
26 28
27 39
28 35
29 43
29 33
30 31
31 41
32 47
32 46
33 41
33 35
36 39
37 41
37 49
40 48
47 48
