80 150
0 20
0 50
1 25
1 27
1 66
1 67
2 14
2 74
2 29
3 30
3 40
3 27
3 76
4 19
5 59
5 76
5 13
5 41
5 73
5 8
6 62
7 72
8 61
8 27
9 55
10 65
10 31
10 16
10 22
11 37
11 62
12 68
12 15
12 46
12 61
12 49
13 69
13 71
13 73
13 65
14 32
14 54
14 64
14 46
14 44
15 36
15 35
15 64
15 71
15 45
16 29
16 75
16 37
17 70
17 50
17 41
18 33
18 25
19 57
19 39
19 64
20 33
20 70
21 43
21 71
21 58
22 78
22 37
23 78
23 57
23 55
23 35
23 42
24 42
24 65
24 69
25 66
25 63
26 51
26 27
26 34
26 66
27 48
27 42
27 60
28 58
28 72
28 37
28 68
30 77
30 67
30 44
31 60
31 37
31 63
33 57
33 55
34 63
34 68
35 41
35 55
35 73
35 49
38 57
39 70
39 51
40 44
41 72
42 69
42 67
42 75
44 66
44 75
45 51
46 73
47 67
47 56
47 68
48 64
49 59
49 64
49 70
50 79
51 63
51 72
51 79
52 53
52 61
52 64
52 78
53 68
53 58
54 63
54 74
54 71
55 68
56 71
56 66
58 61
58 75
60 74
60 68
60 62
62 67
64 69
66 74
67 70
68 79
70 72
75 77
