50 120
0 10
0 17
0 34
0 46
0 48
0 29
0 30
0 11
0 39
1 18
1 11
1 14
1 46
2 35
2 39
2 40
2 37
2 48
2 41
3 12
3 48
3 11
4 9
4 15
4 22
4 10
4 44
5 20
5 29
5 34
5 40
5 44
5 37
5 24
5 23
5 30
5 9
6 23
6 36
6 45
6 15
6 43
7 12
7 11
7 24
7 37
8 24
8 37
8 10
8 31
9 48
9 25
9 21
9 23
10 28
11 38
11 41
11 45
11 47
11 31
12 34
12 27
13 19
13 39
13 48
13 25
13 28
13 14
13 27
14 42
14 36
14 24
14 37
15 22
15 43
15 47
16 28
16 49
17 31
17 46
18 20
18 30
18 46
18 24
21 28
21 27
21 25
22 45
22 36
22 25
22 46
24 36
25 26
25 40
25 34
25 46
26 47
26 28
27 29
27 44
27 48
27 36
29 40
30 39
32 45
32 36
33 45
33 39
34 45
35 37
37 44
38 44
40 49
41 48
41 45
42 48
43 48
43 44
46 49
47 49
