30 100
3 0 2 9 
3 0 3 4 
3 0 4 28 
3 1 2 5 
3 1 2 15 
3 1 2 20 
3 1 8 22 
3 1 9 11 
3 1 9 15 
3 1 9 26 
3 1 11 14 
3 1 12 21 
3 1 13 15 
3 1 14 24 
3 1 20 26 
3 1 21 24 
3 1 24 27 
3 2 3 6 
3 2 3 26 
3 2 4 19 
3 2 4 28 
3 2 5 20 
3 2 5 29 
3 2 8 14 
3 2 8 26 
3 2 11 25 
3 2 12 13 
3 2 12 18 
3 2 14 21 
3 2 15 19 
3 2 16 25 
3 2 22 28 
3 3 4 27 
3 3 5 9 
3 3 8 23 
3 3 8 25 
3 3 11 24 
3 3 13 29 
3 3 17 21 
3 3 19 26 
3 3 22 29 
3 4 7 15 
3 4 9 18 
3 4 13 15 
3 4 14 20 
3 4 19 24 
3 4 21 27 
3 5 6 10 
3 5 6 23 
3 5 11 23 
3 5 12 17 
3 5 17 25 
3 6 14 21 
3 6 16 24 
3 6 17 22 
3 6 24 29 
3 7 8 26 
3 7 8 29 
3 7 10 18 
3 7 11 21 
3 7 14 21 
3 7 19 29 
3 7 20 25 
3 7 21 24 
3 7 28 29 
3 8 10 19 
3 8 12 26 
3 8 16 22 
3 8 22 24 
3 8 24 29 
3 9 10 27 
3 9 13 24 
3 10 11 21 
3 10 17 19 
3 10 18 23 
3 10 18 28 
3 10 26 27 
3 11 14 15 
3 11 15 18 
3 11 16 20 
3 11 16 25 
3 11 17 22 
3 11 20 22 
3 11 25 27 
3 12 15 23 
3 12 18 19 
3 12 22 23 
3 14 15 27 
3 14 15 29 
3 15 16 20 
3 15 19 27 
3 16 19 24 
3 17 20 29 
3 17 23 26 
3 18 19 22 
3 19 27 29 
3 20 23 26 
3 22 23 25 
3 23 25 26 
3 24 27 28 
