100 168
0 1
0 2
0 3
0 5
0 22
0 50
0 98
1 3
1 18
1 50
1 77
1 78
2 4
2 5
2 6
2 7
2 10
2 11
2 12
2 13
2 16
2 21
2 25
2 32
2 42
2 46
2 47
2 49
2 50
2 58
2 74
2 89
2 95
3 4
3 7
3 10
3 21
3 39
3 40
3 41
3 49
3 54
3 57
3 63
3 66
3 80
4 7
4 9
4 10
4 18
4 21
4 27
4 31
4 43
4 69
4 73
4 77
4 89
4 99
5 8
6 21
6 35
7 9
7 11
7 15
7 18
7 19
7 29
7 30
7 43
7 56
7 69
7 72
7 73
7 76
7 92
7 93
8 13
8 17
8 25
8 67
8 88
9 14
9 31
9 34
9 51
9 54
10 20
10 24
10 26
11 18
11 28
11 66
13 22
13 51
13 62
13 96
14 60
14 94
15 38
15 61
15 87
16 47
16 48
16 84
17 46
17 47
17 85
18 23
18 44
18 50
18 52
18 74
19 33
19 37
19 91
22 36
22 45
22 64
22 73
24 26
26 79
28 59
28 80
28 81
30 37
31 78
33 40
34 65
34 94
36 70
37 51
38 68
39 76
41 60
42 71
43 97
44 68
46 47
47 72
47 83
48 74
49 57
49 60
51 53
51 55
51 62
51 67
51 91
54 90
55 98
56 66
56 94
59 96
60 75
61 63
61 73
62 68
62 84
64 82
68 86
68 94
82 87
83 86
83 95
89 90
89 91
96 99
