100 164
0 1
0 4
0 5
0 6
0 7
0 11
0 15
0 17
0 24
0 32
0 45
0 57
0 60
0 77
0 92
0 97
1 2
1 3
1 4
1 6
1 8
1 9
1 10
1 23
1 25
1 37
1 43
1 56
1 61
1 62
1 67
1 75
1 82
1 94
1 97
2 10
2 58
2 71
3 9
4 10
4 13
4 20
4 39
4 42
4 52
4 55
4 57
4 59
4 60
4 81
4 88
6 10
6 12
7 28
7 54
8 16
8 21
8 83
9 12
9 64
9 86
10 14
10 23
10 38
10 41
10 71
10 79
10 80
10 86
11 15
11 16
11 31
11 42
11 68
11 72
11 89
12 19
12 44
12 77
13 36
13 63
13 67
14 43
15 42
15 59
16 18
16 27
16 53
16 62
16 74
16 93
17 30
17 84
17 90
18 46
18 67
20 37
20 80
20 98
21 22
21 34
21 97
22 29
22 49
23 26
23 77
24 80
27 33
27 41
27 53
28 30
28 50
28 97
29 35
29 36
29 40
29 43
29 82
29 90
30 91
32 73
34 99
35 77
36 39
36 55
36 62
36 90
36 93
37 66
38 57
39 41
39 50
39 65
39 76
39 86
40 47
40 86
40 95
41 48
42 95
44 59
46 87
46 92
48 51
48 84
49 63
49 84
51 56
53 79
55 62
55 96
56 62
58 68
59 82
60 78
60 80
64 70
68 69
71 79
71 81
72 76
75 89
78 85
90 92