100 169
0 1
0 3
0 11
0 13
1 2
1 3
1 4
1 5
1 7
1 19
1 20
1 21
1 27
1 29
1 31
1 33
1 35
1 36
1 38
1 39
1 40
1 43
1 45
1 46
1 47
1 50
1 65
1 66
2 6
2 8
2 24
2 26
2 31
2 33
2 45
2 47
2 53
3 6
3 9
3 11
3 15
3 20
3 30
3 48
3 95
3 98
4 16
4 63
4 65
4 83
4 96
5 24
5 35
5 80
5 86
6 22
6 52
7 10
7 23
7 91
7 96
8 12
8 21
9 27
10 99
11 14
11 31
11 47
11 87
12 27
12 28
12 36
12 47
13 18
13 37
13 38
14 17
14 27
14 30
14 84
16 19
16 81
18 24
19 34
20 58
21 25
21 30
21 61
21 67
21 98
22 68
22 75
24 32
24 35
24 38
24 40
24 57
25 53
26 28
26 63
27 69
28 55
29 84
29 98
30 31
30 60
30 79
30 89
31 48
31 51
32 62
32 78
33 48
33 67
35 56
35 89
36 43
36 90
37 41
38 40
38 42
38 51
38 99
39 54
40 43
40 44
40 53
40 62
41 62
42 55
42 77
43 49
43 97
44 68
45 60
47 70
47 71
48 53
48 67
48 78
48 93
50 59
51 64
51 72
51 97
53 73
53 94
53 96
54 82
55 56
55 65
55 92
56 57
57 81
58 60
58 76
60 76
60 89
61 74
66 79
66 88
67 75
68 70
68 85
70 98
73 96
84 85
84 99
86 97
