20 27 255
1 2
1 3
1 4
1 5
1 8
1 11
1 12
1 13
1 15
1 20
2 4
3 4
3 9
3 15
3 16
4 6
4 8
4 13
4 15
4 17
5 19
6 7
6 15
7 14
7 16
9 10
10 18
4
1 2 4 3 
4
1 2 4 6 
4
1 2 4 8 
4
1 2 4 13 
4
1 2 4 15 
4
1 2 4 17 
4
1 3 4 2 
4
1 3 4 6 
4
1 3 4 8 
4
1 3 4 13 
4
1 3 4 15 
4
1 3 4 17 
4
1 3 9 10 
4
1 3 15 4 
4
1 3 15 6 
4
1 3 16 7 
4
1 4 3 9 
4
1 4 3 15 
4
1 4 3 16 
4
1 4 6 7 
4
1 4 6 15 
4
1 4 15 3 
4
1 4 15 6 
4
1 8 4 2 
4
1 8 4 3 
4
1 8 4 6 
4
1 8 4 13 
4
1 8 4 15 
4
1 8 4 17 
4
1 13 4 2 
4
1 13 4 3 
4
1 13 4 6 
4
1 13 4 8 
4
1 13 4 15 
4
1 13 4 17 
4
1 15 3 4 
4
1 15 3 9 
4
1 15 3 16 
4
1 15 4 2 
4
1 15 4 3 
4
1 15 4 6 
4
1 15 4 8 
4
1 15 4 13 
4
1 15 4 17 
4
1 15 6 4 
4
1 15 6 7 
4
2 1 3 4 
4
2 1 3 9 
4
2 1 3 15 
4
2 1 3 16 
4
2 1 4 3 
4
2 1 4 6 
4
2 1 4 8 
4
2 1 4 13 
4
2 1 4 15 
4
2 1 4 17 
4
2 1 5 19 
4
2 1 8 4 
4
2 1 13 4 
4
2 1 15 3 
4
2 1 15 4 
4
2 1 15 6 
4
2 4 1 3 
4
2 4 1 5 
4
2 4 1 8 
4
2 4 1 11 
4
2 4 1 12 
4
2 4 1 13 
4
2 4 1 15 
4
2 4 1 20 
4
2 4 3 9 
4
2 4 3 15 
4
2 4 3 16 
4
2 4 6 7 
4
2 4 6 15 
4
2 4 15 3 
4
2 4 15 6 
4
3 1 2 4 
4
3 1 4 6 
4
3 1 4 8 
4
3 1 4 13 
4
3 1 4 15 
4
3 1 4 17 
4
3 1 5 19 
4
3 1 8 4 
4
3 1 13 4 
4
3 1 15 4 
4
3 1 15 6 
4
3 4 1 5 
4
3 4 1 8 
4
3 4 1 11 
4
3 4 1 12 
4
3 4 1 13 
4
3 4 1 15 
4
3 4 1 20 
4
3 4 6 7 
4
3 4 6 15 
4
3 4 15 6 
4
3 9 10 18 
4
3 15 1 4 
4
3 15 1 5 
4
3 15 1 8 
4
3 15 1 11 
4
3 15 1 12 
4
3 15 1 13 
4
3 15 1 20 
4
3 15 4 6 
4
3 15 4 8 
4
3 15 4 13 
4
3 15 4 17 
4
3 15 6 4 
4
3 15 6 7 
4
3 16 7 6 
4
3 16 7 14 
4
4 1 3 9 
4
4 1 3 15 
4
4 1 3 16 
4
4 1 5 19 
4
4 1 15 6 
4
4 2 1 5 
4
4 2 1 8 
4
4 2 1 11 
4
4 2 1 12 
4
4 2 1 13 
4
4 2 1 15 
4
4 2 1 20 
4
4 3 1 5 
4
4 3 1 8 
4
4 3 1 11 
4
4 3 1 12 
4
4 3 1 13 
4
4 3 1 15 
4
4 3 1 20 
4
4 3 9 10 
4
4 3 15 6 
4
4 3 16 7 
4
4 6 7 14 
4
4 6 7 16 
4
4 8 1 5 
4
4 8 1 11 
4
4 8 1 12 
4
4 8 1 13 
4
4 8 1 15 
4
4 8 1 20 
4
4 13 1 5 
4
4 13 1 8 
4
4 13 1 11 
4
4 13 1 12 
4
4 13 1 15 
4
4 13 1 20 
4
4 15 1 5 
4
4 15 1 8 
4
4 15 1 11 
4
4 15 1 12 
4
4 15 1 13 
4
4 15 1 20 
4
4 15 3 9 
4
4 15 3 16 
4
4 15 6 7 
4
5 1 3 9 
4
5 1 3 15 
4
5 1 3 16 
4
5 1 4 6 
4
5 1 4 8 
4
5 1 4 13 
4
5 1 4 15 
4
5 1 4 17 
4
5 1 15 6 
4
6 4 1 8 
4
6 4 1 11 
4
6 4 1 12 
4
6 4 1 13 
4
6 4 1 15 
4
6 4 1 20 
4
6 4 3 9 
4
6 4 3 15 
4
6 4 3 16 
4
6 15 1 8 
4
6 15 1 11 
4
6 15 1 12 
4
6 15 1 13 
4
6 15 1 20 
4
6 15 3 9 
4
6 15 3 16 
4
6 15 4 8 
4
6 15 4 13 
4
6 15 4 17 
4
7 6 4 8 
4
7 6 4 13 
4
7 6 4 15 
4
7 6 4 17 
4
7 16 3 9 
4
7 16 3 15 
4
8 1 3 9 
4
8 1 3 15 
4
8 1 3 16 
4
8 1 4 13 
4
8 1 4 15 
4
8 1 4 17 
4
8 1 5 19 
4
8 4 1 11 
4
8 4 1 12 
4
8 4 1 13 
4
8 4 1 15 
4
8 4 1 20 
4
8 4 3 9 
4
8 4 3 15 
4
8 4 3 16 
4
8 4 6 15 
4
9 3 1 11 
4
9 3 1 12 
4
9 3 1 13 
4
9 3 1 15 
4
9 3 1 20 
4
9 3 4 13 
4
9 3 4 15 
4
9 3 4 17 
4
10 9 3 15 
4
10 9 3 16 
4
11 1 3 15 
4
11 1 3 16 
4
11 1 4 13 
4
11 1 4 15 
4
11 1 4 17 
4
11 1 5 19 
4
12 1 3 15 
4
12 1 3 16 
4
12 1 4 13 
4
12 1 4 15 
4
12 1 4 17 
4
12 1 5 19 
4
13 1 3 15 
4
13 1 3 16 
4
13 1 4 15 
4
13 1 4 17 
4
13 1 5 19 
4
13 4 1 15 
4
13 4 1 20 
4
13 4 3 15 
4
13 4 3 16 
4
13 4 6 15 
4
14 7 6 15 
4
15 1 3 16 
4
15 1 4 17 
4
15 1 5 19 
4
15 3 1 20 
4
15 3 4 17 
4
15 4 1 20 
4
15 4 3 16 
4
15 6 4 17 
4
15 6 7 16 
4
16 3 1 20 
4
16 3 4 17 
4
17 4 1 20 
4
19 5 1 20 
