20 38 474
0 1
0 17
1 3
1 4
1 9
1 17
2 3
2 5
2 7
2 10
2 19
3 13
3 16
4 10
5 8
5 9
5 10
5 12
5 13
5 14
6 14
6 15
7 10
7 16
7 17
8 9
8 17
8 19
9 12
10 14
11 14
12 19
13 16
13 19
14 17
15 19
16 17
17 19
4
0 1 3 2 
4
0 1 3 13 
4
0 1 3 16 
4
0 1 4 10 
4
0 1 9 5 
4
0 1 9 8 
4
0 1 9 12 
4
0 1 17 7 
4
0 1 17 8 
4
0 1 17 14 
4
0 1 17 16 
4
0 1 17 19 
4
0 17 1 3 
4
0 17 1 4 
4
0 17 1 9 
4
0 17 7 2 
4
0 17 7 10 
4
0 17 7 16 
4
0 17 8 5 
4
0 17 8 9 
4
0 17 8 19 
4
0 17 14 5 
4
0 17 14 6 
4
0 17 14 10 
4
0 17 14 11 
4
0 17 16 3 
4
0 17 16 7 
4
0 17 16 13 
4
0 17 19 2 
4
0 17 19 8 
4
0 17 19 12 
4
0 17 19 13 
4
0 17 19 15 
4
1 0 17 7 
4
1 0 17 8 
4
1 0 17 14 
4
1 0 17 16 
4
1 0 17 19 
4
1 3 2 5 
4
1 3 2 7 
4
1 3 2 10 
4
1 3 2 19 
4
1 3 13 5 
4
1 3 13 16 
4
1 3 13 19 
4
1 3 16 7 
4
1 3 16 13 
4
1 3 16 17 
4
1 4 10 2 
4
1 4 10 5 
4
1 4 10 7 
4
1 4 10 14 
4
1 9 5 2 
4
1 9 5 8 
4
1 9 5 10 
4
1 9 5 12 
4
1 9 5 13 
4
1 9 5 14 
4
1 9 8 5 
4
1 9 8 17 
4
1 9 8 19 
4
1 9 12 5 
4
1 9 12 19 
4
1 17 7 2 
4
1 17 7 10 
4
1 17 7 16 
4
1 17 8 5 
4
1 17 8 9 
4
1 17 8 19 
4
1 17 14 5 
4
1 17 14 6 
4
1 17 14 10 
4
1 17 14 11 
4
1 17 16 3 
4
1 17 16 7 
4
1 17 16 13 
4
1 17 19 2 
4
1 17 19 8 
4
1 17 19 12 
4
1 17 19 13 
4
1 17 19 15 
4
2 3 1 4 
4
2 3 1 9 
4
2 3 1 17 
4
2 3 13 5 
4
2 3 13 16 
4
2 3 13 19 
4
2 3 16 7 
4
2 3 16 13 
4
2 3 16 17 
4
2 5 8 9 
4
2 5 8 17 
4
2 5 8 19 
4
2 5 9 8 
4
2 5 9 12 
4
2 5 10 4 
4
2 5 10 7 
4
2 5 10 14 
4
2 5 12 9 
4
2 5 12 19 
4
2 5 13 3 
4
2 5 13 16 
4
2 5 13 19 
4
2 5 14 6 
4
2 5 14 10 
4
2 5 14 11 
4
2 5 14 17 
4
2 7 10 4 
4
2 7 10 5 
4
2 7 10 14 
4
2 7 16 3 
4
2 7 16 13 
4
2 7 16 17 
4
2 7 17 8 
4
2 7 17 14 
4
2 7 17 16 
4
2 7 17 19 
4
2 10 5 8 
4
2 10 5 9 
4
2 10 5 12 
4
2 10 5 13 
4
2 10 5 14 
4
2 10 7 16 
4
2 10 7 17 
4
2 10 14 5 
4
2 10 14 6 
4
2 10 14 11 
4
2 10 14 17 
4
2 19 8 5 
4
2 19 8 9 
4
2 19 8 17 
4
2 19 12 5 
4
2 19 12 9 
4
2 19 13 3 
4
2 19 13 5 
4
2 19 13 16 
4
2 19 15 6 
4
2 19 17 7 
4
2 19 17 8 
4
2 19 17 14 
4
2 19 17 16 
4
3 1 0 17 
4
3 1 4 10 
4
3 1 9 5 
4
3 1 9 8 
4
3 1 9 12 
4
3 1 17 7 
4
3 1 17 8 
4
3 1 17 14 
4
3 1 17 16 
4
3 1 17 19 
4
3 2 5 8 
4
3 2 5 9 
4
3 2 5 10 
4
3 2 5 12 
4
3 2 5 13 
4
3 2 5 14 
4
3 2 7 10 
4
3 2 7 16 
4
3 2 7 17 
4
3 2 10 4 
4
3 2 10 5 
4
3 2 10 7 
4
3 2 10 14 
4
3 2 19 8 
4
3 2 19 12 
4
3 2 19 13 
4
3 2 19 15 
4
3 2 19 17 
4
3 13 5 8 
4
3 13 5 9 
4
3 13 5 10 
4
3 13 5 12 
4
3 13 5 14 
4
3 13 16 7 
4
3 13 16 17 
4
3 13 19 8 
4
3 13 19 12 
4
3 13 19 15 
4
3 13 19 17 
4
3 16 7 10 
4
3 16 7 17 
4
3 16 13 5 
4
3 16 13 19 
4
3 16 17 7 
4
3 16 17 8 
4
3 16 17 14 
4
3 16 17 19 
4
4 1 0 17 
4
4 1 3 13 
4
4 1 3 16 
4
4 1 9 5 
4
4 1 9 8 
4
4 1 9 12 
4
4 1 17 7 
4
4 1 17 8 
4
4 1 17 14 
4
4 1 17 16 
4
4 1 17 19 
4
4 10 2 5 
4
4 10 2 7 
4
4 10 2 19 
4
4 10 5 8 
4
4 10 5 9 
4
4 10 5 12 
4
4 10 5 13 
4
4 10 5 14 
4
4 10 7 16 
4
4 10 7 17 
4
4 10 14 5 
4
4 10 14 6 
4
4 10 14 11 
4
4 10 14 17 
4
5 2 3 13 
4
5 2 3 16 
4
5 2 7 10 
4
5 2 7 16 
4
5 2 7 17 
4
5 2 10 7 
4
5 2 10 14 
4
5 2 19 8 
4
5 2 19 12 
4
5 2 19 13 
4
5 2 19 15 
4
5 2 19 17 
4
5 8 9 12 
4
5 8 17 7 
4
5 8 17 14 
4
5 8 17 16 
4
5 8 17 19 
4
5 8 19 12 
4
5 8 19 13 
4
5 8 19 15 
4
5 8 19 17 
4
5 9 1 17 
4
5 9 8 17 
4
5 9 8 19 
4
5 9 12 19 
4
5 10 2 7 
4
5 10 2 19 
4
5 10 7 16 
4
5 10 7 17 
4
5 10 14 6 
4
5 10 14 11 
4
5 10 14 17 
4
5 12 9 8 
4
5 12 19 8 
4
5 12 19 13 
4
5 12 19 15 
4
5 12 19 17 
4
5 13 3 16 
4
5 13 16 7 
4
5 13 16 17 
4
5 13 19 8 
4
5 13 19 12 
4
5 13 19 15 
4
5 13 19 17 
4
5 14 6 15 
4
5 14 10 7 
4
5 14 17 7 
4
5 14 17 8 
4
5 14 17 16 
4
5 14 17 19 
4
6 14 5 8 
4
6 14 5 9 
4
6 14 5 10 
4
6 14 5 12 
4
6 14 5 13 
4
6 14 10 7 
4
6 14 17 7 
4
6 14 17 8 
4
6 14 17 16 
4
6 14 17 19 
4
6 15 19 8 
4
6 15 19 12 
4
6 15 19 13 
4
6 15 19 17 
4
7 2 3 13 
4
7 2 3 16 
4
7 2 5 8 
4
7 2 5 9 
4
7 2 5 10 
4
7 2 5 12 
4
7 2 5 13 
4
7 2 5 14 
4
7 2 10 14 
4
7 2 19 8 
4
7 2 19 12 
4
7 2 19 13 
4
7 2 19 15 
4
7 2 19 17 
4
7 10 2 19 
4
7 10 5 8 
4
7 10 5 9 
4
7 10 5 12 
4
7 10 5 13 
4
7 10 5 14 
4
7 10 14 11 
4
7 10 14 17 
4
7 16 3 13 
4
7 16 13 19 
4
7 16 17 8 
4
7 16 17 14 
4
7 16 17 19 
4
7 17 1 9 
4
7 17 8 9 
4
7 17 8 19 
4
7 17 14 10 
4
7 17 14 11 
4
7 17 16 13 
4
7 17 19 8 
4
7 17 19 12 
4
7 17 19 13 
4
7 17 19 15 
4
8 5 2 10 
4
8 5 2 19 
4
8 5 9 12 
4
8 5 10 14 
4
8 5 12 9 
4
8 5 12 19 
4
8 5 13 16 
4
8 5 13 19 
4
8 5 14 10 
4
8 5 14 11 
4
8 5 14 17 
4
8 9 1 17 
4
8 9 5 10 
4
8 9 5 12 
4
8 9 5 13 
4
8 9 5 14 
4
8 9 12 19 
4
8 17 1 9 
4
8 17 7 10 
4
8 17 7 16 
4
8 17 14 10 
4
8 17 14 11 
4
8 17 16 13 
4
8 17 19 12 
4
8 17 19 13 
4
8 17 19 15 
4
8 19 2 10 
4
8 19 12 9 
4
8 19 13 16 
4
8 19 17 14 
4
8 19 17 16 
4
9 1 0 17 
4
9 1 3 13 
4
9 1 3 16 
4
9 1 4 10 
4
9 1 17 14 
4
9 1 17 16 
4
9 1 17 19 
4
9 5 2 10 
4
9 5 2 19 
4
9 5 8 17 
4
9 5 8 19 
4
9 5 10 14 
4
9 5 12 19 
4
9 5 13 16 
4
9 5 13 19 
4
9 5 14 10 
4
9 5 14 11 
4
9 5 14 17 
4
9 8 5 10 
4
9 8 5 12 
4
9 8 5 13 
4
9 8 5 14 
4
9 8 17 14 
4
9 8 17 16 
4
9 8 17 19 
4
9 8 19 12 
4
9 8 19 13 
4
9 8 19 15 
4
9 8 19 17 
4
9 12 5 10 
4
9 12 5 13 
4
9 12 5 14 
4
9 12 19 13 
4
9 12 19 15 
4
9 12 19 17 
4
10 2 3 13 
4
10 2 3 16 
4
10 2 5 12 
4
10 2 5 13 
4
10 2 5 14 
4
10 2 7 16 
4
10 2 7 17 
4
10 2 19 12 
4
10 2 19 13 
4
10 2 19 15 
4
10 2 19 17 
4
10 4 1 17 
4
10 5 2 19 
4
10 5 8 17 
4
10 5 8 19 
4
10 5 9 12 
4
10 5 12 19 
4
10 5 13 16 
4
10 5 13 19 
4
10 5 14 11 
4
10 5 14 17 
4
10 7 2 19 
4
10 7 16 13 
4
10 7 16 17 
4
10 7 17 14 
4
10 7 17 16 
4
10 7 17 19 
4
10 14 5 12 
4
10 14 5 13 
4
10 14 6 15 
4
10 14 17 16 
4
10 14 17 19 
4
11 14 5 12 
4
11 14 5 13 
4
11 14 6 15 
4
11 14 17 16 
4
11 14 17 19 
4
12 5 2 19 
4
12 5 8 17 
4
12 5 8 19 
4
12 5 10 14 
4
12 5 13 16 
4
12 5 13 19 
4
12 5 14 17 
4
12 9 1 17 
4
12 9 5 13 
4
12 9 5 14 
4
12 9 8 17 
4
12 9 8 19 
4
12 19 8 17 
4
12 19 13 16 
4
12 19 17 14 
4
12 19 17 16 
4
13 3 1 17 
4
13 3 2 19 
4
13 3 16 17 
4
13 5 2 19 
4
13 5 8 17 
4
13 5 8 19 
4
13 5 10 14 
4
13 5 12 19 
4
13 5 14 17 
4
13 16 7 17 
4
13 16 17 14 
4
13 16 17 19 
4
13 19 8 17 
4
13 19 17 14 
4
13 19 17 16 
4
14 5 2 19 
4
14 5 8 17 
4
14 5 8 19 
4
14 5 12 19 
4
14 5 13 16 
4
14 5 13 19 
4
14 6 15 19 
4
14 10 2 19 
4
14 10 7 16 
4
14 10 7 17 
4
14 17 7 16 
4
14 17 8 19 
4
14 17 19 15 
4
15 6 14 17 
4
15 19 8 17 
4
15 19 13 16 
4
15 19 17 16 
4
16 3 1 17 
4
16 3 2 19 
4
16 3 13 19 
4
16 7 2 19 
4
16 7 17 19 
4
16 13 19 17 
4
16 17 8 19 
4
17 7 2 19 
4
17 16 13 19 
