20 25 100
1 2
1 7
1 8
1 10
1 18
2 3
2 5
2 6
2 16
2 20
3 4
3 17
4 11
4 15
5 7
5 8
5 10
5 13
5 14
6 9
7 10
8 10
8 14
10 12
15 19
5
1 2 3 4 15 
4
1 8 5 14 
5
2 1 8 5 14 
4
2 3 4 11 
5
2 5 10 8 1 
4
3 2 6 9 
7
4 3 2 5 7 10 12 
5
4 3 2 6 9 
7
6 2 1 8 5 7 10 
4
6 2 5 13 
5
7 1 8 5 13 
10
7 1 8 14 5 2 3 4 15 19 
4
7 5 2 6 
6
8 10 1 7 5 14 
7
8 10 7 1 2 5 14 
5
8 14 5 2 16 
6
9 6 2 3 4 11 
7
9 6 2 3 4 15 19 
7
9 6 2 5 8 10 12 
4
9 6 2 16 
4
9 6 2 20 
6
10 8 5 2 1 18 
5
10 8 14 5 13 
6
11 4 3 2 5 13 
5
11 4 3 2 16 
5
11 4 3 2 20 
4
11 4 3 17 
4
11 4 15 19 
7
12 10 1 2 5 14 8 
6
12 10 1 2 6 9 
7
12 10 1 7 5 2 20 
8
12 10 5 2 3 4 15 19 
7
12 10 5 7 1 2 16 
6
12 10 5 8 1 18 
5
12 10 5 8 14 
7
12 10 5 14 8 1 18 
7
12 10 7 1 8 5 14 
5
12 10 7 1 18 
6
12 10 7 5 2 16 
7
12 10 7 5 8 1 18 
5
12 10 7 5 13 
9
12 10 8 1 2 3 4 15 19 
8
12 10 8 5 7 1 2 16 
5
13 5 2 6 9 
5
13 5 7 10 12 
7
13 5 8 1 7 10 12 
7
13 5 8 10 1 2 20 
9
13 5 8 10 7 1 2 3 17 
5
13 5 10 8 14 
7
13 5 14 8 1 2 16 
8
13 5 14 8 1 7 10 12 
6
13 5 14 8 1 18 
11
14 5 7 10 8 1 2 3 4 15 19 
5
14 5 8 1 7 
6
14 5 8 10 1 18 
5
14 5 8 10 12 
7
14 5 10 8 1 2 16 
4
14 8 1 7 
7
14 8 1 10 7 5 13 
8
14 8 5 2 1 7 10 12 
9
14 8 5 7 1 2 3 4 11 
9
14 8 5 7 10 1 2 3 17 
5
14 8 5 10 12 
6
14 8 10 7 5 13 
6
16 2 1 7 10 12 
6
16 2 1 8 5 14 
8
16 2 1 8 10 7 5 13 
6
16 2 1 8 10 12 
4
16 2 5 7 
4
16 2 6 9 
6
17 3 2 1 10 12 
7
17 3 2 5 7 10 12 
5
17 3 2 6 9 
4
17 3 2 20 
4
17 3 4 11 
5
17 3 4 15 19 
6
18 1 2 3 4 11 
7
18 1 2 3 4 15 19 
7
18 1 2 5 10 8 14 
4
18 1 2 16 
4
18 1 2 20 
7
18 1 7 5 10 8 14 
7
18 1 7 10 5 8 14 
5
18 1 8 5 13 
6
18 1 8 10 5 14 
7
18 1 8 10 7 5 13 
7
18 1 8 14 5 10 12 
6
18 1 10 7 5 2 
6
18 1 10 8 5 13 
4
19 15 4 11 
8
20 2 1 8 5 7 10 12 
7
20 2 1 8 10 5 7 
7
20 2 1 10 8 5 13 
4
20 2 3 4 
5
20 2 3 4 11 
4
20 2 3 17 
7
20 2 5 8 1 10 7 
5
20 2 5 8 14 
5
20 2 5 10 1 
3
20 2 16 
