100 168 150
1 2
1 3
1 4
1 6
1 23
1 51
1 99
2 4
2 19
2 51
2 78
2 79
3 5
3 6
3 7
3 8
3 11
3 12
3 13
3 14
3 17
3 22
3 26
3 33
3 43
3 47
3 48
3 50
3 51
3 59
3 75
3 90
3 96
4 5
4 8
4 11
4 22
4 40
4 41
4 42
4 50
4 55
4 58
4 64
4 67
4 81
5 8
5 10
5 11
5 19
5 22
5 28
5 32
5 44
5 70
5 74
5 78
5 90
5 100
6 9
7 22
7 36
8 10
8 12
8 16
8 19
8 20
8 30
8 31
8 44
8 57
8 70
8 73
8 74
8 77
8 93
8 94
9 14
9 18
9 26
9 68
9 89
10 15
10 32
10 35
10 52
10 55
11 21
11 25
11 27
12 19
12 29
12 67
14 23
14 52
14 63
14 97
15 61
15 95
16 39
16 62
16 88
17 48
17 49
17 85
18 47
18 48
18 86
19 24
19 45
19 51
19 53
19 75
20 34
20 38
20 92
23 37
23 46
23 65
23 74
25 27
27 80
29 60
29 81
29 82
31 38
32 79
34 41
35 66
35 95
37 71
38 52
39 69
40 77
42 61
43 72
44 98
45 69
47 48
48 73
48 84
49 75
50 58
50 61
52 54
52 56
52 63
52 68
52 92
55 91
56 99
57 67
57 95
60 97
61 76
62 64
62 74
63 69
63 85
65 83
69 87
69 95
83 88
84 87
84 96
90 91
90 92
97 100
8
2 19 75 49 17 85 63 52 
6
2 51 19 75 3 12 
5
2 78 5 11 21 
5
3 1 2 19 51 
13
3 1 99 56 52 10 15 61 42 4 11 5 28 
5
3 6 9 18 47 
12
3 8 10 15 61 50 58 4 1 2 79 32 
4
3 48 18 86 
4
3 48 84 96 
4
3 50 61 76 
5
4 11 3 5 74 
7
4 22 3 6 1 99 56 
5
4 58 50 61 76 
7
5 78 2 51 1 99 56 
9
6 1 23 65 83 88 16 8 94 
4
7 3 1 2 
6
8 20 92 90 5 100 
4
8 74 5 11 
4
9 6 3 75 
9
9 14 52 63 85 17 48 18 47 
7
9 18 48 47 3 6 1 
5
9 26 3 14 23 
4
9 26 3 59 
5
10 35 95 15 61 
8
11 5 70 8 31 38 52 54 
5
12 3 6 9 89 
4
13 3 43 72 
9
13 3 51 2 79 32 5 19 75 
5
13 3 75 19 53 
7
14 3 1 51 19 75 49 
10
14 97 100 5 44 8 57 95 35 66 
19
14 97 100 5 74 62 16 39 69 95 35 10 8 19 75 3 26 9 89 
4
16 62 74 5 
4
17 49 75 19 
6
18 9 6 3 48 84 
5
18 48 3 5 22 
13
19 51 3 8 31 38 20 34 41 4 5 10 32 
7
19 75 3 11 25 27 80 
6
21 11 3 51 19 24 
5
21 11 25 27 80 
4
21 11 27 80 
4
23 1 51 2 
7
23 65 83 88 16 62 64 
13
24 19 2 78 5 8 74 62 16 39 69 63 14 
11
24 19 45 69 39 16 62 74 23 37 71 
5
24 19 51 3 59 
7
27 11 4 50 3 7 36 
17
27 25 11 5 78 2 51 1 4 58 50 3 17 49 75 19 53 
4
28 5 44 98 
4
28 5 70 8 
8
28 5 90 91 55 10 8 70 
7
31 38 52 10 8 3 59 
4
31 38 52 56 
9
31 38 52 63 14 23 1 99 56 
15
31 38 52 92 20 8 5 74 62 64 4 2 1 99 56 
7
32 5 90 3 17 48 47 
5
32 10 35 95 15 
4
33 3 7 36 
7
33 3 12 67 4 41 34 
8
34 41 4 5 22 7 3 33 
5
34 41 4 55 10 
8
35 10 52 56 99 1 23 14 
6
36 7 3 50 61 42 
5
36 7 22 5 10 
7
36 7 22 5 78 2 79 
7
39 69 87 84 96 3 47 
14
40 77 8 5 19 12 29 81 4 41 34 20 38 31 
8
41 4 40 77 8 19 12 67 
8
41 4 55 10 15 95 35 66 
8
41 34 20 38 31 8 4 81 
4
42 4 8 93 
6
42 61 50 58 4 81 
5
43 3 48 84 87 
5
44 5 11 27 80 
9
46 23 14 63 69 45 19 75 49 
4
47 48 3 43 
7
48 17 3 51 2 19 53 
5
48 47 3 6 1 
7
48 84 96 3 26 9 68 
6
49 17 3 90 91 55 
7
50 3 90 5 32 10 52 
6
50 61 42 4 64 62 
5
51 1 2 4 42 
4
51 1 3 6 
15
51 2 1 23 65 83 88 16 39 69 95 57 8 44 98 
10
51 19 2 1 99 56 52 68 9 89 
10
51 19 12 3 6 9 14 23 74 8 
5
51 19 45 69 95 
7
52 68 9 18 48 84 96 
5
52 92 90 3 13 
11
52 92 90 5 78 2 1 4 42 61 50 
9
53 19 8 77 40 4 81 29 82 
15
53 19 45 69 63 85 17 3 1 99 56 52 14 9 68 
18
53 19 75 49 17 3 90 92 52 38 20 34 41 4 42 61 50 58 
10
54 52 92 90 3 17 49 75 19 53 
10
54 52 92 90 5 100 97 14 23 46 
4
55 10 32 79 
9
55 91 90 3 50 61 42 4 81 
6
56 99 1 2 78 5 
10
56 99 1 3 50 61 15 95 69 63 
8
56 99 1 23 65 83 88 16 
5
57 8 19 51 2 
4
58 50 61 76 
6
59 3 14 23 37 71 
5
61 50 3 90 92 
5
62 16 39 69 45 
9
62 64 4 67 12 19 5 8 73 
10
62 74 8 44 5 100 97 14 23 65 
7
62 74 8 73 48 3 43 
7
63 69 87 84 48 3 96 
8
63 85 17 49 75 19 5 28 
7
64 4 55 10 32 79 2 
7
65 23 14 52 68 9 6 
11
66 35 95 15 61 42 4 67 12 19 24 
6
66 35 95 69 87 84 
4
67 4 5 100 
4
67 4 64 62 
7
67 12 3 51 19 5 22 
5
68 9 18 47 48 
5
68 9 26 3 7 
4
69 63 85 17 
4
70 5 8 93 
4
70 5 19 12 
6
70 8 31 38 52 92 
5
72 43 3 7 36 
11
74 8 16 39 69 63 14 23 1 3 13 
8
76 61 42 4 2 78 5 70 
18
76 61 42 4 2 79 32 5 22 3 48 84 87 69 39 16 62 64 
8
76 61 50 4 40 77 8 93 
7
78 2 4 5 90 3 59 
11
80 27 11 3 17 48 84 87 69 95 35 
12
80 27 11 5 4 42 61 15 95 35 10 55 
6
80 27 25 11 4 64 
11
80 27 25 11 5 8 3 14 23 37 71 
5
83 65 23 37 71 
5
83 88 16 62 64 
5
84 87 69 95 35 
11
86 18 9 26 3 22 4 42 61 50 58 
9
87 69 95 57 67 12 29 60 97 
5
88 16 8 77 40 
5
89 9 14 23 46 
5
91 90 5 11 3 
4
92 52 63 14 
4
92 90 91 55 
6
94 8 16 39 69 95 
8
94 8 16 88 83 65 23 46 
11
95 15 10 55 91 90 92 52 68 9 89 
9
95 15 61 42 4 1 51 2 78 
5
98 44 5 8 70 
7
98 44 5 11 25 27 80 
