20 29 150
1 2
1 3
1 11
1 13
1 18
2 4
2 14
2 15
2 18
2 20
3 4
3 5
3 7
3 20
4 13
5 6
5 8
5 13
5 18
6 7
6 9
6 12
7 10
8 20
10 14
11 12
13 17
14 16
15 19
4
1 2 14 16 
4
1 2 15 19 
4
1 3 4 13 
7
1 3 20 2 4 13 5 
7
1 11 12 6 5 13 17 
5
1 11 12 6 9 
4
1 13 5 18 
9
1 18 2 4 13 5 6 7 10 
5
1 18 2 15 19 
7
1 18 5 13 4 3 20 
4
2 1 3 20 
4
2 1 11 12 
9
2 4 13 5 3 7 10 14 16 
6
2 4 13 5 8 20 
5
2 18 5 6 7 
4
3 1 13 4 
4
3 4 13 1 
4
3 5 6 12 
4
3 7 10 14 
6
3 7 10 14 2 1 
5
3 7 10 14 16 
7
3 20 2 4 13 1 18 
8
3 20 8 5 13 1 2 18 
10
4 2 14 10 7 3 20 8 5 18 
8
4 2 20 3 7 10 14 16 
9
4 2 20 8 5 3 1 13 17 
4
4 3 5 8 
6
4 3 5 8 20 2 
6
4 3 5 18 2 1 
7
4 3 20 2 1 13 17 
7
4 3 20 8 5 6 9 
5
4 13 1 11 12 
14
4 13 1 11 12 6 5 8 20 3 7 10 14 2 
11
4 13 1 18 2 20 3 5 6 7 10 
8
4 13 5 3 20 2 15 19 
10
4 13 5 18 1 3 20 2 14 16 
6
5 3 4 13 1 18 
8
5 3 20 2 18 1 13 4 
4
5 3 20 8 
6
5 6 7 10 14 16 
10
5 8 20 2 14 10 7 6 12 11 
10
5 13 4 2 18 1 11 12 6 9 
5
5 18 1 13 17 
4
5 18 2 15 
4
6 5 13 17 
4
6 5 18 2 
5
6 7 10 14 2 
5
6 12 11 1 13 
6
6 12 11 1 13 17 
7
6 12 11 1 18 5 13 
5
7 3 4 2 1 
6
7 3 4 2 14 16 
8
7 3 4 13 5 6 12 11 
6
7 3 4 13 5 18 
5
7 3 5 6 9 
6
7 3 5 18 2 4 
6
7 6 5 8 20 2 
4
7 6 5 18 
9
7 6 12 11 1 3 20 2 4 
6
7 10 14 2 1 3 
14
7 10 14 2 18 5 13 4 3 1 11 12 6 9 
4
7 10 14 16 
9
8 5 3 7 6 12 11 1 18 
6
8 5 3 7 10 14 
4
8 5 6 7 
5
8 5 6 7 10 
7
8 5 13 1 3 4 2 
4
8 5 13 17 
12
8 5 18 1 3 20 2 14 10 7 6 9 
8
8 5 18 2 14 10 7 3 
6
8 20 2 1 18 5 
4
8 20 2 4 
8
8 20 2 4 3 5 6 9 
4
8 20 2 18 
6
8 20 3 1 13 4 
13
8 20 3 4 13 5 6 7 10 14 2 15 19 
6
8 20 3 5 6 9 
12
8 20 3 5 13 4 2 18 1 11 12 6 
7
8 20 3 7 10 14 2 
15
8 20 3 7 10 14 2 4 13 1 18 5 6 12 11 
5
9 6 5 13 1 
10
9 6 5 18 1 3 4 2 15 19 
5
9 6 7 3 1 
5
9 6 7 10 14 
6
9 6 7 10 14 2 
12
9 6 7 10 14 2 18 1 3 5 13 4 
6
9 6 7 10 14 16 
4
9 6 12 11 
13
9 6 12 11 1 3 4 13 5 18 2 15 19 
13
9 6 12 11 1 18 5 8 20 3 4 13 17 
9
10 7 6 5 3 20 2 18 1 
9
10 7 6 5 13 1 3 20 8 
5
10 14 2 18 5 
4
11 1 2 18 
10
11 1 2 18 5 6 7 3 4 13 
4
11 12 6 7 
4
11 12 6 9 
4
12 6 5 18 
7
12 11 1 2 18 5 8 
5
13 1 3 20 8 
4
13 1 11 12 
9
13 5 6 12 11 1 2 20 8 
4
14 2 1 11 
9
14 2 4 13 1 3 5 8 20 
6
15 2 1 3 20 8 
7
15 2 4 3 5 13 17 
4
15 2 14 16 
5
15 2 18 1 13 
12
16 14 2 4 3 7 6 12 11 1 13 17 
5
16 14 2 15 19 
8
16 14 2 18 5 8 20 3 
9
16 14 2 18 5 8 20 3 7 
7
16 14 2 20 3 7 10 
5
16 14 2 20 8 
9
16 14 10 7 3 4 2 15 19 
10
16 14 10 7 3 5 18 2 20 8 
8
16 14 10 7 3 20 2 15 
13
16 14 10 7 6 5 18 2 4 3 1 13 17 
9
16 14 10 7 6 5 18 2 15 
14
16 14 10 7 6 12 11 1 3 20 2 4 13 17 
12
17 13 1 11 12 6 7 10 14 2 15 19 
7
17 13 1 18 2 15 19 
6
17 13 4 2 15 19 
7
17 13 5 18 2 14 16 
7
18 1 3 5 6 12 11 
4
18 2 15 19 
11
18 5 8 20 2 1 3 7 6 12 11 
12
18 5 8 20 2 4 13 1 11 12 6 9 
6
18 5 8 20 2 15 
9
18 5 13 1 3 7 10 14 16 
9
18 5 13 4 3 7 10 14 16 
8
19 15 2 1 3 4 13 17 
8
19 15 2 1 3 5 13 17 
7
19 15 2 1 3 20 8 
8
19 15 2 1 11 12 6 9 
10
19 15 2 4 3 5 18 1 13 17 
6
19 15 2 4 13 17 
6
19 15 2 14 10 7 
5
19 15 2 14 16 
14
19 15 2 18 1 11 12 6 7 3 4 13 5 8 
8
19 15 2 18 5 6 7 10 
12
19 15 2 18 5 13 4 3 1 11 12 6 
6
20 2 18 1 3 4 
7
20 3 4 2 18 5 8 
9
20 3 7 6 12 11 1 2 4 
6
20 8 5 3 7 6 
5
20 8 5 6 9 
13
20 8 5 13 1 18 2 4 3 7 10 14 16 
12
20 8 5 18 1 11 12 6 7 3 4 13 
10
20 8 5 18 1 13 4 2 14 16 
