50 84 100
1 2
1 3
1 16
1 17
1 24
1 33
1 41
1 45
2 6
3 4
3 5
3 8
3 20
3 21
3 27
3 35
3 36
3 40
3 47
4 8
4 9
4 14
4 20
4 27
4 36
5 9
5 12
5 14
5 19
5 25
5 32
6 7
6 8
6 9
6 10
6 17
6 23
6 29
6 34
6 46
8 10
8 31
8 36
8 47
9 10
9 11
9 27
9 47
10 13
10 36
10 44
11 15
11 18
11 19
11 21
11 26
11 38
11 40
12 16
12 41
13 21
13 28
13 34
15 49
16 20
17 18
17 34
17 36
17 50
20 39
21 22
21 26
21 38
24 30
24 48
25 48
26 38
29 36
29 43
32 37
33 50
34 37
34 42
36 42
14
2 1 33 50 17 34 6 9 27 4 3 36 29 43 
7
3 21 26 38 11 15 49 
10
4 9 27 3 36 42 34 17 1 45 
11
4 27 9 6 29 36 17 50 33 1 45 
6
5 3 27 9 11 40 
11
5 12 41 1 17 6 29 36 10 13 21 
6
5 25 48 24 1 45 
8
6 9 5 12 41 1 17 18 
7
6 9 5 25 48 24 30 
9
6 29 36 3 27 4 14 5 19 
5
8 3 21 13 28 
11
8 4 14 5 25 48 24 1 16 12 41 
9
9 5 14 4 36 29 6 34 17 
17
9 27 4 3 21 11 19 5 25 48 24 1 41 12 16 20 39 
11
11 21 13 34 17 6 2 1 41 12 5 
5
13 34 17 6 46 
7
15 11 40 3 4 20 16 
8
16 12 41 1 17 18 11 26 
10
17 6 29 36 42 34 37 32 5 14 
7
17 18 11 40 3 5 32 
14
17 34 13 10 8 3 1 2 6 9 11 19 5 14 
9
17 34 37 32 5 25 48 24 30 
8
18 11 9 4 27 3 5 14 
16
18 11 26 38 21 3 1 33 50 17 36 4 14 5 25 48 
8
19 5 9 11 38 21 13 28 
9
19 5 12 41 1 3 47 9 10 
7
20 4 3 40 11 15 49 
6
20 16 12 5 25 48 
6
21 26 11 9 4 14 
4
22 21 3 35 
12
22 21 38 11 18 17 34 42 36 4 3 35 
19
23 6 8 4 9 10 13 21 3 36 42 34 37 32 5 12 41 1 2 
13
23 6 8 47 9 4 14 5 32 37 34 42 36 
13
23 6 10 8 3 36 4 20 16 12 41 1 45 
4
25 48 24 30 
13
26 38 11 40 3 21 13 34 42 36 17 6 7 
5
27 3 1 16 20 
14
27 4 36 17 6 9 10 8 3 21 26 38 11 40 
13
27 9 10 13 34 42 36 3 4 14 5 32 37 
5
28 13 10 8 31 
17
28 13 10 9 47 3 20 16 12 41 1 17 6 8 36 29 43 
13
28 13 34 6 9 47 3 20 4 14 5 12 16 
9
28 13 34 17 6 10 9 27 4 
12
28 13 34 17 36 10 9 47 8 6 29 43 
5
29 36 4 20 39 
13
30 24 1 2 6 29 36 10 8 4 3 20 39 
14
30 24 1 33 50 17 34 13 10 36 29 6 8 31 
10
30 24 48 25 5 3 27 4 8 31 
19
30 24 48 25 5 32 37 34 6 10 8 4 3 40 11 18 17 36 29 
12
30 24 48 25 5 32 37 34 13 21 26 11 
8
31 8 3 27 4 9 6 7 
10
31 8 10 9 6 34 13 21 38 26 
9
31 8 47 3 5 12 16 1 41 
15
32 37 34 17 18 11 19 5 25 48 24 1 3 20 39 
4
33 50 17 1 
12
33 50 17 1 16 12 5 9 47 8 6 46 
8
35 3 1 16 12 5 14 4 
21
35 3 20 16 1 24 48 25 5 14 4 27 9 6 17 18 11 38 26 21 22 
9
35 3 40 11 18 17 1 33 50 
9
35 3 40 11 18 17 34 13 28 
4
36 4 3 35 
6
36 10 13 34 6 7 
4
36 29 6 7 
11
36 42 34 37 32 5 25 48 24 1 41 
11
38 26 21 11 19 5 32 37 34 6 46 
11
39 20 3 5 19 11 9 47 8 10 44 
5
39 20 3 8 31 
12
39 20 3 27 9 4 14 5 12 16 1 41 
15
39 20 4 8 36 17 6 9 11 19 5 12 41 1 16 
13
39 20 4 27 3 36 17 18 11 19 5 32 37 
4
40 3 4 20 
9
40 3 8 36 17 18 11 21 22 
6
40 11 9 27 3 36 
4
40 11 9 47 
4
41 1 33 50 
5
41 12 16 1 45 
12
41 12 16 20 4 27 3 36 17 1 33 50 
9
43 29 36 10 13 21 26 11 38 
11
43 29 36 42 34 6 9 4 3 21 13 
4
44 10 6 7 
6
44 10 9 11 15 49 
9
44 10 13 21 26 38 11 15 49 
21
44 10 36 17 18 11 38 26 21 3 47 8 6 34 37 32 5 9 4 20 39 
11
44 10 36 17 34 6 2 1 16 12 5 
7
44 10 36 17 50 33 1 
5
45 1 17 50 33 
4
45 1 24 30 
14
45 1 24 48 25 5 9 4 27 3 36 17 6 23 
10
45 1 33 50 17 6 34 13 10 44 
12
45 1 41 12 5 3 21 38 26 11 15 49 
12
46 6 2 1 41 12 5 3 40 11 15 49 
6
46 6 9 11 15 49 
5
46 6 10 13 28 
4
47 9 11 19 
9
49 15 11 18 17 34 13 10 44 
15
49 15 11 19 5 14 4 9 27 3 47 8 36 29 43 
6
49 15 11 21 26 38 
6
49 15 11 26 21 22 
15
50 33 1 16 12 5 32 37 34 42 36 17 6 29 43 
8
50 33 1 17 34 6 9 11 
