50 84 150
1 2
1 3
1 16
1 17
1 24
1 33
1 41
1 45
2 6
3 4
3 5
3 8
3 20
3 21
3 27
3 35
3 36
3 40
3 47
4 8
4 9
4 14
4 20
4 27
4 36
5 9
5 12
5 14
5 19
5 25
5 32
6 7
6 8
6 9
6 10
6 17
6 23
6 29
6 34
6 46
8 10
8 31
8 36
8 47
9 10
9 11
9 27
9 47
10 13
10 36
10 44
11 15
11 18
11 19
11 21
11 26
11 38
11 40
12 16
12 41
13 21
13 28
13 34
15 49
16 20
17 18
17 34
17 36
17 50
20 39
21 22
21 26
21 38
24 30
24 48
25 48
26 38
29 36
29 43
32 37
33 50
34 37
34 42
36 42
4
1 3 20 16 
10
1 17 18 11 9 10 6 29 36 42 
4
2 1 3 40 
11
2 1 16 20 4 36 8 47 3 21 11 
4
3 4 20 39 
4
3 4 36 42 
4
3 20 4 27 
9
3 21 26 38 11 19 5 12 41 
6
3 40 11 38 21 26 
4
4 3 8 6 
4
4 9 11 19 
7
4 14 5 25 48 24 30 
5
5 9 6 29 36 
5
5 9 47 8 36 
4
5 19 11 15 
4
5 32 37 34 
5
6 8 4 20 39 
4
6 9 4 27 
5
6 10 36 17 18 
5
6 17 36 8 10 
6
6 34 42 36 29 43 
9
7 6 2 1 3 21 38 11 40 
8
7 6 8 47 3 36 42 34 
5
7 6 10 8 36 
5
7 6 17 1 45 
3
7 6 23 
4
8 4 3 27 
4
8 4 9 5 
4
8 4 9 10 
10
8 10 9 4 14 5 25 48 24 30 
5
9 5 3 20 16 
8
9 6 17 34 13 10 8 36 
7
9 6 34 17 36 8 10 
7
9 10 6 2 1 16 20 
4
9 11 15 49 
7
9 47 3 36 8 6 23 
6
10 6 9 11 21 26 
5
10 9 27 3 4 
5
10 13 34 17 6 
10
10 36 8 47 3 4 9 11 21 13 
4
11 18 17 34 
4
11 40 3 47 
5
12 16 20 3 27 
6
12 41 1 2 6 23 
9
12 41 1 17 34 37 32 5 25 
6
12 41 1 17 36 29 
4
13 21 3 35 
4
13 21 38 11 
9
13 34 37 32 5 3 8 6 23 
4
14 4 3 20 
10
14 4 8 36 3 5 12 16 1 45 
16
14 4 8 47 9 10 36 42 34 37 32 5 12 41 1 3 
5
14 4 36 8 10 
7
14 5 9 27 4 3 35 
12
14 5 32 37 34 6 9 27 3 20 16 12 
4
15 11 40 3 
11
16 1 33 50 17 34 13 10 6 9 47 
17
16 1 33 50 17 36 42 34 13 10 8 6 9 27 3 21 22 
10
16 12 5 9 47 8 3 36 10 44 
5
16 12 41 1 3 
4
16 20 3 8 
4
17 1 33 50 
7
17 18 11 26 38 21 13 
4
17 18 11 40 
8
17 36 8 47 3 4 9 27 
4
19 5 12 41 
10
20 3 5 14 4 8 6 34 37 32 
7
20 4 27 9 5 12 41 
13
20 4 36 42 34 37 32 5 25 48 24 1 33 
6
20 16 1 3 21 13 
7
20 16 1 41 12 5 25 
12
22 21 13 10 9 11 19 5 32 37 34 42 
5
22 21 26 38 11 
8
23 6 2 1 16 20 3 47 
3
23 6 7 
3
23 6 46 
4
24 1 16 20 
7
24 48 25 5 9 11 18 
8
24 48 25 5 12 16 20 39 
4
25 48 24 30 
6
26 11 18 17 1 24 
5
26 11 40 3 5 
4
27 3 36 29 
4
27 4 9 5 
6
27 9 10 36 3 35 
4
27 9 10 44 
8
28 13 10 8 6 17 1 2 
13
28 13 10 36 8 4 3 21 38 11 9 5 19 
7
28 13 21 3 40 11 18 
9
28 13 21 38 11 9 5 32 37 
8
28 13 34 42 36 17 18 11 
5
29 36 3 5 19 
4
29 36 42 34 
9
30 24 1 2 6 9 47 8 31 
6
30 24 48 25 5 14 
5
31 8 10 13 28 
6
31 8 47 9 11 40 
9
32 5 14 4 27 9 47 3 35 
11
33 1 2 6 17 36 8 3 47 9 10 
4
33 1 41 12 
6
33 50 17 18 11 38 
10
34 17 36 10 9 4 3 8 6 7 
6
35 3 8 6 29 36 
7
35 3 27 9 6 10 44 
4
36 4 14 5 
12
36 8 6 34 37 32 5 3 27 9 10 13 
5
36 17 34 37 32 
7
36 42 34 6 10 8 31 
4
37 32 5 19 
6
37 32 5 25 48 24 
6
37 34 6 8 47 9 
8
37 34 13 21 3 36 10 6 
4
38 11 21 26 
4
38 21 13 28 
9
38 26 11 19 5 32 37 34 17 
4
38 26 11 40 
11
39 20 16 12 5 32 37 34 13 10 44 
10
39 20 16 12 41 1 17 36 29 43 
6
40 3 47 9 5 32 
7
40 11 9 47 3 21 26 
5
41 1 3 21 13 
12
41 1 17 18 11 40 3 36 8 4 20 39 
15
41 12 16 1 17 18 11 19 5 32 37 34 6 29 36 
6
41 12 16 1 24 48 
5
41 12 16 1 45 
4
42 34 13 28 
5
42 34 17 1 41 
6
42 36 17 1 33 50 
7
43 29 36 42 34 6 7 
5
44 10 36 3 35 
4
44 10 36 42 
5
45 1 2 6 7 
6
45 1 2 6 10 44 
8
45 1 3 27 4 36 29 43 
9
45 1 16 20 4 36 3 8 31 
5
45 1 24 48 25 
7
45 1 24 48 25 5 32 
11
46 6 17 18 11 19 5 3 4 20 39 
8
46 6 17 18 11 21 26 38 
3
46 6 23 
7
46 6 34 13 10 36 42 
7
46 6 34 17 1 33 50 
8
47 9 4 8 36 42 34 17 
10
49 15 11 9 27 4 36 10 8 31 
5
49 15 11 21 22 
4
49 15 11 26 
6
49 15 11 26 21 38 
6
49 15 11 38 21 22 
8
49 15 11 38 26 21 13 28 
8
50 17 18 11 9 10 13 28 
