100 168 100
1 2
1 3
1 4
1 6
1 23
1 51
1 99
2 4
2 19
2 51
2 78
2 79
3 5
3 6
3 7
3 8
3 11
3 12
3 13
3 14
3 17
3 22
3 26
3 33
3 43
3 47
3 48
3 50
3 51
3 59
3 75
3 90
3 96
4 5
4 8
4 11
4 22
4 40
4 41
4 42
4 50
4 55
4 58
4 64
4 67
4 81
5 8
5 10
5 11
5 19
5 22
5 28
5 32
5 44
5 70
5 74
5 78
5 90
5 100
6 9
7 22
7 36
8 10
8 12
8 16
8 19
8 20
8 30
8 31
8 44
8 57
8 70
8 73
8 74
8 77
8 93
8 94
9 14
9 18
9 26
9 68
9 89
10 15
10 32
10 35
10 52
10 55
11 21
11 25
11 27
12 19
12 29
12 67
14 23
14 52
14 63
14 97
15 61
15 95
16 39
16 62
16 88
17 48
17 49
17 85
18 47
18 48
18 86
19 24
19 45
19 51
19 53
19 75
20 34
20 38
20 92
23 37
23 46
23 65
23 74
25 27
27 80
29 60
29 81
29 82
31 38
32 79
34 41
35 66
35 95
37 71
38 52
39 69
40 77
42 61
43 72
44 98
45 69
47 48
48 73
48 84
49 75
50 58
50 61
52 54
52 56
52 63
52 68
52 92
55 91
56 99
57 67
57 95
60 97
61 76
62 64
62 74
63 69
63 85
65 83
69 87
69 95
83 88
84 87
84 96
90 91
90 92
97 100
4
1 51 19 53 
5
1 99 56 52 68 
4
3 8 31 38 
8
3 96 84 48 73 8 4 50 
11
5 4 64 62 74 23 14 3 51 19 24 
9
5 78 2 1 6 3 12 19 51 
4
6 1 3 33 
16
9 14 52 92 20 34 41 4 2 78 5 22 3 51 19 45 
10
10 35 95 15 61 42 4 11 27 80 
9
10 55 91 90 5 44 8 73 48 
4
11 4 8 73 
5
12 3 7 22 5 
4
12 3 17 49 
15
12 67 4 22 7 3 5 32 79 2 1 99 56 52 54 
5
13 3 5 70 8 
6
13 3 11 25 27 80 
3
13 3 33 
4
14 9 68 52 
15
14 23 65 83 88 16 62 64 4 81 29 60 97 100 5 
6
15 10 52 63 69 87 
13
16 39 69 63 85 17 49 75 19 51 3 5 8 
11
16 39 69 95 15 61 42 4 81 29 82 
14
18 47 3 90 92 20 34 41 4 22 5 74 8 16 
7
19 8 74 23 65 83 88 
14
21 11 4 40 77 8 16 39 69 63 52 38 20 34 
6
21 11 4 42 61 76 
5
22 5 3 14 23 
7
23 74 8 77 40 4 67 
9
24 19 5 4 40 77 8 57 95 
7
24 19 5 11 25 27 80 
8
24 19 5 100 97 60 29 82 
7
24 19 12 3 90 5 28 
21
24 19 51 2 79 32 10 15 61 42 4 58 50 3 6 1 23 14 52 56 99 
24
25 27 11 5 78 2 19 51 1 3 26 9 14 23 74 62 16 39 69 63 85 17 49 75 
20
28 5 74 62 64 4 1 6 3 14 23 65 83 88 16 39 69 87 84 96 
7
29 12 8 74 23 65 83 
4
30 8 19 24 
5
31 38 20 8 94 
10
31 38 20 34 41 4 8 16 62 64 
16
31 38 20 92 52 56 99 1 6 3 90 91 55 4 41 34 
6
31 38 52 14 3 90 
4
31 38 52 63 
7
36 7 3 48 73 8 30 
5
36 7 22 3 33 
6
36 7 22 4 50 61 
6
37 23 1 6 3 17 
4
38 52 63 85 
5
39 69 63 14 97 
9
41 34 20 38 52 10 55 4 81 
6
42 4 22 3 11 21 
14
42 61 50 4 41 34 20 92 52 56 99 1 23 37 
5
43 3 8 57 67 
5
44 5 8 10 52 
8
46 23 1 6 3 26 9 89 
16
46 23 65 83 88 16 62 74 5 22 3 50 58 4 2 78 
8
47 48 84 96 3 6 9 68 
9
48 17 85 63 14 97 100 5 28 
12
48 84 87 69 63 85 17 3 22 4 67 57 
6
50 4 5 19 8 73 
10
52 63 85 17 48 84 96 3 43 72 
8
53 19 8 74 5 11 27 80 
12
53 19 51 1 2 79 32 10 5 22 3 59 
9
53 19 75 3 47 48 18 9 26 
16
54 52 10 35 95 69 45 19 5 4 22 3 51 1 2 78 
7
54 52 92 90 91 55 10 
6
56 99 1 6 9 18 
3
59 3 33 
8
59 3 90 92 52 10 5 28 
7
62 16 39 69 95 57 8 
5
64 4 11 27 80 
12
64 62 74 8 5 78 2 51 1 99 56 52 
5
64 62 74 23 46 
9
66 35 10 15 95 57 8 19 24 
4
68 52 56 99 
9
71 37 23 14 97 100 5 44 98 
8
71 37 23 65 83 88 16 8 
11
72 43 3 50 61 42 4 1 2 19 53 
7
73 48 17 49 75 3 13 
11
74 5 90 92 20 38 52 63 14 23 46 
5
74 62 16 8 94 
12
76 61 15 10 35 95 69 63 14 23 37 71 
16
76 61 42 4 41 34 20 38 31 8 70 5 90 92 52 54 
12
76 61 50 58 4 11 3 51 1 6 9 89 
15
78 2 79 32 5 100 97 14 63 85 17 48 3 90 91 
8
82 29 81 4 41 34 20 92 
22
83 65 23 1 51 19 8 20 34 41 4 81 29 60 97 100 5 90 92 52 63 14 
6
84 96 3 50 4 41 
4
85 63 69 39 
24
86 18 9 68 52 38 31 8 3 90 91 55 4 22 5 32 79 2 51 19 75 49 17 85 
7
86 18 47 3 11 27 80 
6
86 18 47 48 3 59 
7
89 9 26 3 48 18 86 
12
89 9 68 52 10 32 79 2 4 42 61 76 
14
89 9 68 52 14 63 85 17 48 73 8 5 32 79 
5
94 8 10 5 11 
14
94 8 20 38 52 10 5 74 62 16 88 83 65 23 
13
94 8 31 38 20 92 52 68 9 6 1 99 56 
8
94 8 70 5 4 11 27 25 
7
97 14 3 1 23 37 71 
8
98 44 8 73 48 3 47 18 
