100 164 150
1 2
1 5
1 6
1 7
1 8
1 12
1 16
1 18
1 25
1 33
1 46
1 58
1 61
1 78
1 93
1 98
2 3
2 4
2 5
2 7
2 9
2 10
2 11
2 24
2 26
2 38
2 44
2 57
2 62
2 63
2 68
2 76
2 83
2 95
2 98
3 11
3 59
3 72
4 10
5 11
5 14
5 21
5 40
5 43
5 53
5 56
5 58
5 60
5 61
5 82
5 89
7 11
7 13
8 29
8 55
9 17
9 22
9 84
10 13
10 65
10 87
11 15
11 24
11 39
11 42
11 72
11 80
11 81
11 87
12 16
12 17
12 32
12 43
12 69
12 73
12 90
13 20
13 45
13 78
14 37
14 64
14 68
15 44
16 43
16 60
17 19
17 28
17 54
17 63
17 75
17 94
18 31
18 85
18 91
19 47
19 68
21 38
21 81
21 99
22 23
22 35
22 98
23 30
23 50
24 27
24 78
25 81
28 34
28 42
28 54
29 31
29 51
29 98
30 36
30 37
30 41
30 44
30 83
30 91
31 92
33 74
35 100
36 78
37 40
37 56
37 63
37 91
37 94
38 67
39 58
40 42
40 51
40 66
40 77
40 87
41 48
41 87
41 96
42 49
43 96
45 60
47 88
47 93
49 52
49 85
50 64
50 85
52 57
54 80
56 63
56 97
57 63
59 69
60 83
61 79
61 81
65 71
69 70
72 80
72 82
73 77
76 90
79 86
91 93
7
1 2 7 13 10 65 71 
6
1 2 11 42 28 34 
6
1 25 81 21 38 67 
6
1 78 36 30 23 50 
11
2 10 87 40 42 28 54 17 63 37 94 
9
2 57 63 17 19 47 93 1 46 
4
2 63 37 91 
12
4 2 68 14 5 43 12 16 1 18 31 92 
4
4 10 2 95 
5
5 56 63 17 19 
7
6 1 61 81 21 38 67 
5
7 1 18 31 92 
8
7 2 98 29 31 18 91 93 
6
8 29 98 22 35 100 
4
11 3 72 82 
6
11 7 1 12 17 54 
4
12 1 61 79 
10
12 90 76 2 7 11 24 78 1 18 
7
14 37 63 57 2 38 67 
14
14 64 50 23 22 98 1 18 85 49 52 57 2 76 
5
14 68 19 47 88 
4
15 44 2 26 
11
15 44 2 83 60 5 40 42 11 72 80 
4
15 44 2 95 
5
16 1 7 11 42 
5
17 19 47 93 91 
6
17 28 42 11 72 80 
5
17 54 80 11 24 
11
17 94 37 14 68 19 47 93 1 8 29 
4
18 1 33 74 
10
18 31 29 8 1 16 43 96 41 48 
10
20 13 78 1 2 63 17 9 22 35 
5
21 81 61 79 86 
6
22 9 17 63 37 30 
9
22 98 1 7 11 81 21 38 67 
4
23 22 98 2 
6
23 30 36 78 1 16 
9
23 50 64 14 37 91 18 31 92 
4
24 2 11 7 
4
25 81 11 3 
4
25 81 61 79 
6
27 24 11 87 40 66 
6
28 17 12 43 96 41 
5
30 83 2 10 87 
7
30 91 93 1 78 13 20 
4
31 29 98 22 
4
32 12 17 9 
18
32 12 43 96 41 30 44 15 11 42 40 5 82 72 3 59 69 70 
8
33 1 61 5 60 83 30 23 
8
34 28 17 54 80 11 7 2 
13
34 28 17 63 37 91 93 47 19 68 2 38 67 
6
34 28 42 49 52 57 
5
35 22 98 1 46 
5
36 30 83 60 16 
6
37 40 87 41 96 43 
5
37 56 63 17 54 
6
39 58 5 11 72 82 
11
39 58 5 43 16 1 93 91 18 31 92 
4
40 51 29 31 
6
40 77 73 12 69 70 
4
42 49 52 57 
5
43 16 1 2 95 
5
44 30 23 50 85 
8
45 60 16 12 90 76 2 26 
8
45 60 83 2 5 21 38 67 
4
46 1 5 56 
3
46 1 6 
15
46 1 16 60 83 2 76 90 12 17 19 47 93 91 30 
4
46 1 33 74 
6
47 19 68 2 10 4 
7
47 93 1 78 24 2 76 
6
48 41 87 10 65 71 
8
48 41 87 40 5 21 38 67 
4
48 41 96 43 
7
48 41 96 43 16 1 25 
11
50 85 49 52 57 63 17 94 37 56 97 
7
51 40 42 49 85 50 64 
4
52 57 2 26 
9
53 5 40 51 29 98 1 78 36 
7
53 5 43 16 1 33 74 
7
54 28 17 63 56 5 82 
4
54 80 72 82 
6
55 8 1 5 21 99 
8
56 5 43 96 41 87 40 66 
9
56 37 30 91 18 1 98 2 7 
7
57 52 49 85 50 23 30 
7
58 5 11 7 2 1 18 
5
59 3 11 81 25 
6
60 5 82 72 3 11 
4
60 16 43 96 
11
60 16 43 96 41 87 11 39 58 1 18 
4
60 45 13 20 
9
62 2 44 30 37 40 87 41 48 
6
62 2 98 1 33 74 
8
63 56 5 60 83 2 38 67 
6
63 56 37 40 5 53 
7
63 57 2 3 59 69 70 
9
63 57 2 7 1 58 5 56 97 
6
64 14 5 61 1 6 
5
64 14 37 63 17 
8
64 14 37 63 17 19 47 93 
23
64 14 68 19 17 9 2 63 57 52 49 85 50 23 22 98 29 8 1 5 21 81 61 
7
66 40 5 56 63 37 30 
19
66 40 5 60 83 2 7 1 93 47 19 68 14 64 50 85 18 31 92 
7
66 40 42 28 54 80 11 
8
66 40 51 29 98 22 35 100 
6
67 38 2 10 65 71 
4
68 14 5 53 
4
69 12 90 76 
7
69 12 90 76 2 57 52 
7
70 69 12 1 61 79 86 
9
71 65 10 87 11 72 82 5 61 
4
74 33 1 46 
4
75 17 9 84 
12
75 17 63 37 91 18 85 50 23 30 41 48 
12
75 17 94 37 91 30 44 2 98 22 9 84 
9
76 2 7 11 42 49 85 50 64 
6
77 40 51 29 31 92 
5
78 36 30 37 56 
4
80 54 17 19 
7
81 21 5 43 16 12 1 
6
81 25 1 18 85 50 
11
82 5 56 37 94 17 63 2 10 65 71 
4
83 2 3 11 
8
83 30 91 37 56 5 14 64 
11
83 60 16 43 96 41 30 91 37 40 66 
6
85 50 64 14 37 40 
4
87 10 65 71 
6
87 11 5 21 38 67 
4
87 40 42 11 
7
89 5 11 2 7 13 20 
9
89 5 14 64 50 23 30 83 2 
4
89 5 43 96 
9
89 5 61 1 78 24 2 83 30 
9
90 76 2 24 11 81 21 5 60 
10
91 93 47 19 17 54 80 11 87 10 
5
93 91 18 1 58 
4
93 91 18 31 
12
94 17 54 80 72 11 15 44 30 36 78 1 
4
95 2 10 65 
12
97 56 37 40 42 49 85 18 91 93 47 19 
10
97 56 37 91 18 1 98 29 31 92 
12
97 56 63 37 40 5 82 72 80 54 17 94 
10
98 2 44 30 91 37 56 5 43 96 
4
98 22 35 100 
5
98 29 51 40 66 
9
99 21 5 2 76 90 12 73 77 
6
99 21 81 61 79 86 
9
100 35 22 23 30 44 2 1 6 
7
100 35 22 98 29 31 92 
