100 169 150
1 2
1 4
1 12
1 14
2 3
2 4
2 5
2 6
2 8
2 20
2 21
2 22
2 28
2 30
2 32
2 34
2 36
2 37
2 39
2 40
2 41
2 44
2 46
2 47
2 48
2 51
2 66
2 67
3 7
3 9
3 25
3 27
3 32
3 34
3 46
3 48
3 54
4 7
4 10
4 12
4 16
4 21
4 31
4 49
4 96
4 99
5 17
5 64
5 66
5 84
5 97
6 25
6 36
6 81
6 87
7 23
7 53
8 11
8 24
8 92
8 97
9 13
9 22
10 28
11 100
12 15
12 32
12 48
12 88
13 28
13 29
13 37
13 48
14 19
14 38
14 39
15 18
15 28
15 31
15 85
17 20
17 82
19 25
20 35
21 59
22 26
22 31
22 62
22 68
22 99
23 69
23 76
25 33
25 36
25 39
25 41
25 58
26 54
27 29
27 64
28 70
29 56
30 85
30 99
31 32
31 61
31 80
31 90
32 49
32 52
33 63
33 79
34 49
34 68
36 57
36 90
37 44
37 91
38 42
39 41
39 43
39 52
39 100
40 55
41 44
41 45
41 54
41 63
42 63
43 56
43 78
44 50
44 98
45 69
46 61
48 71
48 72
49 54
49 68
49 79
49 94
51 60
52 65
52 73
52 98
54 74
54 95
54 97
55 83
56 57
56 66
56 93
57 58
58 82
59 61
59 77
61 77
61 90
62 75
67 80
67 89
68 76
69 71
69 86
71 99
74 97
85 86
85 100
87 98
4
1 2 20 17 
7
1 4 2 3 54 97 5 
4
1 4 10 28 
6
1 12 15 28 2 44 
4
1 14 38 42 
10
1 14 38 42 63 33 79 49 4 16 
18
1 14 39 52 98 44 41 25 58 82 17 5 97 54 3 2 67 89 
4
2 1 4 12 
13
2 5 66 56 29 13 28 10 4 49 34 68 76 
5
2 5 97 8 11 
6
2 39 25 41 54 26 
7
2 67 80 31 32 12 88 
5
3 2 40 55 83 
6
5 17 20 2 67 80 
5
6 2 39 43 78 
20
7 4 2 22 26 54 49 79 33 25 19 14 38 42 63 41 45 69 23 76 
4
8 2 4 1 
4
8 11 100 39 
4
9 13 37 91 
10
9 22 68 34 2 3 27 29 13 48 
4
9 22 99 71 
8
9 22 99 71 69 86 85 30 
5
10 28 2 66 5 
6
12 4 1 14 39 100 
6
12 4 10 28 2 34 
5
12 15 85 100 11 
12
13 9 3 46 2 22 26 54 41 45 69 86 
5
13 9 3 48 72 
7
14 1 2 21 59 61 77 
9
14 19 25 39 2 34 3 7 23 
5
14 39 41 54 95 
9
16 4 10 28 15 31 80 67 2 
10
17 5 64 27 3 25 33 79 49 4 
9
17 5 66 2 21 4 31 22 99 
8
18 15 85 100 39 2 48 72 
7
19 14 38 42 63 33 25 
10
19 14 39 41 45 69 71 99 4 96 
4
22 2 8 11 
5
22 26 54 49 94 
12
22 68 34 49 79 33 63 41 25 39 14 19 
7
22 99 4 21 59 61 46 
5
22 99 30 85 86 
16
23 76 68 34 3 2 6 87 98 52 39 41 25 58 57 36 
8
23 76 68 34 3 48 13 9 
5
25 3 9 22 62 
4
25 19 14 38 
16
25 33 63 42 38 14 39 2 22 26 54 41 45 69 86 85 
9
25 33 63 42 38 14 39 43 78 
4
25 39 43 56 
14
25 58 57 36 6 87 98 44 41 54 74 97 5 84 
8
26 22 68 34 49 32 12 1 
5
26 54 3 9 13 
6
27 3 7 4 49 94 
5
27 3 25 33 63 
7
27 3 25 41 45 69 71 
11
27 29 13 37 2 36 90 31 80 67 89 
5
29 56 66 5 97 
15
30 99 71 69 45 41 44 2 66 5 17 82 58 57 36 
6
31 4 10 28 15 18 
4
32 2 22 99 
10
32 3 9 22 26 54 74 97 8 92 
5
32 12 1 4 96 
4
34 2 3 46 
11
34 49 79 33 63 41 2 39 25 6 81 
15
34 68 49 32 2 21 59 61 31 4 1 14 19 25 41 
8
35 20 17 82 58 25 6 81 
4
36 57 56 66 
4
36 57 56 93 
10
37 13 48 71 99 4 1 2 6 81 
5
38 42 63 41 44 
11
39 14 1 2 3 48 12 32 31 4 16 
4
39 14 38 42 
9
39 25 36 2 22 68 34 49 94 
5
40 2 39 43 78 
4
41 44 98 87 
6
41 63 33 25 39 43 
15
41 63 42 38 14 1 2 48 71 99 22 31 61 59 77 
10
43 39 100 11 8 2 5 17 20 35 
4
44 98 52 65 
4
46 2 40 55 
6
46 61 31 32 2 67 
5
48 13 37 44 98 
5
49 4 10 28 15 
6
49 79 33 25 41 45 
6
50 44 41 63 33 79 
8
51 2 36 25 58 57 56 93 
6
52 32 12 15 85 100 
4
52 32 49 94 
6
52 39 43 56 57 58 
18
53 7 3 34 49 32 12 1 2 36 90 31 15 85 100 11 8 92 
5
56 66 2 51 60 
4
56 66 5 64 
7
57 56 66 5 97 54 95 
7
58 82 17 5 97 8 11 
10
59 21 2 46 3 25 41 63 33 79 
4
59 77 61 90 
7
60 51 2 32 49 4 16 
8
62 22 26 54 3 7 23 69 
5
64 5 17 20 35 
14
65 52 32 12 1 2 41 39 14 19 25 33 79 49 
9
66 2 36 6 25 39 41 54 95 
4
66 2 40 55 
14
66 56 29 27 64 5 2 30 85 86 69 71 48 72 
4
66 56 57 36 
4
68 22 62 75 
5
68 34 49 79 33 
6
69 23 76 68 49 94 
21
69 71 48 12 4 31 15 28 2 36 6 87 98 52 32 3 25 39 14 38 42 
8
70 28 13 37 2 3 54 74 
5
71 48 3 34 49 
7
72 48 71 99 4 12 32 
5
73 52 39 2 47 
9
73 52 39 41 45 69 23 76 68 
8
77 61 46 3 9 22 68 76 
11
78 43 39 25 58 57 36 2 21 59 77 
8
79 49 32 31 22 26 54 95 
4
81 6 2 37 
7
81 6 87 98 44 37 91 
12
83 55 40 2 66 56 57 58 25 36 90 61 
6
84 5 17 82 58 57 
10
84 5 66 2 46 61 90 31 22 26 
11
84 5 97 54 3 2 34 68 22 62 75 
9
86 69 45 41 25 39 52 98 44 
7
87 6 2 66 56 43 78 
4
87 6 25 19 
9
88 12 15 31 32 2 40 55 83 
10
88 12 48 2 5 17 82 58 25 33 
8
89 67 80 31 4 21 59 77 
12
90 31 4 2 30 99 71 69 45 41 25 6 
5
90 31 22 2 40 
10
90 36 57 58 25 19 14 38 42 63 
12
91 37 13 29 27 3 46 2 44 98 52 65 
10
91 37 44 2 3 48 12 4 7 23 
6
92 8 2 36 6 81 
5
93 56 66 5 84 
5
93 56 66 5 97 
9
94 49 34 68 76 23 7 3 27 
6
95 54 3 32 52 73 
4
95 54 74 97 
7
96 4 12 48 13 29 56 
4
96 4 12 88 
5
96 4 21 2 40 
7
97 5 2 34 68 22 9 
6
97 5 17 20 2 22 
6
97 5 66 2 44 50 
5
99 22 68 34 49 
5
99 30 2 36 25 
6
99 30 2 40 55 83 
8
100 39 41 45 69 71 48 72 
10
100 85 15 28 2 1 4 7 3 46 
