50 76 150
1 2
1 4
1 6
1 13
1 26
1 33
1 35
1 42
1 49
2 3
2 33
2 46
3 28
3 32
3 34
4 5
4 7
4 8
4 16
4 21
4 22
4 24
4 25
4 32
4 33
4 36
4 40
4 43
4 45
4 48
4 50
5 12
6 10
6 17
6 21
6 29
6 36
6 50
7 18
8 9
8 17
8 25
8 30
8 38
9 11
9 24
10 24
11 14
11 20
11 28
11 36
12 15
13 19
13 23
13 26
13 27
13 39
13 41
16 33
17 25
17 42
18 32
18 37
20 42
21 48
24 47
26 38
27 34
28 31
31 35
32 36
33 45
33 50
34 44
36 38
39 44
6
1 2 3 32 36 4 
6
1 6 21 48 4 40 
5
1 33 50 4 7 
8
1 35 31 28 11 9 24 47 
4
3 28 11 14 
10
3 32 36 4 8 17 6 10 24 9 
4
4 7 18 37 
5
4 8 9 24 10 
8
4 25 8 38 36 6 10 24 
5
4 32 3 2 46 
7
4 32 3 34 27 13 1 
5
5 4 32 18 7 
4
6 1 2 46 
5
6 1 26 13 41 
4
6 36 32 18 
4
6 50 4 40 
5
7 18 32 3 2 
6
7 18 32 36 4 5 
4
8 9 24 47 
7
8 25 4 16 33 2 46 
4
8 25 4 22 
5
8 38 26 13 19 
4
9 24 4 33 
5
10 6 17 25 4 
6
10 6 21 4 45 33 
7
10 6 36 38 8 9 24 
12
10 24 4 16 33 1 6 36 38 26 13 41 
5
10 24 9 11 14 
4
11 9 24 10 
5
11 36 6 21 48 
5
12 5 4 33 50 
6
13 26 38 36 6 29 
6
14 11 20 42 1 49 
7
14 11 20 42 17 8 4 
6
14 11 28 3 2 1 
5
14 11 28 31 35 
16
15 12 5 4 1 33 2 3 32 36 38 8 17 6 21 48 
11
15 12 5 4 8 38 26 13 27 34 44 
10
16 4 24 9 11 28 31 35 1 42 
7
16 4 50 33 1 6 29 
5
16 33 1 4 36 
4
16 33 4 25 
9
16 33 45 4 1 42 17 6 10 
7
16 33 45 4 8 9 11 
11
16 33 45 4 8 9 11 20 42 17 25 
6
16 33 45 4 8 30 
5
18 7 4 5 12 
12
18 32 3 2 1 35 31 28 11 36 4 22 
4
18 32 36 4 
5
19 13 1 2 46 
8
19 13 1 42 17 8 4 40 
4
19 13 26 1 
12
19 13 26 1 6 50 33 2 3 28 11 14 
6
19 13 27 34 44 39 
10
19 13 39 44 34 3 32 36 6 29 
3
19 13 41 
15
20 42 1 4 36 38 26 13 39 44 34 3 28 11 14 
6
20 42 17 25 4 33 
4
21 4 8 9 
8
21 6 10 24 9 8 4 5 
6
22 4 32 3 2 33 
3
23 13 19 
10
23 13 26 38 8 9 11 36 6 29 
6
23 13 27 34 44 39 
3
23 13 41 
7
24 9 8 17 42 1 35 
5
24 9 11 36 38 
4
24 10 6 17 
4
24 10 6 29 
7
24 10 6 50 4 8 38 
4
26 1 4 5 
6
26 38 8 4 36 32 
4
27 34 44 39 
4
28 3 34 27 
5
28 11 9 24 10 
12
28 31 35 1 33 2 3 32 4 36 11 14 
7
29 6 1 4 45 33 50 
10
29 6 21 48 4 1 42 17 8 25 
6
29 6 21 48 4 22 
7
29 6 50 4 5 12 15 
10
30 8 9 11 20 42 1 26 13 23 
11
30 8 9 11 20 42 17 6 10 24 47 
8
30 8 9 11 36 38 26 1 
5
30 8 17 6 50 
5
30 8 17 42 1 
4
30 8 25 4 
14
30 8 38 26 1 35 31 28 11 36 4 16 33 2 
9
31 35 1 6 10 24 4 25 8 
14
31 35 1 33 16 4 48 21 6 10 24 9 11 36 
6
32 3 34 27 13 39 
8
32 18 7 4 16 33 1 49 
4
32 36 11 28 
4
33 1 4 40 
4
33 2 3 32 
7
33 50 4 21 6 1 49 
11
33 50 6 17 8 25 4 32 3 2 46 
7
33 50 6 17 42 1 2 
11
35 1 6 10 24 9 8 38 26 13 19 
13
36 6 10 24 9 11 20 42 17 25 4 21 48 
7
36 11 28 31 35 1 49 
7
37 18 7 4 5 12 15 
8
37 18 32 4 24 10 6 29 
12
37 18 32 36 4 25 8 38 26 1 33 16 
4
38 8 9 11 
4
38 8 17 25 
10
38 8 17 42 1 35 31 28 11 14 
4
38 26 1 13 
4
38 36 11 14 
10
39 44 34 3 2 33 45 4 21 48 
11
39 44 34 27 13 26 1 4 45 33 16 
5
40 4 5 12 15 
6
40 4 16 33 2 46 
5
40 4 24 9 11 
7
40 4 32 36 6 21 48 
13
40 4 32 36 11 28 31 35 1 6 17 42 20 
3
41 13 23 
10
41 13 26 1 6 50 4 16 33 45 
7
42 1 2 3 28 31 35 
6
42 1 13 39 44 34 
7
43 4 8 25 17 6 29 
6
43 4 16 33 1 49 
11
43 4 16 33 2 3 32 36 11 28 31 
4
43 4 21 48 
5
43 4 32 18 37 
5
43 4 45 33 16 
5
44 34 3 2 46 
16
45 33 16 4 25 8 17 6 10 24 9 11 28 3 2 46 
16
45 33 50 4 48 21 6 1 42 20 11 28 3 32 18 37 
7
45 33 50 6 17 8 38 
9
45 33 50 6 36 4 5 12 15 
6
46 2 3 28 11 36 
12
46 2 3 28 31 35 1 33 16 4 5 12 
10
46 2 3 32 36 4 25 8 17 42 
7
46 2 3 34 27 13 41 
10
46 2 33 1 42 17 8 25 4 45 
5
46 2 33 1 49 
11
46 2 33 50 6 10 24 9 8 4 22 
5
47 24 9 11 14 
9
47 24 9 11 20 42 1 13 19 
13
47 24 9 11 20 42 1 26 38 8 25 4 40 
8
47 24 9 11 20 42 1 49 
4
48 4 8 17 
9
48 21 4 8 9 11 28 3 2 
15
48 21 6 10 24 9 11 20 42 17 25 8 38 36 32 
4
49 1 2 46 
8
49 1 6 10 24 9 11 28 
7
49 1 13 27 34 44 39 
9
49 1 35 31 28 3 2 33 50 
9
49 1 42 17 6 10 24 9 8 
8
50 6 36 4 45 33 2 46 
