100 169 100
1 2
1 4
1 12
1 14
2 3
2 4
2 5
2 6
2 8
2 20
2 21
2 22
2 28
2 30
2 32
2 34
2 36
2 37
2 39
2 40
2 41
2 44
2 46
2 47
2 48
2 51
2 66
2 67
3 7
3 9
3 25
3 27
3 32
3 34
3 46
3 48
3 54
4 7
4 10
4 12
4 16
4 21
4 31
4 49
4 96
4 99
5 17
5 64
5 66
5 84
5 97
6 25
6 36
6 81
6 87
7 23
7 53
8 11
8 24
8 92
8 97
9 13
9 22
10 28
11 100
12 15
12 32
12 48
12 88
13 28
13 29
13 37
13 48
14 19
14 38
14 39
15 18
15 28
15 31
15 85
17 20
17 82
19 25
20 35
21 59
22 26
22 31
22 62
22 68
22 99
23 69
23 76
25 33
25 36
25 39
25 41
25 58
26 54
27 29
27 64
28 70
29 56
30 85
30 99
31 32
31 61
31 80
31 90
32 49
32 52
33 63
33 79
34 49
34 68
36 57
36 90
37 44
37 91
38 42
39 41
39 43
39 52
39 100
40 55
41 44
41 45
41 54
41 63
42 63
43 56
43 78
44 50
44 98
45 69
46 61
48 71
48 72
49 54
49 68
49 79
49 94
51 60
52 65
52 73
52 98
54 74
54 95
54 97
55 83
56 57
56 66
56 93
57 58
58 82
59 61
59 77
61 77
61 90
62 75
67 80
67 89
68 76
69 71
69 86
71 99
74 97
85 86
85 100
87 98
5
2 6 87 98 44 
10
2 20 17 82 58 57 36 25 39 52 
6
2 67 80 31 61 90 
11
3 9 22 2 30 99 4 21 59 61 77 
11
3 34 49 32 12 1 4 21 2 48 72 
4
5 17 20 35 
8
5 97 8 11 100 39 52 65 
4
6 25 41 44 
4
7 3 32 2 
5
7 4 1 2 66 
6
10 28 2 39 52 32 
9
11 8 2 30 85 100 39 52 65 
22
12 32 49 54 41 63 42 38 14 19 25 36 90 31 61 59 21 2 30 99 4 10 
4
15 28 13 37 
5
16 4 10 28 70 
20
16 4 21 59 77 61 90 36 25 58 82 17 5 2 32 49 34 3 27 64 
7
19 14 1 2 32 52 65 
17
19 14 38 42 63 33 25 39 2 48 12 1 4 31 22 62 75 
5
20 2 40 55 83 
7
20 17 5 66 2 51 60 
4
21 59 61 90 
6
22 99 71 69 23 76 
11
23 76 68 34 2 37 44 98 87 6 81 
6
23 76 68 34 49 79 
9
25 19 14 38 42 63 41 54 95 
8
25 36 6 2 39 14 38 42 
19
26 22 9 3 54 74 97 5 2 36 90 61 59 21 4 31 80 67 89 
6
26 22 9 13 37 91 
4
26 22 31 90 
9
28 13 29 27 3 46 2 40 55 
4
29 27 3 9 
9
29 27 64 5 66 2 37 44 98 
8
30 85 15 31 22 9 3 25 
29
30 99 71 69 45 41 63 42 38 14 19 25 39 2 21 59 77 61 46 3 9 22 31 4 12 48 13 28 10 
25
31 22 26 54 74 97 8 11 100 85 30 2 41 25 39 14 38 42 63 33 79 49 32 52 65 
10
31 80 67 2 32 49 79 33 25 41 
4
32 3 25 41 
4
32 12 48 3 
10
32 52 98 44 41 54 74 97 8 24 
15
34 3 48 71 69 45 41 25 39 2 36 90 61 77 59 
6
35 20 2 39 52 65 
5
36 25 3 48 72 
5
37 2 22 62 75 
6
38 14 39 25 33 79 
6
38 14 39 43 56 93 
7
41 2 30 99 4 7 53 
7
41 54 26 22 31 61 90 
14
42 63 41 2 6 36 25 19 14 39 100 11 8 92 
7
45 41 63 42 38 14 1 
20
46 61 77 59 21 4 49 79 33 63 42 38 14 19 25 58 82 17 5 84 
6
47 2 46 61 59 77 
5
49 54 26 22 62 
18
50 44 37 2 36 25 6 87 98 52 32 49 68 76 23 7 4 96 
18
50 44 41 25 6 36 90 31 32 3 27 29 13 37 2 40 55 83 
5
50 44 98 52 65 
20
50 44 98 87 6 2 22 99 30 85 100 39 25 19 14 38 42 63 33 79 
16
50 44 98 87 6 36 25 33 79 49 4 99 30 85 100 11 
7
53 7 3 32 31 15 18 
8
53 7 23 76 68 22 62 75 
8
53 7 23 76 68 49 54 95 
7
55 40 2 30 99 71 69 
12
55 40 2 37 13 48 71 99 4 21 59 61 
14
57 36 2 6 87 98 44 41 45 69 23 76 68 34 
6
57 36 90 31 15 28 
15
59 61 31 32 52 98 44 2 48 71 69 23 76 68 49 
20
60 51 2 21 59 77 61 90 31 4 7 23 69 86 85 30 99 71 48 72 
18
61 31 22 99 30 85 100 39 25 36 6 2 34 49 54 41 63 33 
10
63 41 54 3 46 2 5 64 27 29 
3
65 52 73 
6
68 49 54 74 97 5 
9
69 23 7 3 48 13 29 27 64 
4
71 99 4 16 
20
72 48 2 36 57 58 25 6 87 98 44 37 13 29 27 3 46 61 59 77 
13
73 52 39 2 3 32 31 22 26 54 97 5 84 
21
75 62 22 31 32 52 39 41 2 1 14 19 25 3 34 49 79 33 63 42 38 
10
76 23 7 4 31 22 9 13 28 10 
37
78 43 39 14 38 42 63 33 79 49 68 22 99 30 85 100 11 8 97 5 66 2 6 25 3 32 12 1 4 21 59 77 61 31 15 28 70 
12
79 49 68 22 31 61 46 2 39 43 56 93 
20
80 31 61 77 59 21 2 8 97 5 17 82 58 25 33 79 49 32 52 65 
16
81 6 36 57 56 29 13 28 2 3 25 58 82 17 5 66 
17
83 55 40 2 22 31 4 49 34 3 25 6 36 57 58 82 17 
10
84 5 64 27 29 13 9 22 31 90 
7
88 12 15 31 32 52 73 
24
89 67 80 31 15 28 13 48 71 99 30 2 36 90 61 46 3 9 22 68 76 23 7 53 
17
89 67 80 31 61 59 21 4 1 2 3 34 68 49 32 52 65 
7
91 37 2 4 99 30 85 
21
91 37 13 48 12 4 49 79 33 63 42 38 14 1 2 22 26 54 74 97 8 
6
93 56 29 13 37 91 
4
93 56 43 78 
17
93 56 57 36 90 61 31 15 12 4 2 39 100 85 86 69 71 
4
94 49 4 7 
6
94 49 54 97 8 24 
14
94 49 68 34 2 67 80 31 32 12 1 14 38 42 
7
94 49 79 33 63 41 25 
11
95 54 49 68 22 31 4 21 2 41 45 
7
96 4 7 3 46 2 47 
12
97 74 54 41 44 2 34 68 49 32 52 65 
5
99 22 26 54 95 
8
99 30 2 41 45 69 23 76 
5
100 39 2 44 98 
