20 25 150
1 2
1 7
1 8
1 10
1 18
2 3
2 5
2 6
2 16
2 20
3 4
3 17
4 11
4 15
5 7
5 8
5 10
5 13
5 14
6 9
7 10
8 10
8 14
10 12
15 19
6
1 2 3 4 15 19 
4
1 2 5 7 
4
1 2 5 13 
4
1 2 6 9 
6
1 7 5 10 8 14 
5
1 7 10 5 13 
4
1 10 5 13 
5
1 10 8 14 5 
4
2 3 4 11 
4
2 5 8 1 
4
2 5 8 14 
4
2 5 10 12 
4
3 2 5 13 
4
3 2 6 9 
5
5 7 10 8 1 
4
5 7 10 12 
4
5 8 10 12 
4
5 10 1 8 
4
5 10 8 14 
7
6 2 1 7 10 5 13 
5
6 2 3 4 15 
4
6 2 3 17 
5
7 1 8 5 14 
6
7 1 8 10 5 13 
6
7 1 10 5 2 16 
6
7 1 10 8 5 14 
4
7 5 2 6 
5
7 5 8 10 12 
7
7 5 14 8 1 10 12 
7
7 10 1 8 14 5 13 
4
7 10 1 18 
7
7 10 5 8 1 2 16 
4
8 1 2 3 
4
8 5 10 7 
6
8 14 5 2 6 9 
8
8 14 5 7 10 1 2 20 
6
8 14 5 10 1 18 
5
8 14 5 10 12 
4
8 14 5 13 
8
9 6 2 1 7 10 5 13 
6
9 6 2 3 4 11 
7
9 6 2 3 4 15 19 
5
9 6 2 3 17 
8
9 6 2 5 7 10 1 18 
7
9 6 2 5 8 1 18 
5
9 6 2 5 13 
8
9 6 2 5 14 8 1 18 
4
9 6 2 16 
5
10 1 7 5 13 
5
10 5 2 3 4 
5
10 5 7 1 18 
8
10 7 1 2 3 4 15 19 
4
10 8 14 5 
6
11 4 3 2 5 13 
4
11 4 3 17 
4
11 4 15 19 
6
12 10 1 2 3 17 
6
12 10 1 7 5 14 
7
12 10 5 7 1 2 20 
5
12 10 5 8 14 
5
12 10 5 14 8 
7
12 10 5 14 8 1 7 
7
12 10 7 1 8 5 13 
8
12 10 7 5 2 1 8 14 
11
12 10 7 5 8 1 2 3 4 15 19 
9
12 10 7 5 8 1 2 6 9 
8
12 10 7 5 14 8 1 18 
9
12 10 8 5 7 1 2 6 9 
8
12 10 8 5 7 1 2 16 
5
12 10 8 5 13 
7
12 10 8 14 5 2 16 
10
12 10 8 14 5 7 1 2 6 9 
6
13 5 7 1 8 14 
7
13 5 7 10 1 8 14 
5
13 5 7 10 8 
6
13 5 8 1 10 12 
4
13 5 8 14 
5
13 5 10 8 14 
8
13 5 14 8 1 7 10 12 
8
13 5 14 8 10 1 2 16 
7
13 5 14 8 10 1 7 
4
14 5 7 1 
5
14 5 7 10 8 
9
14 5 7 10 8 1 2 3 17 
5
14 5 8 1 18 
6
14 5 8 10 1 7 
4
14 5 10 8 
6
14 5 10 8 1 18 
8
14 8 1 7 5 2 3 17 
6
14 8 1 7 5 13 
6
14 8 1 7 10 12 
6
14 8 1 10 5 7 
7
14 8 5 7 1 10 12 
6
14 8 5 7 10 12 
6
14 8 5 10 1 18 
8
14 8 5 10 7 1 2 16 
4
14 8 5 13 
5
14 8 10 1 18 
4
14 8 10 5 
5
14 8 10 5 7 
7
14 8 10 5 7 1 2 
5
14 8 10 5 13 
5
14 8 10 7 1 
7
14 8 10 7 1 2 20 
8
14 8 10 7 5 2 6 9 
5
16 2 1 8 14 
4
16 2 1 18 
5
16 2 3 4 15 
6
16 2 3 4 15 19 
4
16 2 3 17 
7
16 2 5 7 10 8 14 
5
16 2 5 8 14 
4
16 2 5 14 
6
16 2 5 14 8 1 
8
16 2 5 14 8 10 1 18 
4
16 2 6 9 
3
16 2 20 
8
17 3 2 1 10 5 8 14 
7
17 3 2 5 8 1 18 
7
17 3 2 5 14 8 10 
4
17 3 4 11 
5
17 3 4 15 19 
6
18 1 2 3 4 11 
5
18 1 2 3 17 
5
18 1 2 6 9 
4
18 1 2 20 
4
18 1 7 10 
6
18 1 7 10 5 2 
7
18 1 7 10 5 8 14 
7
18 1 7 10 8 5 13 
4
18 1 8 14 
10
18 1 8 14 5 2 3 4 15 19 
8
18 1 8 14 5 2 6 9 
8
18 1 8 14 5 7 10 12 
8
18 1 10 7 5 2 3 17 
7
18 1 10 7 5 8 14 
7
18 1 10 8 14 5 13 
4
18 1 10 12 
7
19 15 4 3 2 6 9 
5
19 15 4 3 17 
4
19 15 4 11 
7
20 2 1 8 10 5 14 
9
20 2 1 8 14 5 7 10 12 
5
20 2 1 10 7 
7
20 2 1 10 8 14 5 
5
20 2 3 4 11 
6
20 2 3 4 15 19 
4
20 2 3 17 
7
20 2 5 7 10 8 14 
4
20 2 6 9 
