100 164 100
1 2
1 5
1 6
1 7
1 8
1 12
1 16
1 18
1 25
1 33
1 46
1 58
1 61
1 78
1 93
1 98
2 3
2 4
2 5
2 7
2 9
2 10
2 11
2 24
2 26
2 38
2 44
2 57
2 62
2 63
2 68
2 76
2 83
2 95
2 98
3 11
3 59
3 72
4 10
5 11
5 14
5 21
5 40
5 43
5 53
5 56
5 58
5 60
5 61
5 82
5 89
7 11
7 13
8 29
8 55
9 17
9 22
9 84
10 13
10 65
10 87
11 15
11 24
11 39
11 42
11 72
11 80
11 81
11 87
12 16
12 17
12 32
12 43
12 69
12 73
12 90
13 20
13 45
13 78
14 37
14 64
14 68
15 44
16 43
16 60
17 19
17 28
17 54
17 63
17 75
17 94
18 31
18 85
18 91
19 47
19 68
21 38
21 81
21 99
22 23
22 35
22 98
23 30
23 50
24 27
24 78
25 81
28 34
28 42
28 54
29 31
29 51
29 98
30 36
30 37
30 41
30 44
30 83
30 91
31 92
33 74
35 100
36 78
37 40
37 56
37 63
37 91
37 94
38 67
39 58
40 42
40 51
40 66
40 77
40 87
41 48
41 87
41 96
42 49
43 96
45 60
47 88
47 93
49 52
49 85
50 64
50 85
52 57
54 80
56 63
56 97
57 63
59 69
60 83
61 79
61 81
65 71
69 70
72 80
72 82
73 77
76 90
79 86
91 93
4
1 7 13 10 
4
1 12 16 43 
4
1 18 31 92 
6
1 98 29 51 40 66 
10
4 2 68 19 47 93 1 58 5 89 
7
4 10 13 78 1 25 81 
5
5 14 68 2 98 
4
5 21 38 67 
6
5 40 77 73 12 32 
5
5 82 72 11 39 
9
6 1 25 81 21 5 11 72 82 
5
7 11 42 28 17 
6
11 72 82 5 1 33 
15
13 45 60 16 43 12 1 8 29 51 40 87 41 30 36 
6
13 78 1 18 31 92 
9
13 78 36 30 37 94 17 12 32 
6
14 37 56 5 58 1 
5
14 68 19 47 88 
5
15 44 2 68 19 
18
15 44 30 36 78 1 8 29 98 2 11 80 54 17 19 68 14 5 
5
16 1 8 29 51 
10
16 1 12 43 5 2 10 87 40 66 
4
17 28 54 80 
12
17 54 28 42 49 52 57 2 4 10 13 20 
6
20 13 78 36 30 23 
17
21 38 2 76 90 12 16 1 5 82 72 11 15 44 30 91 37 
4
22 98 2 24 
5
25 1 93 47 88 
7
26 2 11 3 59 69 70 
22
27 24 78 1 7 13 45 60 83 2 3 72 82 5 11 80 54 28 17 63 56 97 
5
30 23 50 64 14 
4
30 23 50 85 
6
31 18 1 58 5 61 
6
32 12 43 96 41 48 
9
32 12 90 76 2 3 59 69 70 
9
34 28 42 49 52 57 63 17 75 
7
34 28 54 17 19 47 88 
7
34 28 54 17 63 2 95 
14
34 28 54 80 11 2 3 59 69 12 73 77 40 66 
5
37 91 18 31 92 
5
39 58 5 21 38 
10
42 28 54 80 11 3 2 57 63 56 
7
43 5 21 81 25 1 61 
6
43 16 12 73 77 40 
18
45 13 10 87 41 96 43 16 60 5 56 37 30 44 15 11 24 27 
11
46 1 7 2 24 78 13 45 60 16 12 
6
46 1 16 43 12 73 
10
46 1 18 31 29 98 2 7 13 20 
13
46 1 25 81 21 5 43 12 69 59 3 2 76 
14
48 41 30 83 2 57 52 49 85 50 23 22 35 100 
5
49 52 57 2 68 
21
49 52 57 2 68 14 64 50 23 30 37 56 63 17 28 54 80 11 87 40 66 
17
50 85 18 1 5 14 68 19 47 93 91 30 44 2 10 65 71 
12
51 40 42 49 85 50 23 30 36 78 24 27 
19
53 5 61 81 25 1 7 13 10 87 11 15 44 2 68 19 17 28 34 
19
54 28 17 94 37 56 5 82 72 80 11 15 44 2 68 14 64 50 85 
19
54 80 11 39 58 5 1 61 81 21 38 2 83 60 16 43 12 90 76 
9
55 8 29 31 18 1 5 40 66 
4
56 37 40 51 
14
57 52 49 85 18 91 93 47 19 68 14 37 56 97 
6
58 5 61 81 11 42 
6
59 3 2 44 30 36 
15
59 3 72 80 11 24 78 13 45 60 83 2 68 19 47 
19
60 45 13 10 87 41 96 43 12 17 63 37 91 30 44 15 11 2 26 
4
61 81 21 99 
4
67 38 2 62 
8
67 38 21 81 25 1 12 32 
10
69 59 3 11 81 25 1 78 36 30 
10
70 69 12 1 8 29 98 22 35 100 
17
70 69 59 3 72 80 11 7 2 76 90 12 16 1 78 24 27 
9
71 65 10 4 2 3 59 69 70 
5
72 82 5 61 79 
11
73 12 1 7 13 45 60 83 2 57 63 
13
73 77 40 5 43 16 12 90 76 2 10 65 71 
6
74 33 1 7 13 20 
9
75 17 19 47 93 91 18 31 92 
17
75 17 94 37 56 63 57 52 49 85 50 64 14 68 19 47 88 
4
78 13 45 60 
7
78 36 30 37 63 17 94 
11
79 61 5 58 39 11 81 25 1 16 12 
11
80 72 3 11 24 2 5 40 51 29 31 
7
80 72 11 39 58 1 98 
4
81 21 38 67 
4
81 61 79 86 
15
82 72 80 54 17 63 57 2 68 14 5 11 42 40 77 
12
83 2 76 90 12 43 16 1 18 85 49 52 
21
83 60 16 12 17 94 37 63 57 52 49 42 11 3 2 44 30 36 78 24 27 
15
84 9 2 7 11 42 28 17 19 68 14 37 56 5 89 
5
84 9 22 35 100 
6
86 79 61 1 33 74 
14
86 79 61 81 21 5 11 15 44 30 83 2 38 67 
8
88 47 93 1 5 82 72 11 
13
92 31 29 98 1 7 13 45 60 83 2 9 84 
15
95 2 63 37 40 77 73 12 43 16 1 7 11 24 27 
12
95 2 76 90 12 17 28 42 11 72 80 54 
15
97 56 63 17 94 37 30 44 15 11 39 58 1 5 89 
13
99 21 81 61 1 78 13 7 11 39 58 5 89 
11
99 21 81 61 5 82 72 80 11 39 58 
10
100 35 22 23 30 41 96 43 16 12 
8
100 35 22 23 30 83 60 45 
