20 29 100
1 2
1 3
1 11
1 13
1 18
2 4
2 14
2 15
2 18
2 20
3 4
3 5
3 7
3 20
4 13
5 6
5 8
5 13
5 18
6 7
6 9
6 12
7 10
8 20
10 14
11 12
13 17
14 16
15 19
8
1 2 4 3 7 10 14 16 
4
1 3 20 8 
9
1 18 5 8 20 3 4 13 17 
6
2 1 18 5 6 9 
5
2 18 1 11 12 
8
2 18 5 6 7 10 14 16 
7
2 18 5 8 20 3 1 
6
3 1 11 12 6 9 
6
3 1 18 5 6 9 
11
3 4 2 1 11 12 6 7 10 14 16 
8
3 4 13 1 18 2 14 16 
8
4 3 7 6 5 13 1 2 
6
4 3 7 6 12 11 
5
4 3 20 8 5 
4
4 13 1 11 
12
4 13 1 18 5 8 20 3 7 10 14 16 
6
5 3 20 2 15 19 
6
5 8 20 2 15 19 
4
5 18 2 20 
7
6 7 3 4 2 20 8 
12
6 7 10 14 2 4 3 20 8 5 13 17 
10
6 12 11 1 3 7 10 14 2 18 
7
7 3 1 2 18 5 8 
4
7 3 5 6 
12
7 6 12 11 1 18 2 20 3 4 13 17 
13
7 10 14 2 18 1 3 20 8 5 6 12 11 
8
8 5 3 1 18 2 14 16 
9
8 5 13 1 3 20 2 15 19 
4
8 5 13 4 
4
8 5 18 1 
5
8 5 18 1 2 
11
8 20 2 4 13 1 3 7 10 14 16 
15
8 20 2 4 13 5 3 1 11 12 6 7 10 14 16 
12
8 20 2 14 10 7 3 4 13 5 6 9 
5
8 20 2 15 19 
6
8 20 2 18 1 3 
11
8 20 3 1 2 4 13 5 6 12 11 
9
8 20 3 5 13 4 2 14 10 
11
8 20 3 7 10 14 2 18 5 13 17 
7
9 6 5 8 20 3 7 
12
9 6 5 13 1 2 14 10 7 3 20 8 
11
9 6 7 10 14 2 1 3 5 8 20 
14
9 6 12 11 1 13 5 3 7 10 14 2 15 19 
12
9 6 12 11 1 13 5 3 7 10 14 16 
4
10 7 3 20 
8
10 7 3 20 2 18 5 8 
6
10 14 2 18 5 13 
14
10 14 2 20 8 5 13 4 3 1 11 12 6 7 
13
11 12 6 7 3 5 18 1 13 4 2 14 16 
6
12 6 7 10 14 16 
11
12 11 1 13 4 2 18 5 3 20 8 
9
12 11 1 13 4 3 5 6 9 
6
13 1 11 12 6 9 
8
13 4 3 5 18 2 20 8 
7
14 10 7 3 5 6 9 
5
16 14 2 4 3 
14
16 14 2 4 3 7 6 12 11 1 18 5 13 17 
5
16 14 2 15 19 
10
16 14 2 18 1 3 20 8 5 13 
11
16 14 2 20 3 1 11 12 6 7 10 
12
16 14 2 20 8 5 18 1 3 4 13 17 
10
16 14 10 7 3 1 2 4 13 17 
12
16 14 10 7 3 4 13 1 11 12 6 9 
8
16 14 10 7 3 5 6 9 
14
16 14 10 7 3 5 6 12 11 1 18 2 15 19 
12
16 14 10 7 3 20 2 1 11 12 6 9 
12
16 14 10 7 6 12 11 1 2 4 13 17 
16
16 14 10 7 6 12 11 1 13 4 3 20 2 18 5 8 
6
17 13 1 2 15 19 
15
17 13 1 11 12 6 5 18 2 4 3 7 10 14 16 
15
17 13 1 11 12 6 7 10 14 2 4 3 5 8 20 
14
17 13 1 11 12 6 7 10 14 2 4 3 20 8 
10
17 13 1 18 5 6 7 10 14 16 
14
17 13 4 2 1 18 5 8 20 3 7 6 12 11 
10
17 13 4 3 5 18 1 2 14 16 
10
17 13 4 3 5 18 1 2 15 19 
14
17 13 4 3 20 2 1 18 5 6 7 10 14 16 
17
17 13 4 3 20 8 5 18 2 1 11 12 6 7 10 14 16 
14
17 13 5 3 1 11 12 6 7 10 14 2 20 8 
8
17 13 5 3 1 18 2 4 
11
17 13 5 6 12 11 1 18 2 20 8 
5
18 1 3 7 10 
9
18 1 11 12 6 5 8 20 3 
13
18 1 11 12 6 5 13 4 3 20 2 15 19 
9
18 1 13 4 3 20 2 14 16 
4
18 2 15 19 
5
18 5 6 12 11 
9
18 5 8 20 3 1 2 15 19 
14
18 5 13 1 11 12 6 7 10 14 2 20 3 4 
10
19 15 2 4 13 1 3 5 8 20 
6
19 15 2 4 13 17 
9
19 15 2 18 1 13 5 6 9 
14
19 15 2 18 5 6 12 11 1 13 4 3 20 8 
6
19 15 2 20 8 5 
12
19 15 2 20 8 5 6 12 11 1 13 17 
10
19 15 2 20 8 5 18 1 13 17 
5
20 3 4 13 1 
6
20 3 4 13 1 11 
10
20 8 5 3 1 13 4 2 15 19 
10
20 8 5 18 2 1 3 7 10 14 
