50 76 100
1 2
1 4
1 6
1 13
1 26
1 33
1 35
1 42
1 49
2 3
2 33
2 46
3 28
3 32
3 34
4 5
4 7
4 8
4 16
4 21
4 22
4 24
4 25
4 32
4 33
4 36
4 40
4 43
4 45
4 48
4 50
5 12
6 10
6 17
6 21
6 29
6 36
6 50
7 18
8 9
8 17
8 25
8 30
8 38
9 11
9 24
10 24
11 14
11 20
11 28
11 36
12 15
13 19
13 23
13 26
13 27
13 39
13 41
16 33
17 25
17 42
18 32
18 37
20 42
21 48
24 47
26 38
27 34
28 31
31 35
32 36
33 45
33 50
34 44
36 38
39 44
8
1 35 31 28 11 9 24 47 
5
2 1 6 10 24 
4
2 1 13 39 
6
2 33 45 4 5 12 
4
3 2 1 35 
14
3 28 31 35 1 26 38 36 4 8 17 42 20 11 
13
3 34 27 13 1 2 33 50 4 32 36 6 29 
5
3 34 27 13 19 
8
4 1 42 17 6 36 32 3 
7
4 25 17 42 1 35 31 
7
4 45 33 2 1 6 29 
4
6 10 24 47 
7
6 21 48 4 5 12 15 
10
7 18 32 4 8 38 26 1 33 16 
6
9 11 20 42 17 25 
5
10 6 17 25 8 
15
10 24 9 8 17 6 50 33 1 42 20 11 28 31 35 
9
11 20 42 17 25 4 5 12 15 
16
11 28 31 35 1 42 17 25 8 4 24 10 6 50 33 16 
17
11 36 38 26 1 33 45 4 48 21 6 10 24 9 8 17 25 
9
13 26 38 36 11 9 8 4 22 
12
14 11 9 8 17 25 4 50 6 10 24 47 
9
14 11 9 8 38 26 1 4 22 
7
14 11 20 42 17 6 29 
11
14 11 20 42 17 25 4 16 33 1 49 
7
14 11 28 31 35 1 49 
8
14 11 36 4 45 33 2 46 
7
15 12 5 4 16 33 45 
15
15 12 5 4 32 3 34 44 39 13 1 42 20 11 14 
7
15 12 5 4 45 33 16 
11
15 12 5 4 48 21 6 36 32 18 37 
7
16 4 33 50 6 36 32 
14
16 4 45 33 50 6 36 11 9 8 25 17 42 1 
9
16 33 45 4 32 3 28 11 14 
12
16 33 50 6 17 8 38 26 13 1 4 43 
4
17 8 4 22 
6
18 7 4 5 12 15 
5
18 32 36 38 8 
8
19 13 1 2 33 4 21 48 
8
19 13 39 44 34 3 2 46 
6
19 13 39 44 34 27 
11
20 42 17 8 9 11 36 4 1 33 45 
5
21 6 1 4 48 
14
21 48 4 24 10 6 36 38 26 1 35 31 28 11 
14
21 48 4 45 33 50 6 10 24 9 8 17 42 1 
5
22 4 5 12 15 
11
23 13 1 4 8 38 36 32 3 34 27 
11
23 13 26 38 8 25 4 33 1 2 46 
6
23 13 39 44 34 27 
12
25 17 6 36 4 32 3 28 31 35 1 49 
11
25 17 8 9 24 10 6 50 33 4 40 
6
26 13 1 6 50 33 
9
27 13 39 44 34 3 28 11 14 
4
28 31 35 1 
10
28 31 35 1 6 21 4 5 12 15 
5
29 6 21 4 48 
6
30 8 17 25 4 22 
11
30 8 17 25 4 48 21 6 10 24 47 
17
30 8 17 42 1 4 16 33 50 6 10 24 9 11 28 31 35 
12
30 8 25 17 6 21 48 4 45 33 1 49 
10
30 8 38 36 6 21 4 50 33 45 
10
31 35 1 4 32 3 34 27 13 23 
6
33 1 26 38 8 30 
15
33 50 6 10 24 9 11 36 38 8 17 25 4 21 48 
4
36 6 17 42 
4
36 11 20 42 
11
36 38 26 13 1 33 2 3 34 44 39 
12
37 18 32 3 28 31 35 1 42 20 11 14 
14
37 18 32 36 11 9 8 17 6 10 24 4 21 48 
4
38 26 13 19 
12
39 13 26 1 42 17 25 8 9 24 4 32 
4
39 13 26 38 
18
39 44 34 27 13 26 38 8 9 24 4 7 18 32 36 6 21 48 
6
40 4 1 13 27 34 
9
40 4 32 3 28 31 35 1 49 
11
41 13 26 1 6 36 11 9 24 4 40 
13
42 17 8 38 36 6 50 33 45 4 32 18 7 
10
43 4 7 18 32 36 38 8 17 25 
8
44 39 13 27 34 3 2 46 
6
45 33 1 6 17 25 
7
45 33 16 4 5 12 15 
5
45 33 50 4 43 
17
46 2 1 33 16 4 24 9 11 28 3 32 36 6 17 42 20 
11
46 2 3 28 31 35 1 4 21 6 10 
6
46 2 3 32 4 22 
5
46 2 33 16 4 
9
47 24 4 7 18 32 3 2 46 
11
47 24 9 8 25 17 6 36 4 33 16 
5
47 24 9 8 30 
13
47 24 9 11 28 31 35 1 42 17 8 4 40 
10
47 24 9 11 36 6 17 25 8 30 
18
47 24 10 6 21 48 4 36 11 28 3 2 1 13 39 44 34 27 
7
48 21 4 8 9 11 14 
16
48 21 6 17 42 20 11 9 24 4 45 33 1 26 13 41 
17
49 1 2 3 34 44 39 13 26 38 36 32 18 7 4 33 45 
13
49 1 33 4 25 8 17 6 36 38 26 13 41 
6
49 1 33 50 6 36 
11
49 1 35 31 28 11 36 38 26 13 41 
10
49 1 42 20 11 28 3 32 4 24 
4
50 33 4 24 
