20 51 150
1 5
1 7
1 8
1 9
1 12
1 14
2 3
2 11
2 17
2 20
3 19
4 6
4 9
4 12
4 14
4 16
5 6
5 9
5 13
5 14
5 17
5 18
5 19
6 13
6 15
6 19
6 20
7 10
7 17
7 18
8 10
8 11
9 10
9 14
9 15
10 15
10 16
10 18
11 13
11 14
11 19
12 14
12 17
12 19
13 19
13 20
14 15
14 17
14 19
17 19
17 20
5
1 7 17 20 2 
5
1 9 5 14 15 
4
1 9 15 14 
8
1 12 14 9 4 6 19 11 
14
1 12 17 2 3 19 14 4 16 10 18 5 13 6 
14
1 12 17 7 18 5 9 14 19 6 15 10 16 4 
5
1 14 9 10 7 
8
1 14 19 5 18 10 15 6 
5
2 11 13 6 19 
4
2 11 14 4 
11
2 17 7 18 5 1 8 10 16 4 12 
6
2 17 20 6 19 5 
8
2 20 6 19 11 14 1 7 
4
2 20 13 5 
12
2 20 13 6 5 1 12 19 11 14 17 7 
12
2 20 13 6 19 11 14 17 7 10 15 9 
13
3 2 17 14 19 5 6 20 13 11 8 1 7 
4
3 2 17 20 
11
3 2 20 6 15 14 19 11 13 5 18 
8
3 2 20 17 19 12 4 9 
12
3 19 6 13 11 2 17 12 1 9 14 5 
6
3 19 12 14 15 10 
5
3 19 12 14 17 
9
3 19 17 14 4 6 13 20 2 
8
4 6 5 9 10 7 1 14 
6
4 6 20 2 17 12 
15
4 6 20 13 5 17 12 19 14 15 10 8 11 2 3 
7
4 9 1 12 14 15 10 
6
4 9 5 13 6 20 
4
4 12 1 7 
6
4 12 1 8 10 16 
4
4 12 19 3 
4
4 12 19 6 
5
4 12 19 11 14 
6
4 14 1 7 17 20 
5
4 14 5 18 10 
6
4 14 12 17 2 3 
11
4 14 15 6 20 17 12 19 13 5 9 
10
4 16 10 9 5 17 14 1 7 18 
9
4 16 10 18 5 19 6 20 13 
6
4 16 10 18 7 1 
7
5 6 4 14 17 19 12 
10
5 9 15 10 7 1 14 12 4 16 
5
5 9 15 14 4 
7
5 14 15 6 13 11 19 
4
5 18 7 10 
9
6 4 16 10 9 1 12 19 3 
4
6 13 20 17 
4
6 15 10 16 
15
6 15 10 16 4 14 5 19 3 2 20 13 11 8 1 
6
6 15 10 18 5 13 
11
6 19 17 7 10 8 1 5 13 11 14 
7
6 20 2 3 19 17 7 
6
6 20 17 19 12 14 
4
7 1 9 15 
6
7 1 12 4 16 10 
7
7 1 14 15 9 10 18 
4
7 10 9 1 
9
7 10 9 1 5 17 14 4 6 
6
7 17 12 4 6 13 
5
7 17 12 4 16 
6
7 17 19 13 6 5 
10
7 18 10 9 14 19 13 11 2 17 
5
8 1 5 18 7 
5
8 1 7 10 16 
5
8 1 9 14 11 
5
8 11 14 9 1 
6
8 11 19 5 13 20 
5
9 1 7 17 20 
9
9 1 14 4 6 5 19 17 20 
4
9 1 14 12 
4
9 5 13 11 
6
9 5 14 19 17 20 
9
9 5 17 20 2 11 8 10 16 
7
9 15 6 13 19 12 4 
4
9 15 10 16 
6
10 9 1 5 14 15 
6
10 9 4 14 11 2 
9
10 15 6 4 12 14 11 13 19 
7
10 18 5 6 13 20 2 
8
11 2 3 19 5 1 9 10 
5
11 2 17 7 1 
8
11 8 10 16 4 6 19 17 
14
11 13 20 2 3 19 5 6 15 9 14 1 12 17 
10
11 14 17 7 10 15 6 5 1 12 
4
12 1 7 17 
10
12 1 7 17 20 6 15 14 5 13 
7
12 4 9 1 8 10 7 
8
12 4 14 9 1 5 13 6 
6
12 4 14 19 5 18 
5
12 14 15 10 16 
11
12 17 7 1 8 11 19 6 15 14 9 
5
12 19 17 7 1 
5
13 5 1 9 15 
8
13 5 14 1 9 15 10 8 
9
14 1 7 18 10 16 4 12 19 
4
14 1 8 10 
7
14 4 6 19 12 1 5 
5
14 4 6 20 2 
7
14 5 17 19 11 2 20 
4
14 9 10 15 
4
14 9 10 16 
14
14 12 4 6 15 9 5 17 19 11 13 20 2 3 
4
14 17 19 5 
8
15 9 1 5 19 11 13 6 
15
15 9 5 18 10 16 4 14 1 7 17 20 13 19 12 
10
15 9 10 7 18 5 19 12 4 14 
9
15 9 10 16 4 6 5 13 11 
6
15 14 1 8 11 13 
5
15 14 1 12 17 
4
16 4 6 5 
14
16 4 6 13 11 19 17 5 14 15 10 9 1 12 
6
16 4 12 17 7 18 
6
16 4 12 19 14 15 
14
16 10 9 4 6 20 13 19 14 11 8 1 12 17 
13
16 10 9 4 6 20 17 19 3 2 11 14 15 
12
16 10 18 5 1 14 12 19 6 13 11 8 
4
17 5 13 6 
6
17 7 10 9 4 16 
11
17 7 10 16 4 9 5 13 6 20 2 
14
17 7 10 16 4 14 15 6 19 12 1 9 5 18 
10
17 7 18 10 8 1 5 13 11 14 
11
17 12 4 14 9 1 5 6 15 10 16 
10
17 12 14 1 9 4 6 19 11 13 
7
17 12 14 15 9 1 8 
16
17 14 15 9 4 12 1 7 10 8 11 19 6 13 5 18 
5
18 5 6 19 12 
4
18 5 17 2 
5
18 7 1 8 10 
6
18 7 10 8 1 5 
12
18 7 10 9 5 6 4 14 17 12 19 11 
16
18 7 10 16 4 6 20 17 12 14 15 9 1 5 19 13 
6
18 10 16 4 12 17 
4
19 5 17 20 
7
19 5 18 7 10 8 1 
4
19 6 5 18 
7
19 6 15 9 1 5 13 
6
19 11 8 10 16 4 
11
19 11 14 15 9 1 5 17 7 18 10 
7
19 17 20 13 5 9 14 
4
20 2 3 19 
11
20 2 3 19 13 6 5 17 7 10 18 
5
20 2 3 19 14 
4
20 2 17 7 
5
20 6 4 12 17 
4
20 6 13 11 
19
20 13 6 4 9 15 10 7 18 5 19 11 8 1 14 12 17 2 3 
7
20 13 6 4 14 1 12 
5
20 13 6 19 3 
7
20 17 2 3 19 13 5 
