20 156 500
1 2
1 4
1 5
1 6
1 7
1 8
1 11
1 13
1 14
1 16
1 18
1 19
1 20
2 3
2 4
2 5
2 6
2 7
2 8
2 9
2 10
2 12
2 13
2 14
2 15
2 16
2 17
2 18
2 19
2 20
3 4
3 5
3 6
3 7
3 8
3 9
3 10
3 11
3 12
3 13
3 14
3 15
3 17
3 19
3 20
4 5
4 6
4 7
4 8
4 10
4 11
4 12
4 13
4 14
4 16
4 17
4 18
4 19
5 6
5 7
5 8
5 9
5 10
5 11
5 12
5 13
5 14
5 15
5 18
5 19
6 7
6 8
6 9
6 10
6 11
6 12
6 13
6 14
6 16
6 17
6 18
6 19
6 20
7 8
7 9
7 10
7 11
7 12
7 13
7 14
7 15
7 16
7 17
7 18
7 19
8 9
8 10
8 12
8 13
8 14
8 15
8 16
8 17
8 18
8 19
8 20
9 10
9 11
9 12
9 13
9 14
9 15
9 16
9 17
9 19
9 20
10 11
10 12
10 13
10 14
10 15
10 18
10 20
11 12
11 13
11 14
11 16
11 17
11 19
11 20
12 13
12 14
12 16
12 17
12 18
12 19
12 20
13 14
13 16
13 17
13 18
14 15
14 16
14 17
14 19
15 16
15 17
15 19
15 20
16 17
16 18
16 19
16 20
17 18
17 19
17 20
4
1 2 3 4 
8
1 2 4 14 17 19 15 5 
7
1 2 14 11 19 7 10 
10
1 2 15 19 3 10 5 8 9 12 
4
1 4 7 16 
7
1 4 11 5 13 7 18 
4
1 6 7 19 
4
1 6 13 10 
16
1 7 6 4 16 14 3 19 17 9 10 5 2 15 8 18 
6
1 7 10 2 20 11 
14
1 7 15 10 5 14 11 17 13 16 8 18 4 19 
7
1 8 3 13 9 10 7 
13
1 13 3 7 8 2 5 11 10 15 19 4 16 
7
1 13 9 14 15 19 11 
7
1 13 16 4 7 15 14 
4
1 13 16 8 
8
1 14 13 18 10 4 8 5 
5
1 16 2 9 15 
8
1 18 2 4 8 19 17 3 
19
1 18 2 19 15 3 10 4 11 13 5 7 6 17 20 16 9 8 14 
5
1 18 4 7 19 
6
1 18 8 13 4 3 
14
1 20 10 8 17 18 5 6 2 16 7 9 11 12 
9
2 1 16 20 3 4 18 6 8 
10
2 1 19 4 11 6 12 10 7 8 
19
2 1 20 8 19 15 16 7 9 11 17 4 12 3 5 6 14 13 10 
5
2 4 12 19 16 
7
2 4 12 20 15 19 17 
5
2 5 3 13 7 
9
2 5 8 12 18 4 6 17 15 
4
2 5 12 14 
11
2 6 3 17 19 15 20 9 10 8 18 
12
2 6 4 13 18 10 3 20 16 12 11 9 
11
2 6 11 7 13 14 3 5 8 1 19 
5
2 6 18 7 8 
4
2 7 15 3 
4
2 9 15 16 
15
2 10 5 13 6 8 7 3 12 11 16 15 19 14 1 
14
2 10 15 8 13 3 17 12 14 1 7 19 11 4 
4
2 10 20 8 
4
2 10 20 12 
5
2 12 4 10 8 
12
2 12 18 1 6 5 11 3 8 20 9 16 
5
2 13 1 20 9 
11
2 13 10 5 19 17 20 12 7 14 3 
6
2 14 5 6 18 13 
5
2 14 6 13 10 
4
2 15 14 11 
6
2 15 17 7 1 14 
4
2 17 4 11 
9
2 20 12 4 10 15 14 9 7 
5
3 2 1 13 4 
8
3 2 6 18 4 14 10 11 
7
3 2 9 10 6 4 16 
4
3 4 13 16 
9
3 4 14 2 13 17 19 5 18 
6
3 4 19 2 16 14 
6
3 5 8 10 9 6 
4
3 5 9 7 
4
3 5 15 17 
5
3 6 1 4 19 
7
3 6 4 18 1 8 19 
5
3 6 13 17 20 
5
3 7 1 8 2 
7
3 7 8 5 6 17 16 
5
3 7 11 5 8 
5
3 7 16 19 12 
18
3 7 17 18 12 5 11 1 14 9 10 6 20 8 16 4 13 2 
5
3 7 18 6 8 
6
3 8 6 11 13 5 
5
3 8 9 14 15 
6
3 9 6 11 4 18 
6
3 9 6 13 2 16 
5
3 9 16 11 6 
9
3 11 9 8 2 15 10 6 16 
5
3 11 16 6 17 
18
3 11 19 12 13 14 8 15 5 6 20 10 9 2 17 7 16 1 
11
3 11 20 1 5 12 2 9 19 6 13 
6
3 12 2 6 7 10 
4
3 12 9 5 
5
3 12 18 7 14 
9
3 13 2 9 11 19 8 6 12 
11
3 13 14 1 16 4 2 5 10 15 7 
4
3 14 7 12 
6
3 14 9 12 20 2 
5
3 15 8 19 4 
9
3 15 9 10 12 14 6 16 8 
16
3 15 14 11 9 6 4 8 16 18 10 12 20 17 19 2 
6
3 19 6 12 13 2 
7
3 19 7 9 11 4 13 
5
3 20 6 9 5 
12
3 20 6 13 1 4 8 14 15 10 12 16 
7
4 1 13 3 9 10 20 
10
4 2 10 11 12 13 7 1 8 18 
5
4 2 17 18 16 
7
4 5 6 18 8 1 19 
5
4 5 11 17 20 
14
4 5 13 14 3 11 20 17 16 9 8 19 7 15 
9
4 6 2 7 5 12 16 17 9 
8
4 6 13 1 2 15 10 18 
4
4 7 12 13 
4
4 7 13 3 
6
4 8 1 16 20 3 
6
4 8 16 20 15 17 
9
4 10 14 13 17 19 12 5 18 
9
4 11 1 7 14 17 19 3 15 
6
4 11 5 7 12 2 
16
4 11 20 9 13 3 14 7 8 6 16 17 19 15 2 5 
14
4 12 11 17 15 8 2 13 5 19 7 16 18 1 
5
4 13 16 9 15 
6
4 14 15 7 5 12 
7
4 17 2 15 20 12 8 
12
4 18 2 16 7 6 9 10 13 12 14 3 
4
4 18 6 5 
6
5 2 18 17 14 10 
13
5 2 20 1 7 11 19 3 8 17 15 14 10 
5
5 3 12 18 6 
14
5 3 19 11 17 2 14 16 1 18 10 20 9 8 
9
5 4 2 15 10 9 14 6 11 
10
5 6 9 2 7 19 17 8 16 20 
5
5 8 2 15 19 
4
5 8 12 2 
7
5 8 12 16 2 19 11 
8
5 9 2 19 6 17 12 18 
4
5 9 12 3 
4
5 9 12 19 
4
5 10 14 19 
5
5 11 4 14 19 
11
5 11 7 10 9 12 8 2 13 14 6 
7
5 12 18 16 9 10 14 
6
5 12 20 2 16 17 
19
5 15 3 17 11 6 19 12 2 10 8 9 16 4 14 1 7 13 18 
5
5 18 4 17 9 
7
5 19 3 9 17 6 20 
5
5 19 9 17 15 
17
6 1 11 19 7 12 4 8 20 3 2 17 13 10 9 14 5 
7
6 1 16 8 3 13 17 
5
6 1 19 7 18 
9
6 3 8 12 4 11 5 15 20 
6
6 3 9 20 12 14 
4
6 4 3 9 
5
6 4 8 16 12 
6
6 5 8 15 17 9 
4
6 5 12 17 
9
6 5 19 11 7 12 20 15 17 
10
6 7 2 9 16 8 10 15 17 18 
4
6 8 12 14 
12
6 8 13 17 12 10 9 16 20 2 18 7 
13
6 8 18 13 2 3 12 17 14 19 15 7 10 
6
6 9 13 14 15 7 
6
6 10 4 18 16 1 
8
6 10 11 14 4 3 19 9 
6
6 10 14 8 3 7 
5
6 10 14 13 11 
10
6 11 9 10 7 18 2 5 12 4 
4
6 11 13 10 
5
6 11 20 3 10 
6
6 14 16 20 12 10 
18
6 16 4 1 20 2 12 19 11 10 14 15 3 17 13 5 7 8 
8
6 16 8 1 5 9 20 12 
10
6 18 8 10 5 2 1 7 17 15 
14
6 19 2 13 1 18 16 4 8 15 20 12 5 7 
7
6 19 3 7 15 14 16 
7
6 19 12 13 5 18 1 
17
6 19 15 3 17 9 5 11 13 8 12 2 1 7 16 14 10 
5
6 20 3 19 8 
11
7 1 6 18 8 15 17 4 19 12 20 
6
7 1 8 13 12 20 
5
7 2 3 17 13 
4
7 2 13 14 
11
7 8 5 19 14 6 11 3 13 16 17 
5
7 8 10 2 13 
4
7 8 16 4 
8
7 8 19 1 6 17 13 11 
8
7 9 14 8 5 11 1 20 
5
7 9 17 4 19 
9
7 9 19 3 6 18 1 16 17 
10
7 10 6 8 16 4 17 12 14 2 
13
7 10 18 13 3 15 17 14 5 6 19 2 20 
10
7 11 19 8 5 2 17 16 18 10 
7
7 12 18 2 5 14 8 
6
7 13 4 12 5 15 
6
7 14 4 10 5 13 
7
7 14 8 16 9 19 17 
4
7 15 19 12 
8
7 15 20 8 9 16 1 11 
8
7 17 2 10 20 11 12 13 
8
7 19 5 3 9 2 10 14 
4
8 1 6 10 
4
8 1 7 19 
6
8 1 18 13 3 19 
4
8 1 20 16 
4
8 2 20 6 
13
8 3 2 9 10 6 7 12 20 17 4 1 5 
14
8 3 15 2 10 7 5 12 9 11 6 1 18 4 
5
8 3 15 9 2 
5
8 5 7 2 1 
6
8 5 10 2 18 12 
14
8 5 15 16 4 7 9 14 12 3 11 17 18 6 
8
8 6 7 12 4 17 2 16 
13
8 9 2 18 16 17 15 20 10 11 5 4 6 
16
8 9 5 18 1 11 6 16 4 13 10 20 2 7 19 14 
9
8 10 2 1 16 6 5 3 7 
9
8 12 14 13 9 20 2 6 4 
4
8 13 1 7 
4
8 13 4 16 
8
8 13 6 2 17 3 7 16 
9
8 13 16 17 12 9 10 14 4 
8
8 14 7 16 15 3 20 12 
11
8 14 16 9 13 17 12 5 10 18 1 
4
8 15 14 17 
9
8 18 6 1 5 7 2 4 14 
5
8 19 6 18 17 
8
9 2 4 10 14 7 17 3 
6
9 3 7 11 19 4 
15
9 5 2 19 3 11 12 20 10 6 16 13 7 14 1 
4
9 5 18 4 
6
9 7 1 4 18 16 
6
9 7 12 18 1 6 
6
9 7 15 2 13 17 
7
9 8 2 3 4 13 14 
9
9 8 3 5 11 14 2 7 19 
11
9 8 12 13 1 20 3 14 19 5 18 
14
9 8 18 6 1 14 11 7 3 20 12 19 16 17 
12
9 10 6 5 8 13 17 2 14 3 15 19 
17
9 10 15 8 12 11 4 17 18 5 7 2 6 3 14 16 13 
7
9 10 20 16 1 14 13 
15
9 11 20 6 8 1 18 17 14 2 4 7 12 3 10 
5
9 12 18 4 11 
11
9 13 2 8 14 19 11 10 18 16 6 
9
9 13 6 1 16 17 14 11 3 
6
9 14 2 5 6 7 
19
9 14 5 7 17 19 4 6 20 8 15 2 10 11 13 16 18 12 3 
11
9 15 7 10 18 13 8 2 14 17 20 
10
9 16 11 4 5 1 8 20 10 2 
8
9 19 16 1 5 2 7 15 
6
9 20 2 3 11 5 
4
9 20 8 15 
9
10 3 7 11 9 6 12 4 18 
15
10 3 12 6 2 5 13 7 14 1 20 8 19 17 15 
5
10 4 14 17 16 
5
10 5 8 17 4 
20
10 7 8 5 18 12 3 19 6 20 1 14 2 15 17 16 11 9 13 4 
10
10 7 13 4 12 8 19 3 2 9 
6
10 8 5 7 15 16 
6
10 8 14 19 4 6 
6
10 9 8 18 5 1 
12
10 9 13 14 12 18 16 6 20 1 8 7 
5
10 12 9 15 20 
9
10 12 11 3 14 8 20 6 17 
13
10 12 16 8 2 17 13 4 5 15 20 9 14 
9
10 13 16 6 19 1 20 12 7 
5
10 13 17 2 5 
9
10 14 15 5 8 1 11 12 19 
5
10 15 9 20 11 
5
10 15 14 17 13 
5
10 15 17 20 3 
6
10 15 20 9 8 3 
7
10 18 5 4 1 20 3 
17
10 18 8 9 3 13 7 19 14 17 11 6 2 1 5 4 12 
7
10 20 3 2 12 7 19 
6
11 1 16 17 15 19 
5
11 1 18 16 12 
4
11 3 12 5 
11
11 6 5 2 8 14 9 16 17 12 7 
16
11 6 14 19 9 13 8 20 3 5 15 10 12 17 16 7 
4
11 6 18 2 
5
11 6 18 10 20 
7
11 9 3 4 14 7 10 
8
11 9 15 2 14 17 4 10 
8
11 9 16 2 3 13 17 4 
5
11 9 16 12 2 
15
11 10 15 3 8 7 6 19 2 16 14 4 5 9 13 
10
11 12 9 16 13 3 8 15 20 2 
18
11 12 14 7 13 10 2 5 6 18 8 9 16 15 3 17 20 1 
9
11 14 17 9 15 19 6 16 1 
4
11 16 6 10 
6
11 16 12 13 10 14 
11
11 16 12 14 17 7 10 8 19 6 3 
7
11 16 18 17 14 3 20 
4
11 17 2 7 
19
11 19 1 14 3 17 18 5 10 7 13 4 6 2 20 9 12 16 15 
5
11 20 17 4 8 
13
12 2 18 13 11 1 5 9 6 7 8 17 20 
7
12 2 19 6 9 5 3 
6
12 2 20 16 17 18 
7
12 3 5 10 8 19 15 
6
12 4 16 1 5 2 
4
12 5 2 7 
4
12 5 6 19 
6
12 5 11 19 9 17 
9
12 6 1 20 10 11 5 18 7 
6
12 7 19 14 9 20 
6
12 8 10 7 4 11 
11
12 9 5 19 2 10 14 6 16 20 1 
4
12 9 14 17 
5
12 9 16 17 18 
4
12 9 20 1 
4
12 10 3 5 
5
12 10 14 2 15 
9
12 13 1 16 8 19 15 14 7 
11
12 17 11 4 6 20 2 9 8 5 7 
4
12 17 15 19 
6
12 17 19 16 18 8 
20
12 18 1 7 3 10 20 11 13 9 8 4 19 14 6 5 15 17 16 2 
15
12 18 5 19 6 20 3 4 14 8 10 7 17 9 15 
4
12 19 1 5 
4
12 19 8 18 
4
12 19 14 15 
13
12 20 1 19 17 8 18 6 9 2 15 5 11 
7
12 20 3 15 7 17 14 
9
12 20 8 10 6 16 11 13 4 
7
13 1 2 14 16 18 8 
13
13 1 14 17 8 12 6 2 16 4 7 3 5 
8
13 3 2 19 17 8 15 16 
5
13 3 6 10 14 
5
13 4 10 15 9 
5
13 6 17 2 1 
14
13 7 4 17 8 18 2 3 20 1 5 14 6 10 
4
13 9 15 14 
9
13 10 2 7 3 12 8 6 20 
4
13 10 11 17 
10
13 11 12 10 6 14 1 8 9 3 
4
13 11 16 18 
9
13 12 16 7 18 2 5 9 6 
10
13 14 7 2 6 16 17 11 4 12 
5
13 14 10 18 2 
7
13 14 12 16 7 6 20 
20
13 14 15 17 2 9 10 11 3 4 8 16 7 12 20 6 18 5 1 19 
4
13 16 17 18 
5
13 16 18 10 4 
10
13 17 6 12 9 15 14 4 7 18 
5
13 17 7 10 11 
8
13 17 12 4 19 6 14 1 
5
13 17 16 2 5 
9
13 17 20 12 7 2 6 4 11 
10
13 18 17 2 1 6 3 5 11 16 
10
14 2 4 3 10 12 19 16 11 7 
4
14 2 15 3 
5
14 3 5 9 15 
5
14 3 10 6 4 
5
14 3 12 9 11 
4
14 4 8 6 
6
14 4 11 1 2 20 
4
14 4 12 7 
4
14 4 13 16 
5
14 6 13 1 8 
6
14 7 19 6 11 13 
6
14 9 12 19 17 3 
5
14 9 20 12 5 
10
14 16 12 4 11 10 15 2 18 17 
7
14 17 4 12 5 7 1 
11
14 19 9 17 18 12 10 4 11 16 7 
7
15 2 6 13 16 20 12 
6
15 2 14 17 20 11 
10
15 2 17 8 6 4 10 7 5 1 
20
15 3 7 10 13 8 5 19 14 1 18 2 9 11 20 16 17 12 4 6 
7
15 3 17 16 8 9 5 
4
15 3 20 12 
5
15 5 2 19 4 
7
15 5 9 20 11 14 3 
4
15 9 8 13 
5
15 9 13 17 18 
6
15 10 4 6 14 2 
6
15 10 14 17 20 8 
20
15 14 1 11 19 7 10 6 17 4 3 9 20 2 8 16 18 13 12 5 
9
15 14 9 19 3 11 13 12 8 
5
15 16 11 3 20 
6
15 17 6 4 18 16 
19
15 17 20 11 12 18 5 3 7 6 19 9 10 8 1 14 2 4 13 
20
15 19 11 6 3 14 16 18 4 2 5 10 12 17 20 1 7 9 8 13 
7
15 20 16 17 18 10 3 
7
15 20 17 19 2 6 3 
7
16 1 4 6 20 17 9 
4
16 1 6 13 
12
16 1 13 14 2 4 6 12 18 7 15 8 
8
16 4 2 14 11 19 17 3 
5
16 4 7 13 11 
7
16 4 11 12 18 17 14 
4
16 6 9 5 
9
16 6 9 7 11 17 13 8 4 
8
16 6 10 4 5 8 9 19 
4
16 6 12 9 
10
16 7 6 1 13 8 20 17 2 15 
4
16 7 11 12 
8
16 7 18 4 10 11 1 19 
6
16 8 14 10 20 6 
8
16 9 3 8 14 5 6 1 
10
16 9 17 12 18 2 3 15 10 11 
4
16 13 3 6 
7
16 18 8 1 5 9 6 
20
16 18 10 7 6 4 17 20 3 2 9 8 14 15 5 13 1 11 19 12 
5
16 20 10 8 15 
9
16 20 15 3 5 18 12 8 13 
4
17 2 3 9 
10
17 2 6 3 10 13 7 11 20 15 
5
17 2 7 16 12 
13
17 6 19 16 1 18 12 14 15 8 20 10 2 
6
17 7 8 13 4 11 
7
17 7 12 13 9 10 8 
4
17 9 8 10 
5
17 9 10 14 6 
7
17 11 6 18 5 8 1 
11
17 11 7 1 4 10 3 19 8 18 16 
6
17 12 4 11 16 20 
7
17 13 8 20 16 19 3 
6
17 13 10 9 16 11 
7
17 14 3 5 9 10 18 
5
17 16 11 12 18 
9
17 16 15 14 12 7 10 9 20 
4
17 18 1 14 
4
17 18 4 10 
4
17 19 14 11 
6
17 20 15 8 4 14 
11
18 1 14 6 9 20 17 15 16 8 12 
10
18 1 20 2 17 6 9 12 8 7 
8
18 2 5 13 4 3 17 12 
4
18 2 16 11 
14
18 4 10 9 8 16 7 1 20 12 3 5 19 17 
4
18 4 13 7 
6
18 4 13 11 16 2 
4
18 4 14 7 
8
18 4 16 8 12 13 6 9 
6
18 4 16 9 5 14 
8
18 5 3 15 20 9 8 19 
6
18 5 11 19 3 20 
8
18 5 12 16 8 3 14 10 
11
18 5 19 17 11 1 7 9 14 10 3 
16
18 6 3 12 10 7 17 15 16 19 5 14 1 13 4 8 
9
18 7 11 6 1 13 2 15 3 
4
18 7 11 14 
10
18 8 3 14 2 17 20 16 13 12 
7
18 8 12 5 6 11 20 
10
18 10 2 8 12 7 6 20 17 14 
14
18 10 7 4 19 11 6 5 2 13 8 16 12 17 
8
18 10 7 8 13 17 9 11 
4
18 10 14 9 
20
18 12 13 5 7 2 9 16 1 11 20 17 19 6 3 14 4 10 15 8 
11
18 12 16 1 14 8 19 15 2 6 9 
20
18 13 3 5 4 7 14 1 2 15 17 11 12 20 10 9 8 19 16 6 
7
18 13 17 14 19 6 20 
9
18 16 1 5 10 13 4 17 3 
16
18 16 1 7 8 13 10 20 6 12 19 17 14 4 3 9 
20
18 17 15 2 1 7 13 5 3 20 9 10 14 11 6 8 16 12 19 4 
8
19 1 2 9 12 11 5 6 
5
19 1 5 12 8 
6
19 1 16 18 6 9 
5
19 2 4 17 20 
5
19 3 8 9 10 
9
19 3 17 4 5 15 14 12 11 
10
19 4 3 12 5 2 17 18 16 14 
6
19 4 13 17 11 16 
4
19 4 18 1 
9
19 5 14 11 16 6 18 10 20 
4
19 5 18 10 
15
19 6 10 20 15 7 3 12 18 16 9 14 1 8 13 
4
19 6 11 20 
20
19 7 1 18 12 5 3 8 15 2 14 17 6 13 16 4 10 11 9 20 
12
19 7 3 15 16 17 4 10 9 2 8 5 
5
19 7 10 14 15 
4
19 8 10 2 
7
19 11 14 6 10 8 9 
9
19 14 3 7 5 9 11 6 2 
8
19 14 4 3 8 9 16 15 
9
19 15 8 9 10 20 3 13 2 
5
19 16 15 10 14 
7
20 1 5 6 11 13 14 
6
20 2 4 5 15 7 
15
20 2 9 16 13 8 3 5 11 19 6 12 4 17 18 
7
20 2 17 3 4 6 9 
11
20 3 10 5 9 12 7 6 2 16 13 
5
20 3 14 19 7 
15
20 6 1 5 10 18 2 19 14 4 3 13 9 16 8 
5
20 6 7 18 12 
14
20 6 12 16 1 11 4 10 15 7 2 8 18 13 
6
20 8 1 19 17 7 
5
20 8 3 13 10 
20
20 8 4 6 1 14 12 19 7 17 2 10 18 16 11 13 5 9 3 15 
20
20 8 9 3 15 5 6 16 18 4 1 19 11 14 2 13 12 10 7 17 
5
20 8 12 11 6 
4
20 9 10 15 
4
20 10 11 14 
12
20 10 13 1 5 8 9 15 19 12 7 16 
13
20 11 1 19 16 13 14 15 10 6 2 8 12 
6
20 11 7 16 13 18 
4
20 11 13 10 
7
20 11 16 7 9 3 10 
6
20 12 3 8 16 7 
15
20 12 6 14 8 9 19 2 18 7 4 10 11 5 1 
12
20 12 8 16 6 1 11 3 14 10 15 2 
8
20 12 13 16 18 6 1 19 
4
20 12 14 16 
6
20 15 2 4 19 16 
7
20 15 3 12 7 18 13 
20
20 15 17 4 1 2 16 11 5 6 3 14 8 12 13 18 7 19 9 10 
9
20 16 2 3 10 14 13 8 7 
5
20 16 2 4 14 
16
20 16 14 1 7 15 9 10 5 3 12 8 6 17 2 19 
5
20 16 19 7 14 
9
20 17 18 7 13 10 4 5 1 
