30 224 150
1 2
1 3
1 5
1 6
1 7
1 8
1 10
1 13
1 15
1 19
1 21
1 24
1 25
1 26
1 27
1 29
1 30
2 3
2 5
2 11
2 12
2 13
2 14
2 15
2 16
2 18
2 23
2 24
2 26
2 27
2 28
3 4
3 6
3 7
3 11
3 16
3 18
3 19
3 20
3 21
3 23
3 26
3 27
3 28
3 29
4 5
4 7
4 8
4 9
4 21
4 23
4 24
4 27
4 28
5 7
5 10
5 11
5 13
5 14
5 15
5 17
5 18
5 19
5 20
5 22
5 23
5 24
5 25
5 28
6 7
6 11
6 12
6 14
6 16
6 17
6 20
6 23
6 24
6 25
6 28
6 29
6 30
7 10
7 12
7 15
7 17
7 20
7 22
7 24
7 25
7 26
7 27
7 30
8 11
8 14
8 15
8 17
8 20
8 21
8 23
8 24
8 26
8 28
8 29
9 11
9 14
9 16
9 17
9 18
9 22
9 24
9 28
9 29
10 13
10 15
10 17
10 18
10 21
10 23
10 24
10 26
10 30
11 12
11 13
11 14
11 15
11 18
11 19
11 20
11 21
11 23
11 24
11 25
11 27
11 28
12 13
12 15
12 17
12 19
12 20
12 22
12 25
12 27
12 30
13 14
13 16
13 18
13 23
13 25
13 29
14 15
14 16
14 18
14 19
14 23
14 24
14 27
14 28
14 29
14 30
15 16
15 17
15 18
15 19
15 21
15 22
15 23
15 24
15 26
15 29
16 18
16 24
16 27
16 28
16 29
17 18
17 19
17 20
17 21
17 24
17 26
17 27
17 28
17 29
18 20
18 21
18 23
18 28
18 29
18 30
19 21
19 23
19 24
19 25
19 26
19 27
19 29
20 23
20 24
20 27
20 29
20 30
21 22
21 23
21 25
21 26
21 28
22 25
22 27
22 29
22 30
23 24
23 25
23 28
24 28
25 26
25 28
26 28
26 29
26 30
27 28
27 29
27 30
28 30
4
1 2 11 27 
7
1 3 21 23 18 29 9 
5
1 5 4 7 22 
8
1 6 20 23 24 5 13 25 
6
1 7 17 8 24 10 
5
1 7 27 22 30 
5
1 19 26 25 21 
14
1 24 15 17 12 2 23 14 5 11 20 3 29 13 
10
2 5 14 27 29 9 22 25 21 26 
16
2 11 24 4 3 16 9 28 21 23 6 30 12 7 10 26 
4
2 15 11 21 
13
2 16 6 23 5 11 21 1 8 28 26 17 24 
7
2 16 15 29 8 20 11 
10
2 23 15 11 18 28 21 8 24 4 
4
2 24 6 25 
4
2 26 10 21 
5
2 27 19 21 26 
10
3 7 5 22 29 19 24 4 28 16 
9
3 26 30 18 15 19 1 7 4 
8
4 3 27 1 6 11 13 29 
4
4 5 28 6 
5
4 9 14 16 15 
30
4 21 8 23 2 26 29 15 19 11 5 17 6 3 28 30 14 18 10 1 7 27 16 13 25 12 20 24 9 22 
12
4 21 11 13 12 27 1 15 14 19 5 18 
8
4 23 24 2 15 22 9 11 
4
4 27 28 18 
5
5 1 2 26 29 
4
5 1 21 4 
7
5 7 27 3 16 24 28 
5
5 13 25 1 30 
8
5 14 11 3 18 23 2 1 
5
5 15 22 27 19 
4
5 17 19 29 
6
5 17 24 15 21 28 
7
5 20 23 15 18 14 29 
5
5 24 2 27 19 
5
6 1 3 20 29 
4
6 7 25 1 
4
6 17 10 24 
5
6 23 18 16 29 
14
6 28 27 16 3 29 14 9 17 24 10 15 5 1 
14
7 5 24 19 1 26 10 21 22 29 27 2 18 3 
11
7 10 15 8 14 24 16 9 22 30 28 
5
7 15 23 14 16 
5
7 20 23 11 3 
10
7 27 4 9 29 19 12 11 25 22 
5
8 1 26 21 28 
4
8 11 12 20 
9
8 17 20 5 14 13 29 19 26 
4
9 14 6 29 
5
9 16 29 13 5 
4
9 17 21 18 
4
10 5 14 30 
5
10 18 9 24 5 
5
10 18 16 24 14 
18
10 21 19 3 16 6 17 27 12 15 23 18 30 22 9 29 20 24 
18
10 26 8 20 3 4 28 27 1 15 5 24 17 21 22 9 11 14 
23
10 30 20 23 6 28 4 24 19 29 15 26 7 27 16 18 5 13 1 3 2 14 8 
7
11 6 17 15 24 28 4 
16
11 6 24 10 21 8 28 18 20 30 1 15 26 2 14 27 
8
11 18 17 12 27 16 6 23 
8
11 25 21 18 16 14 30 27 
4
12 2 15 22 
12
12 6 29 17 27 1 3 20 30 14 15 19 
6
12 25 1 5 13 10 
18
13 2 12 17 20 24 6 14 29 8 11 21 19 25 5 7 3 26 
8
13 5 10 30 20 11 28 2 
8
13 5 11 27 28 25 12 7 
20
13 16 9 24 4 27 2 18 3 7 17 19 29 14 15 10 30 1 5 25 
11
13 25 7 1 2 12 17 19 26 30 20 
12
14 5 7 24 11 27 3 26 21 23 25 13 
4
14 8 4 21 
5
14 8 29 6 28 
5
14 18 20 11 13 
5
15 10 18 3 19 
5
15 16 18 14 8 
7
15 18 28 16 3 7 25 
5
16 2 14 5 13 
6
16 3 26 30 20 11 
6
16 3 28 5 14 15 
11
16 15 8 20 17 29 22 30 1 19 12 
9
16 15 24 2 23 14 5 25 6 
26
16 27 2 26 8 24 17 12 20 7 10 1 19 5 22 25 13 14 18 28 30 6 11 15 21 23 
4
16 27 28 17 
7
17 5 2 24 4 8 26 
5
17 8 15 23 28 
21
17 9 16 15 8 21 23 2 14 6 3 26 1 27 29 18 11 20 7 12 25 
14
17 15 14 24 2 1 19 27 11 20 23 13 29 9 
4
17 19 23 15 
11
17 20 23 25 6 11 24 1 26 2 15 
4
17 20 23 28 
4
17 21 22 9 
4
17 24 15 29 
13
17 29 22 21 10 23 18 30 20 3 19 25 26 
18
18 2 3 27 20 6 24 16 13 14 30 1 29 19 23 25 26 21 
8
18 3 7 6 28 14 23 19 
4
18 9 11 8 
9
18 9 14 15 16 27 11 28 4 
9
18 9 14 28 11 13 1 10 21 
5
18 11 5 24 15 
6
18 16 13 1 8 29 
6
18 21 15 29 13 25 
5
19 5 13 16 15 
4
19 14 23 11 
6
19 29 22 27 20 12 
4
20 3 1 30 
4
20 6 11 25 
4
20 8 23 4 
4
20 11 18 10 
8
20 11 21 15 16 28 25 13 
6
20 11 21 22 27 19 
8
20 12 17 5 15 1 2 28 
18
20 17 8 15 16 28 18 14 5 19 24 7 30 26 25 11 27 3 
5
20 27 28 4 9 
6
20 29 18 28 3 23 
6
21 10 15 5 7 3 
5
21 18 10 23 20 
16
21 23 6 24 11 2 13 25 5 4 3 19 15 18 20 27 
8
22 12 30 10 24 7 4 28 
10
22 15 16 24 20 6 14 30 27 11 
5
22 21 26 1 24 
24
22 29 14 27 12 25 1 19 15 5 4 21 3 28 9 16 13 18 11 23 8 26 30 7 
4
24 11 20 29 
5
24 20 27 14 16 
8
25 19 3 18 17 24 23 8 
6
25 22 15 8 24 16 
4
25 22 30 6 
4
25 23 2 24 
4
25 26 29 13 
6
26 1 15 11 9 29 
5
26 3 6 1 2 
4
26 8 29 27 
6
26 10 24 23 14 13 
12
26 30 7 10 5 1 24 19 23 13 16 6 
11
27 1 25 21 11 28 30 6 17 5 2 
16
27 3 29 16 9 24 1 5 14 2 15 10 17 18 23 11 
4
27 7 10 26 
10
27 29 15 17 6 20 18 14 8 24 
8
28 8 24 6 17 26 25 21 
4
28 16 14 27 
6
28 21 4 23 18 10 
4
28 25 26 3 
6
29 9 24 8 15 10 
5
29 14 18 23 11 
10
29 14 28 25 21 22 9 16 24 17 
9
29 20 6 12 7 24 4 3 23 
16
29 22 9 28 14 8 15 19 24 17 21 1 30 27 2 12 
9
29 26 3 11 19 24 6 14 5 
6
29 27 30 28 21 11 
10
30 27 22 25 19 12 13 11 2 16 
