20 137 200
1 3
1 4
1 5
1 6
1 7
1 8
1 9
1 10
1 11
1 14
1 15
1 17
1 18
1 20
2 3
2 5
2 6
2 8
2 9
2 10
2 11
2 12
2 13
2 14
2 16
2 17
2 18
2 19
3 4
3 5
3 6
3 7
3 9
3 10
3 11
3 13
3 14
3 15
3 16
3 18
3 19
3 20
4 6
4 7
4 8
4 10
4 11
4 12
4 13
4 14
4 15
4 16
4 17
5 6
5 7
5 10
5 11
5 13
5 14
5 15
5 17
5 20
6 8
6 9
6 10
6 11
6 14
6 16
6 17
6 18
6 19
6 20
7 8
7 9
7 11
7 14
7 15
7 16
7 17
7 18
7 19
7 20
8 9
8 10
8 11
8 12
8 13
8 14
8 15
8 17
8 18
9 12
9 13
9 15
9 19
9 20
10 12
10 13
10 17
10 19
11 12
11 13
11 14
11 15
11 16
11 17
11 18
11 19
11 20
12 13
12 15
12 16
12 17
12 18
12 19
13 14
13 15
13 16
13 17
13 18
13 19
14 16
14 17
14 19
14 20
15 16
15 17
15 19
15 20
16 17
16 18
16 19
16 20
17 18
17 19
18 20
19 20
11
1 4 7 16 17 11 8 13 5 2 9 
20
1 4 11 20 18 12 2 3 5 15 13 17 14 6 16 19 7 9 8 10 
12
1 7 4 8 9 15 5 11 6 3 20 19 
7
1 7 16 6 19 10 4 
9
1 8 4 12 11 5 7 16 15 
7
1 9 3 7 20 11 14 
5
1 9 12 17 18 
6
1 10 12 2 8 7 
4
1 10 13 4 
7
1 10 17 5 15 19 11 
9
1 10 17 13 19 7 15 12 18 
4
1 14 17 19 
20
1 18 11 3 2 9 7 19 20 16 6 14 8 12 15 13 5 17 10 4 
4
1 20 3 19 
11
2 8 11 18 7 20 19 13 17 12 15 
7
2 10 5 7 3 14 17 
4
2 11 1 9 
5
2 17 1 20 18 
4
2 19 11 1 
8
3 2 14 6 11 8 15 17 
8
3 4 7 17 16 19 13 11 
6
3 5 11 1 6 10 
7
3 9 6 17 14 19 7 
7
3 9 13 14 17 10 2 
6
3 10 6 14 8 9 
10
3 10 13 16 15 20 5 2 6 1 
15
3 13 18 20 11 8 15 16 2 19 7 17 4 6 1 
8
3 14 1 4 10 2 11 17 
19
4 1 10 8 18 3 16 11 5 20 15 12 9 6 2 13 19 17 7 
8
4 3 10 2 8 18 20 19 
4
4 7 8 1 
11
4 10 2 16 12 8 11 6 3 20 15 
11
4 12 8 18 3 11 17 6 16 13 5 
6
4 13 3 6 5 11 
10
4 14 1 6 17 11 5 3 19 2 
8
4 15 9 7 1 10 19 6 
7
4 17 11 12 10 3 13 
8
4 17 14 2 3 18 16 6 
5
5 2 16 13 11 
4
5 3 6 2 
4
5 3 9 2 
8
5 3 11 1 8 10 6 18 
4
5 6 20 11 
7
5 7 9 13 2 6 18 
11
5 14 11 13 3 6 2 9 19 16 18 
12
5 17 16 20 1 18 2 9 15 19 11 14 
4
6 1 3 20 
4
6 1 10 12 
7
6 3 13 18 20 15 17 
7
6 4 7 15 19 16 17 
7
6 4 14 11 12 19 7 
6
6 8 10 3 18 17 
7
6 9 2 3 13 17 19 
6
6 9 12 17 7 3 
8
7 1 15 11 20 3 18 16 
19
7 1 18 17 6 10 8 4 13 12 2 9 3 11 5 20 14 19 16 
9
7 4 1 10 13 9 20 16 17 
5
7 4 15 16 18 
8
7 11 14 8 9 3 13 17 
10
7 14 8 17 6 9 15 19 16 2 
4
7 14 11 16 
20
7 15 9 8 6 5 13 11 16 3 20 14 2 18 17 1 4 12 19 10 
16
7 15 16 19 12 18 17 1 6 3 14 20 11 13 10 5 
7
7 16 3 4 12 15 5 
17
7 18 16 20 14 4 17 2 19 3 15 9 1 11 13 8 6 
11
8 1 11 4 16 20 7 5 14 19 17 
10
8 1 11 19 14 17 18 12 2 6 
5
8 2 6 16 4 
15
8 6 18 11 17 2 10 3 4 15 1 9 7 20 16 
6
8 9 1 4 7 11 
5
8 9 20 14 7 
4
8 10 6 1 
5
8 12 15 16 20 
4
8 13 4 7 
15
8 15 4 16 12 11 3 14 20 9 19 13 2 6 1 
16
9 7 1 4 17 2 6 20 19 11 12 18 3 13 5 10 
11
9 7 18 1 4 12 13 8 15 20 19 
20
9 7 18 12 17 10 1 11 4 16 6 14 19 3 2 8 13 5 15 20 
18
9 8 12 4 7 3 18 2 19 6 17 11 5 13 15 20 1 10 
19
9 12 16 2 19 3 5 13 14 8 17 4 1 15 7 18 6 11 20 
17
9 15 12 16 18 7 1 20 3 11 17 6 4 10 19 14 2 
11
9 20 5 6 11 16 4 14 17 1 10 
5
10 1 6 9 8 
14
10 1 9 3 14 17 19 13 5 20 16 7 18 8 
8
10 4 3 11 17 7 8 14 
5
10 4 6 3 15 
5
10 5 1 3 4 
5
10 6 17 4 16 
11
10 6 17 16 2 11 8 9 19 3 15 
5
10 17 4 14 13 
6
10 17 13 8 12 2 
5
10 19 13 16 15 
10
10 19 16 17 11 15 5 13 4 6 
13
11 1 18 8 13 14 19 20 3 2 9 6 4 
4
11 2 17 16 
5
11 2 17 16 12 
4
11 6 17 12 
5
11 7 1 5 13 
6
11 8 1 15 19 12 
15
11 8 4 16 3 5 2 6 1 10 12 9 13 19 14 
4
11 8 7 14 
10
11 8 12 10 3 5 15 17 13 19 
15
11 13 4 6 5 14 17 1 3 7 15 20 18 2 9 
6
11 15 5 20 19 3 
4
11 17 7 19 
9
12 4 16 7 1 6 9 19 3 
12
12 8 11 6 9 7 19 10 1 4 13 5 
6
12 9 1 18 8 4 
7
12 9 8 17 5 15 13 
10
12 9 19 7 8 2 11 5 10 17 
18
12 10 2 14 7 20 15 19 3 1 17 16 11 5 13 4 6 8 
7
12 10 17 6 8 1 20 
8
12 13 18 16 6 11 20 7 
8
12 13 18 16 19 20 3 5 
16
13 3 2 9 1 14 4 7 18 6 5 11 16 19 12 15 
7
13 4 7 14 1 11 8 
14
13 5 14 16 3 1 20 11 7 8 9 6 10 4 
10
13 5 14 20 18 11 1 17 7 9 
13
13 10 2 8 18 6 4 14 20 15 1 9 3 
7
13 11 16 20 6 8 10 
6
13 14 2 6 20 15 
5
13 14 6 8 7 
9
13 15 5 14 17 16 18 6 4 
13
13 16 4 7 14 17 11 2 12 9 3 10 6 
8
13 17 1 6 2 12 10 4 
12
13 17 5 7 9 2 10 19 6 8 12 15 
7
13 18 11 14 3 5 15 
12
14 1 3 18 17 13 2 16 12 9 19 6 
6
14 1 5 6 2 11 
6
14 1 5 11 4 13 
4
14 1 18 8 
6
14 2 12 17 16 20 
10
14 2 18 11 19 9 8 15 3 1 
19
14 5 10 2 12 8 1 18 11 13 16 6 17 19 3 7 9 15 4 
19
14 5 13 10 12 16 17 18 2 6 8 4 3 11 1 15 9 20 7 
6
14 8 4 17 5 15 
11
14 8 6 18 12 17 19 9 2 13 4 
10
14 13 19 2 17 7 20 11 18 16 
19
14 20 18 16 15 5 13 11 1 10 6 19 12 8 7 17 2 9 3 
7
15 3 14 13 18 2 6 
9
15 4 17 10 3 1 5 6 2 
4
15 5 1 3 
5
15 8 10 3 5 
8
15 12 9 13 17 16 19 7 
20
15 16 17 14 2 19 13 5 10 8 18 20 7 3 4 6 11 12 9 1 
10
16 2 5 7 4 15 8 12 18 3 
15
16 3 7 8 15 13 18 2 5 20 1 14 19 17 11 
4
16 3 10 6 
10
16 6 10 3 4 13 8 17 7 20 
6
16 7 3 11 8 9 
14
16 7 19 2 14 20 3 9 15 12 13 5 6 17 
12
16 12 2 17 1 18 7 11 4 10 19 15 
11
16 12 10 1 11 20 14 3 18 8 2 
14
16 12 10 5 13 4 17 2 14 8 7 9 15 19 
8
16 13 2 11 6 4 10 8 
15
16 17 8 4 15 12 9 19 20 11 2 10 3 18 1 
7
16 20 3 10 6 4 12 
13
16 20 7 1 4 13 17 18 11 15 5 10 12 
14
17 4 15 20 1 8 10 5 14 13 3 19 9 7 
4
17 5 2 12 
10
17 6 8 18 13 11 2 5 14 7 
10
17 7 1 6 14 20 9 13 8 10 
6
17 7 9 1 5 14 
7
17 10 5 1 11 2 9 
8
17 11 7 1 15 5 10 19 
7
17 12 9 8 13 15 4 
6
17 12 13 3 1 9 
4
17 16 19 2 
11
17 18 1 10 12 19 6 8 13 16 11 
8
17 18 11 4 6 19 2 16 
10
17 18 16 15 5 1 11 12 13 10 
7
18 1 11 12 2 17 19 
6
18 1 17 16 15 11 
4
18 2 8 14 
4
18 7 1 3 
6
18 8 7 20 9 13 
5
18 11 17 6 14 
9
18 11 17 7 14 13 3 4 6 
4
18 12 16 17 
7
18 16 14 2 12 15 17 
20
18 17 10 13 2 5 15 11 7 19 14 6 16 20 3 4 12 9 1 8 
10
18 17 14 3 6 2 8 13 15 9 
12
18 17 14 13 10 6 9 1 5 3 11 15 
14
19 9 20 14 7 18 6 16 11 12 15 17 2 10 
20
19 11 8 1 15 12 17 4 16 14 20 7 18 13 9 3 6 2 5 10 
7
19 13 8 18 20 14 17 
4
19 14 6 16 
20
19 15 3 4 14 20 9 13 8 10 6 1 18 16 7 11 12 17 2 5 
12
19 17 6 3 9 7 5 13 11 4 10 1 
5
20 1 4 13 19 
9
20 5 1 15 4 11 14 16 2 
9
20 6 1 15 3 11 17 18 7 
14
20 9 2 10 13 11 6 1 3 5 7 4 17 16 
8
20 9 8 6 1 3 11 18 
18
20 11 14 16 15 19 12 4 1 17 5 6 3 18 7 9 2 10 
9
20 14 8 17 1 9 3 19 6 
9
20 15 12 18 11 14 16 4 17 
10
20 16 18 13 19 2 14 11 1 5 
12
20 18 1 6 11 15 17 4 7 19 14 3 
8
20 19 13 16 7 9 15 8 
