20 137 100
1 3
1 4
1 5
1 6
1 7
1 8
1 9
1 10
1 11
1 14
1 15
1 17
1 18
1 20
2 3
2 5
2 6
2 8
2 9
2 10
2 11
2 12
2 13
2 14
2 16
2 17
2 18
2 19
3 4
3 5
3 6
3 7
3 9
3 10
3 11
3 13
3 14
3 15
3 16
3 18
3 19
3 20
4 6
4 7
4 8
4 10
4 11
4 12
4 13
4 14
4 15
4 16
4 17
5 6
5 7
5 10
5 11
5 13
5 14
5 15
5 17
5 20
6 8
6 9
6 10
6 11
6 14
6 16
6 17
6 18
6 19
6 20
7 8
7 9
7 11
7 14
7 15
7 16
7 17
7 18
7 19
7 20
8 9
8 10
8 11
8 12
8 13
8 14
8 15
8 17
8 18
9 12
9 13
9 15
9 19
9 20
10 12
10 13
10 17
10 19
11 12
11 13
11 14
11 15
11 16
11 17
11 18
11 19
11 20
12 13
12 15
12 16
12 17
12 18
12 19
13 14
13 15
13 16
13 17
13 18
13 19
14 16
14 17
14 19
14 20
15 16
15 17
15 19
15 20
16 17
16 18
16 19
16 20
17 18
17 19
18 20
19 20
19
1 6 4 3 11 14 16 13 12 15 19 20 5 2 9 8 10 17 7 
20
1 9 8 17 10 6 4 7 14 5 11 16 12 15 20 18 3 19 13 2 
8
1 14 3 7 20 5 6 10 
16
1 14 5 20 19 15 17 4 13 16 2 12 11 8 10 6 
20
1 20 14 16 11 5 6 19 17 18 12 9 2 8 10 3 7 15 13 4 
4
2 3 16 14 
5
2 6 14 17 18 
10
2 6 20 19 17 18 12 11 4 14 
20
2 10 4 6 11 5 7 1 9 12 19 15 17 8 13 16 3 18 20 14 
9
2 10 13 19 15 8 17 11 5 
4
2 14 13 12 
9
2 16 12 8 7 3 4 6 18 
20
3 9 8 2 11 19 14 20 7 16 6 18 1 5 10 12 15 4 13 17 
6
3 13 2 12 16 4 
9
3 13 4 14 6 18 17 8 11 
4
4 8 11 16 
12
4 11 3 9 13 10 8 15 16 18 2 14 
20
4 12 9 2 13 15 11 7 5 17 14 1 8 10 19 6 18 20 3 16 
20
4 14 1 7 11 12 9 2 18 17 16 20 19 15 8 6 5 3 10 13 
20
4 15 1 17 7 9 3 14 5 10 12 8 11 6 16 20 19 13 2 18 
7
4 17 16 18 20 19 2 
20
5 2 17 10 8 13 14 4 1 20 11 7 15 9 12 18 6 16 19 3 
15
5 14 3 4 1 7 16 2 12 8 11 6 9 15 19 
13
5 14 11 7 18 13 3 9 1 15 16 2 19 
15
6 1 10 2 14 17 19 20 3 15 11 12 18 8 7 
10
6 4 10 2 5 7 14 11 20 3 
6
6 4 17 13 8 15 
7
6 8 2 10 4 11 19 
4
6 14 2 9 
16
7 4 13 9 19 10 6 20 5 2 3 15 17 1 18 12 
4
7 9 20 18 
8
7 11 2 8 12 13 5 3 
13
7 15 17 8 18 3 10 12 16 11 1 14 5 
8
7 16 18 17 11 14 4 12 
12
7 19 17 1 8 11 15 12 10 5 14 16 
18
7 20 5 11 17 6 18 1 4 3 9 19 15 8 10 13 14 16 
9
8 9 1 14 13 19 3 10 5 
13
8 10 5 14 13 11 3 19 20 6 17 18 7 
6
8 12 9 15 3 5 
20
8 12 13 9 3 2 19 15 17 14 20 1 18 11 7 16 6 4 10 5 
5
9 3 11 5 15 
11
9 7 19 2 10 4 11 1 3 15 20 
20
9 12 18 11 3 13 17 4 7 19 6 10 5 15 20 16 14 1 8 2 
5
9 13 2 6 18 
20
9 15 20 5 14 7 4 12 18 11 2 13 3 1 8 17 6 10 19 16 
6
9 19 16 17 18 2 
20
9 20 1 10 3 7 4 17 13 19 6 8 15 11 12 16 14 5 2 18 
12
10 2 3 5 11 13 18 1 8 15 20 9 
6
10 2 3 20 11 5 
8
10 6 18 3 14 1 5 13 
12
10 12 17 6 8 18 13 5 3 19 16 20 
14
10 19 12 16 6 3 11 14 8 17 13 18 2 5 
4
11 3 15 4 
11
11 17 8 13 18 16 19 14 5 15 3 
15
12 4 10 6 2 19 11 8 7 16 3 13 9 1 15 
14
12 8 11 4 7 14 3 19 6 5 17 18 13 2 
20
12 10 19 11 18 8 14 17 6 3 4 16 20 5 13 2 9 15 1 7 
15
12 15 9 7 1 18 8 11 5 20 3 14 17 16 13 
6
13 5 6 4 11 1 
7
13 9 7 5 14 1 17 
11
13 10 5 17 12 4 16 6 14 2 9 
4
13 14 2 10 
16
13 14 6 17 7 15 8 12 9 2 18 3 19 20 11 16 
5
13 15 19 6 1 
4
14 4 17 5 
7
15 7 11 2 6 8 14 
14
15 8 13 18 20 14 3 11 6 17 7 1 10 2 
4
15 8 18 20 
17
15 9 2 17 7 14 11 12 10 13 16 19 20 1 8 4 3 
4
16 2 10 3 
4
16 3 10 13 
4
16 4 10 12 
5
16 7 9 2 18 
20
16 17 15 13 11 2 5 7 19 9 20 1 4 12 10 6 18 8 14 3 
20
17 1 4 11 13 10 19 3 18 8 15 7 16 6 14 20 9 12 2 5 
7
17 1 4 13 14 8 12 
9
17 7 4 8 2 19 9 3 11 
5
17 13 5 10 2 
6
17 14 5 6 9 13 
8
18 1 7 16 4 8 13 9 
19
18 3 9 12 16 17 2 11 6 8 10 19 13 4 1 20 5 7 14 
14
18 3 10 13 16 19 11 6 1 4 8 7 20 14 
14
18 11 15 12 2 13 14 5 1 17 4 16 6 9 
8
18 12 11 16 19 15 1 20 
10
18 12 17 1 11 14 6 10 8 4 
5
18 12 17 16 6 
5
18 13 15 12 10 
4
18 20 5 7 
6
18 20 14 17 12 13 
20
19 6 14 5 17 10 4 12 16 7 20 1 8 15 9 3 11 13 2 18 
6
19 7 3 13 17 1 
20
19 9 20 16 12 13 15 5 7 17 6 4 1 10 2 11 3 14 8 18 
5
19 13 4 8 10 
19
20 1 15 3 18 16 12 17 2 6 4 7 5 14 13 8 11 19 10 
7
20 3 16 18 7 8 6 
10
20 6 14 17 18 11 16 2 8 7 
4
20 7 11 6 
8
20 14 5 7 15 17 10 6 
10
20 15 19 6 18 17 11 5 10 12 
18
20 19 3 10 5 7 18 12 9 13 8 17 11 16 2 14 1 15 
