30 224 500
1 2
1 3
1 5
1 6
1 7
1 8
1 10
1 13
1 15
1 19
1 21
1 24
1 25
1 26
1 27
1 29
1 30
2 3
2 5
2 11
2 12
2 13
2 14
2 15
2 16
2 18
2 23
2 24
2 26
2 27
2 28
3 4
3 6
3 7
3 11
3 16
3 18
3 19
3 20
3 21
3 23
3 26
3 27
3 28
3 29
4 5
4 7
4 8
4 9
4 21
4 23
4 24
4 27
4 28
5 7
5 10
5 11
5 13
5 14
5 15
5 17
5 18
5 19
5 20
5 22
5 23
5 24
5 25
5 28
6 7
6 11
6 12
6 14
6 16
6 17
6 20
6 23
6 24
6 25
6 28
6 29
6 30
7 10
7 12
7 15
7 17
7 20
7 22
7 24
7 25
7 26
7 27
7 30
8 11
8 14
8 15
8 17
8 20
8 21
8 23
8 24
8 26
8 28
8 29
9 11
9 14
9 16
9 17
9 18
9 22
9 24
9 28
9 29
10 13
10 15
10 17
10 18
10 21
10 23
10 24
10 26
10 30
11 12
11 13
11 14
11 15
11 18
11 19
11 20
11 21
11 23
11 24
11 25
11 27
11 28
12 13
12 15
12 17
12 19
12 20
12 22
12 25
12 27
12 30
13 14
13 16
13 18
13 23
13 25
13 29
14 15
14 16
14 18
14 19
14 23
14 24
14 27
14 28
14 29
14 30
15 16
15 17
15 18
15 19
15 21
15 22
15 23
15 24
15 26
15 29
16 18
16 24
16 27
16 28
16 29
17 18
17 19
17 20
17 21
17 24
17 26
17 27
17 28
17 29
18 20
18 21
18 23
18 28
18 29
18 30
19 21
19 23
19 24
19 25
19 26
19 27
19 29
20 23
20 24
20 27
20 29
20 30
21 22
21 23
21 25
21 26
21 28
22 25
22 27
22 29
22 30
23 24
23 25
23 28
24 28
25 26
25 28
26 28
26 29
26 30
27 28
27 29
27 30
28 30
5
1 2 12 13 10 
10
1 3 11 28 24 8 26 30 7 25 
7
1 6 12 11 24 19 5 
5
1 6 28 21 8 
9
1 7 20 30 10 15 22 21 23 
7
1 7 25 26 17 21 19 
8
1 8 11 3 19 23 24 7 
20
1 10 7 30 22 12 13 29 18 21 25 28 14 16 27 4 3 2 11 9 
4
1 10 15 7 
4
1 15 18 10 
4
1 19 21 22 
5
1 19 21 26 29 
11
1 19 24 17 20 11 8 28 30 12 22 
5
1 19 29 13 23 
5
1 21 22 25 28 
6
1 24 10 21 22 7 
4
1 24 11 19 
10
1 24 15 8 28 18 3 21 17 20 
10
1 25 5 10 15 21 11 20 7 17 
6
1 26 17 18 21 10 
9
1 26 28 9 29 19 21 18 30 
9
1 27 22 29 15 17 18 11 19 
9
1 29 14 27 7 15 24 11 19 
8
1 30 10 23 2 18 20 11 
4
1 30 12 22 
12
1 30 12 27 17 15 19 3 18 10 21 22 
11
1 30 18 5 17 28 26 15 11 14 13 
18
2 3 11 20 12 19 23 10 1 15 5 13 25 6 17 24 8 29 
6
2 3 11 21 10 1 
4
2 3 23 13 
5
2 5 17 24 4 
4
2 11 5 14 
5
2 11 27 1 3 
6
2 13 16 6 24 4 
7
2 13 16 18 20 27 11 
5
2 13 23 20 18 
4
2 14 5 25 
16
2 14 16 9 11 23 20 3 19 24 4 7 1 26 29 13 
4
2 14 18 3 
10
2 15 1 29 9 24 11 25 19 26 
9
2 18 29 16 24 19 17 9 14 
5
2 18 30 10 13 
11
2 18 30 12 7 3 1 24 10 17 28 
8
2 23 13 29 8 20 6 3 
20
2 24 16 27 12 15 22 21 19 26 29 14 23 13 5 20 8 11 3 18 
6
2 26 3 21 28 23 
4
2 26 10 13 
9
2 26 21 18 14 19 15 7 12 
12
2 27 22 5 17 24 16 3 23 10 30 14 
7
2 27 28 30 20 23 18 
9
2 28 9 22 27 20 24 14 16 
4
3 1 7 24 
6
3 1 27 29 26 17 
12
3 1 30 14 8 11 9 16 15 29 13 25 
12
3 2 11 18 17 8 4 28 23 13 12 15 
10
3 4 27 16 28 5 19 14 2 15 
8
3 6 1 21 15 2 23 24 
15
3 6 28 18 11 23 2 15 29 27 4 21 25 7 17 
13
3 7 5 20 17 12 11 13 18 16 6 25 19 
6
3 7 27 17 20 12 
6
3 16 28 5 1 27 
8
3 18 28 8 14 9 29 13 
4
3 20 6 25 
8
3 20 12 13 2 5 22 27 
4
3 21 22 12 
12
3 21 26 29 22 7 1 10 17 12 19 27 
10
3 21 28 14 30 6 25 13 29 26 
6
3 23 10 21 22 29 
5
3 26 2 18 20 
4
3 27 30 1 
5
3 29 17 18 9 
4
4 3 21 17 
19
4 3 23 25 26 29 16 13 14 6 30 12 27 2 11 21 19 1 7 
5
4 3 29 26 2 
18
4 5 18 29 13 11 28 3 23 6 30 22 9 24 8 20 27 16 
5
4 7 15 11 5 
12
4 7 15 21 28 17 27 29 3 23 25 26 
7
4 8 11 15 1 26 25 
15
4 8 14 30 26 7 6 17 24 23 15 10 1 29 22 
12
4 9 17 21 22 29 1 6 12 27 3 16 
5
4 9 18 14 30 
16
4 9 24 16 2 11 28 6 20 8 17 29 13 14 18 5 
5
4 9 29 8 1 
6
4 21 3 1 6 29 
4
4 21 8 1 
14
4 21 22 12 13 23 24 10 7 27 14 11 8 20 
5
4 21 25 13 11 
8
4 24 17 19 26 8 11 3 
14
4 28 26 17 19 24 23 5 7 22 9 29 16 13 
5
4 28 27 2 11 
4
5 2 1 7 
4
5 2 3 28 
14
5 4 21 11 24 2 3 19 25 28 30 20 12 17 
4
5 7 22 27 
5
5 7 26 1 24 
8
5 10 18 29 9 11 2 15 
12
5 11 14 18 20 7 30 26 21 17 27 12 
7
5 13 10 30 14 9 11 
26
5 15 12 30 27 16 6 25 23 8 14 18 2 11 13 29 9 24 1 26 7 20 3 21 10 17 
9
5 15 19 29 9 14 16 2 27 
4
5 17 6 3 
9
5 18 9 22 7 10 23 20 8 
15
5 20 6 16 3 29 18 11 27 30 12 17 7 26 15 
4
5 20 27 4 
4
5 28 4 8 
8
5 28 26 3 7 1 21 4 
6
6 1 7 24 4 8 
6
6 7 12 15 8 1 
4
6 11 20 30 
4
6 14 15 22 
11
6 14 16 18 3 19 25 28 17 27 30 
11
6 16 3 11 9 24 28 25 12 17 26 
5
6 16 9 17 20 
13
6 16 28 27 11 23 5 1 25 26 17 18 15 
14
6 17 20 30 27 1 3 23 18 2 16 15 26 8 
10
6 20 8 11 28 16 24 14 23 18 
7
6 20 11 24 19 3 21 
7
6 23 25 11 8 17 12 
5
6 24 5 25 26 
10
6 29 3 20 23 24 28 16 13 25 
4
6 29 22 27 
5
7 5 19 27 2 
8
7 10 13 11 9 18 16 24 
13
7 20 11 6 23 2 5 13 16 28 30 18 14 
8
7 24 8 23 13 14 30 20 
19
7 24 9 14 13 5 10 26 17 21 22 27 20 29 3 16 2 11 8 
8
7 25 19 3 4 24 9 11 
5
7 25 28 3 23 
8
7 27 4 5 11 18 9 22 
11
7 27 12 2 14 18 3 11 23 25 1 
4
7 27 30 28 
7
7 30 20 17 29 3 4 
8
8 1 10 18 15 16 14 6 
5
8 1 15 21 23 
7
8 11 15 10 13 25 1 
6
8 14 28 25 11 6 
7
8 15 16 2 3 28 21 
5
8 15 23 2 27 
10
8 17 10 7 15 1 6 23 20 11 
9
8 17 19 23 10 30 28 26 21 
4
8 17 27 2 
13
8 21 1 15 26 3 11 12 22 5 19 24 6 
4
8 21 28 27 
6
8 24 1 25 22 29 
5
8 24 28 11 12 
7
9 4 5 20 27 16 2 
8
9 11 2 5 15 26 30 1 
7
9 11 23 25 6 20 17 
9
9 16 3 20 5 4 21 18 13 
8
9 16 6 29 20 7 3 18 
20
9 16 15 22 27 30 18 5 19 26 3 11 23 14 2 12 20 29 8 28 
26
9 16 28 3 2 24 10 26 7 25 22 30 1 27 12 15 19 29 14 18 17 6 11 8 23 20 
4
9 16 29 13 
6
9 18 2 28 3 11 
8
9 22 21 8 23 19 5 18 
6
9 22 27 16 18 29 
13
9 24 2 26 21 1 7 5 10 15 19 14 30 
6
9 24 19 12 22 21 
13
9 24 20 18 14 15 26 8 21 17 5 28 27 
5
9 28 23 8 4 
6
9 28 30 1 8 26 
18
9 29 13 1 21 8 11 2 5 7 12 19 27 3 23 14 18 16 
5
9 29 16 3 6 
17
9 29 26 1 30 14 23 28 6 16 13 25 11 18 15 7 3 
7
10 1 6 16 28 8 20 
9
10 5 11 12 15 14 24 6 29 
14
10 13 2 24 16 18 17 6 12 27 7 20 29 15 
6
10 13 18 28 23 19 
6
10 15 8 14 29 17 
15
10 15 12 17 7 4 21 8 20 11 9 22 25 1 26 
14
10 15 16 3 11 21 25 13 14 28 8 20 6 7 
6
10 17 19 27 14 2 
4
10 17 28 9 
4
10 18 28 9 
6
10 21 28 17 7 1 
10
10 23 4 3 26 25 12 15 2 27 
5
10 23 8 14 19 
7
10 23 14 8 28 6 29 
18
10 24 1 27 3 29 13 2 28 9 22 5 19 23 6 11 25 21 
9
10 26 15 22 27 1 19 11 21 
10
10 26 25 28 14 2 1 27 16 29 
5
10 30 6 17 28 
10
10 30 14 28 27 29 3 7 25 19 
8
10 30 28 4 23 13 11 20 
10
11 2 12 27 7 10 18 9 16 14 
4
11 5 1 19 
5
11 5 7 6 24 
7
11 6 12 17 9 18 15 
9
11 9 29 18 15 24 7 1 6 
5
11 12 13 2 5 
6
11 12 15 2 1 3 
5
11 12 15 21 8 
5
11 12 20 27 1 
8
11 14 18 10 26 8 15 21 
6
11 15 19 23 25 13 
5
11 20 3 27 14 
8
11 20 17 21 8 15 7 1 
6
11 20 17 27 16 3 
5
11 20 23 2 24 
5
11 21 23 28 9 
4
11 21 25 12 
6
11 24 10 18 13 1 
11
11 25 6 29 1 26 10 7 5 24 16 
14
11 27 14 5 10 30 18 28 6 20 17 29 15 22 
13
11 27 30 12 22 25 21 26 15 7 3 19 5 
5
12 6 20 17 19 
10
12 6 28 26 1 8 17 18 14 23 
7
12 7 17 10 24 15 16 
4
12 7 26 3 
8
12 13 5 22 9 16 3 2 
4
12 13 11 6 
25
12 15 8 17 29 20 27 4 28 26 1 7 22 21 19 5 13 14 23 11 18 9 24 6 16 
4
12 17 20 8 
8
12 17 26 21 28 18 29 9 
4
12 17 29 22 
5
12 19 29 6 17 
9
12 20 7 3 29 6 24 5 4 
6
12 22 5 13 16 27 
6
12 22 5 19 29 26 
12
12 22 29 13 1 7 26 28 17 19 25 23 
16
12 27 4 23 18 28 3 2 5 1 7 24 9 22 30 20 
11
12 30 1 5 24 2 18 29 15 19 21 
7
13 1 15 19 12 20 5 
24
13 5 4 24 14 27 20 23 11 28 8 1 3 26 21 17 9 22 29 19 12 2 16 15 
7
13 10 24 20 8 29 19 
8
13 11 2 16 24 28 23 20 
8
13 11 14 19 12 17 20 5 
7
13 12 15 22 7 5 23 
5
13 12 17 26 21 
9
13 12 20 17 27 29 9 4 24 
8
13 18 2 16 6 29 19 15 
7
13 18 2 27 16 9 4 
6
13 18 20 27 16 6 
6
13 18 21 3 20 12 
5
13 23 2 26 25 
16
13 23 6 12 2 28 11 19 25 7 24 5 17 20 29 14 
8
13 23 18 2 15 22 25 12 
7
13 25 7 22 5 14 30 
4
13 25 26 1 
5
13 29 3 16 6 
8
14 2 24 15 19 21 22 27 
10
14 6 11 27 30 12 15 29 9 18 
15
14 9 29 8 21 25 19 17 10 23 3 2 28 30 27 
18
14 11 27 19 3 16 13 5 20 7 30 12 2 28 18 9 17 26 
4
14 13 12 22 
5
14 15 16 2 12 
8
14 16 15 26 28 5 22 12 
5
14 16 29 1 10 
15
14 24 20 29 13 11 3 27 12 19 1 30 22 15 21 
12
14 28 4 5 1 13 25 11 12 15 8 23 
5
14 28 5 10 7 
10
14 28 24 16 6 7 12 13 23 11 
9
14 29 3 18 30 27 20 23 28 
4
14 29 6 28 
4
14 30 26 10 
4
15 1 5 28 
8
15 10 23 18 13 25 11 5 
6
15 11 21 28 25 26 
14
15 11 27 19 12 2 26 30 22 5 28 23 24 10 
6
15 14 9 24 11 18 
15
15 17 7 26 1 24 19 25 6 14 11 20 30 22 12 
14
15 17 10 21 1 2 16 9 24 20 30 28 11 12 
7
15 18 29 17 27 4 21 
6
15 24 14 6 25 23 
4
15 24 16 28 
18
15 24 20 27 3 26 30 18 9 4 23 8 29 14 16 28 5 7 
5
16 2 14 29 20 
18
16 2 26 10 5 28 25 19 1 8 23 13 14 30 18 3 27 7 
5
16 2 27 19 11 
11
16 3 27 12 7 10 17 21 8 14 9 
7
16 9 29 26 30 18 2 
12
16 13 2 12 20 27 19 21 1 26 8 29 
8
16 14 9 22 29 27 4 24 
18
16 14 30 10 21 15 11 9 22 29 20 12 2 28 25 23 13 18 
9
16 27 7 30 28 9 11 6 29 
10
16 27 19 29 13 23 25 1 10 24 
5
16 28 6 3 23 
15
16 28 9 18 29 17 24 6 20 30 10 7 26 3 23 
4
16 28 30 26 
6
16 29 9 18 21 1 
13
17 7 1 2 14 9 16 24 28 30 18 5 4 
4
17 7 10 30 
5
17 9 18 21 19 
9
17 9 24 11 19 29 22 21 3 
4
17 10 18 11 
9
17 12 11 2 26 25 22 15 19 
8
17 15 8 21 22 29 16 27 
5
17 18 3 23 10 
6
17 20 24 9 28 14 
6
17 21 4 8 28 18 
4
17 21 25 28 
11
17 26 8 21 10 18 13 23 5 19 12 
5
17 26 8 29 13 
5
17 26 10 23 3 
4
17 27 19 3 
4
17 28 4 24 
10
17 28 6 12 15 29 3 27 30 26 
6
17 28 26 1 19 11 
8
18 2 15 5 14 28 9 29 
4
18 3 7 4 
6
18 10 21 4 27 30 
6
18 10 24 17 27 30 
4
18 15 1 3 
7
18 16 2 11 23 21 1 
7
18 16 27 7 25 26 15 
4
18 20 7 30 
6
18 20 23 8 21 10 
8
18 20 29 22 7 5 28 3 
12
18 21 1 29 8 23 25 5 7 10 15 14 
4
18 23 2 12 
7
18 23 6 28 5 22 9 
18
18 29 17 15 8 21 19 12 11 20 30 22 9 14 6 16 28 2 
9
18 30 12 25 6 7 24 10 13 
4
19 1 6 17 
5
19 1 25 26 21 
9
19 1 30 27 16 6 7 24 8 
4
19 11 23 10 
12
19 11 23 24 28 3 18 30 12 13 16 27 
7
19 14 15 22 21 11 18 
4
19 15 17 18 
5
19 17 27 29 3 
9
19 21 22 12 6 30 10 13 29 
6
19 21 25 11 9 4 
4
19 24 2 11 
11
19 24 20 18 11 12 2 28 26 15 17 
9
19 25 1 15 14 18 13 5 24 
8
19 29 9 18 23 14 16 15 
8
20 3 1 6 7 26 2 18 
4
20 5 7 22 
6
20 5 14 28 21 18 
4
20 7 25 28 
7
20 12 15 5 22 9 29 
15
20 12 17 18 21 26 19 1 6 23 25 7 30 22 5 
12
20 17 6 30 7 10 26 19 24 28 11 15 
7
20 18 9 24 5 23 10 
8
20 23 4 7 12 6 11 9 
4
20 24 2 14 
8
20 27 2 26 29 17 9 24 
6
20 29 15 16 14 27 
7
20 30 6 11 24 19 29 
9
21 1 6 14 2 15 29 13 16 
4
21 1 29 18 
6
21 3 18 30 1 2 
8
21 3 19 24 9 11 15 23 
16
21 4 5 25 13 16 2 15 14 27 30 28 6 24 23 18 
7
21 4 8 1 5 28 16 
6
21 8 28 17 15 19 
5
21 10 15 2 24 
5
21 11 8 23 4 
10
21 15 10 24 19 26 1 30 7 22 
5
21 15 16 18 23 
5
21 23 10 1 3 
9
22 5 7 17 27 2 23 21 10 
4
22 5 19 17 
13
22 5 20 17 28 21 3 23 2 27 7 10 15 
7
22 7 4 5 18 20 30 
8
22 7 27 19 24 2 18 30 
8
22 9 16 28 11 18 5 10 
6
22 12 2 3 4 24 
16
22 12 30 26 15 14 16 28 24 9 18 20 7 27 19 23 
9
22 15 11 14 24 28 6 16 13 
5
22 21 4 28 27 
12
22 21 15 17 19 3 6 23 25 12 20 11 
7
22 21 26 15 23 6 3 
6
22 25 13 14 15 16 
4
22 25 28 2 
6
22 27 4 21 23 6 
16
22 29 17 7 25 19 15 5 28 6 20 12 30 27 4 24 
6
22 30 1 21 23 28 
8
22 30 27 19 21 4 23 3 
7
23 2 11 13 18 21 17 
17
23 3 19 1 13 25 12 17 9 28 30 14 16 6 11 24 7 
4
23 4 28 25 
9
23 5 10 15 24 28 26 7 25 
7
23 5 18 17 28 9 4 
12
23 6 29 8 28 25 1 27 22 21 11 18 
10
23 8 17 6 7 24 28 26 19 29 
11
23 10 1 24 5 17 20 7 15 12 13 
9
23 11 6 28 30 12 17 26 21 
4
23 11 13 10 
7
23 11 18 20 29 16 2 
7
23 15 22 9 16 24 14 
6
23 18 14 29 27 1 
4
23 19 27 2 
7
23 20 3 6 29 27 12 
11
23 20 11 14 27 22 29 8 1 6 28 
14
23 20 27 16 29 13 25 6 3 1 2 14 19 12 
5
23 24 14 15 22 
6
23 24 16 14 11 15 
8
24 1 7 25 22 12 11 21 
13
24 2 1 10 7 26 25 22 27 14 6 29 8 
5
24 2 27 16 6 
4
24 5 22 27 
8
24 6 12 11 14 18 23 8 
8
24 6 12 17 26 15 7 22 
5
24 7 22 30 6 
5
24 9 17 7 1 
5
24 9 18 28 2 
5
24 11 23 10 30 
4
24 14 30 22 
6
24 15 21 3 11 5 
8
24 19 11 14 30 28 8 15 
6
24 19 15 23 2 14 
4
24 19 29 1 
6
24 23 10 13 2 3 
8
24 23 28 4 9 11 5 17 
5
24 28 26 21 3 
4
25 5 28 30 
12
25 6 14 11 2 12 7 26 17 8 28 9 
11
25 6 20 23 11 9 22 21 18 16 2 
18
25 11 8 14 15 26 17 9 4 21 1 7 3 29 16 28 6 24 
9
25 11 21 22 9 28 6 17 5 
4
25 11 23 24 
7
25 12 2 16 27 14 6 
5
25 13 11 28 9 
5
25 13 29 1 6 
11
25 13 29 1 7 6 16 14 24 9 4 
6
25 21 28 11 6 3 
6
25 22 7 10 30 26 
5
25 23 5 2 24 
6
25 23 20 27 30 10 
10
25 23 21 8 17 28 4 9 14 27 
4
25 23 28 9 
10
25 26 8 29 3 20 24 28 21 15 
4
26 1 15 16 
9
26 1 25 21 28 2 27 11 18 
20
26 3 4 8 15 16 28 23 25 6 30 22 21 18 20 17 7 5 19 29 
5
26 3 7 22 15 
7
26 7 6 24 23 5 17 
4
26 8 23 25 
14
26 21 8 15 7 22 27 3 16 28 24 11 6 1 
7
26 21 22 7 20 18 29 
7
26 28 9 17 20 8 15 
4
26 29 18 13 
4
26 30 14 5 
10
27 2 12 13 1 10 30 18 5 4 
5
27 4 24 23 14 
12
27 4 24 28 17 21 23 15 5 20 3 26 
8
27 11 9 17 24 15 19 3 
10
27 12 7 20 23 3 29 19 21 8 
4
27 12 19 21 
5
27 14 15 1 30 
11
27 16 6 3 4 28 24 7 26 30 22 
4
27 16 28 14 
4
27 17 18 5 
5
27 19 1 7 15 
15
27 19 15 8 23 18 2 26 21 4 3 16 6 11 9 
4
27 19 23 18 
5
27 20 3 21 26 
8
27 20 5 28 16 13 11 25 
8
27 22 29 18 28 5 2 13 
4
27 28 3 29 
4
27 29 3 19 
8
27 29 16 2 11 5 25 7 
8
27 30 6 23 15 26 19 24 
7
27 30 7 10 15 17 20 
7
28 4 8 21 15 5 18 
8
28 6 7 3 16 13 25 26 
7
28 9 11 2 15 22 30 
4
28 11 20 27 
10
28 14 13 1 8 15 23 10 26 17 
17
28 16 6 17 27 11 25 21 26 15 7 30 20 29 19 23 18 
7
28 23 21 19 24 17 18 
9
28 23 24 19 25 21 26 7 5 
8
28 24 1 29 17 7 12 2 
5
28 26 3 16 9 
11
28 26 7 17 9 16 2 18 5 25 12 
13
28 27 29 8 11 20 23 13 10 21 19 15 12 
7
28 30 6 12 25 7 5 
6
28 30 6 14 15 21 
5
29 1 10 17 26 
9
29 3 2 15 5 1 25 23 20 
15
29 6 17 15 19 5 10 23 20 30 14 18 16 2 13 
5
29 6 25 12 30 
9
29 9 14 13 18 5 10 1 30 
9
29 9 18 16 3 1 2 28 26 
7
29 14 6 7 3 27 22 
4
29 14 9 11 
11
29 14 24 4 21 1 7 10 17 15 26 
7
29 15 18 23 24 9 22 
13
29 16 6 20 11 23 13 2 15 21 19 26 30 
6
29 16 9 28 30 18 
27
29 17 6 14 2 13 12 25 26 19 5 24 15 1 3 21 10 23 8 4 27 22 9 28 16 18 11 
10
29 18 20 30 14 19 23 15 7 22 
15
29 20 24 8 21 19 3 27 17 28 11 2 16 9 4 
6
29 22 12 30 6 20 
12
29 22 21 15 18 13 23 19 1 30 12 6 
11
29 27 2 26 25 19 12 15 22 9 28 
7
29 27 14 18 9 22 12 
13
29 27 22 12 2 16 18 23 19 21 4 3 1 
19
30 7 20 6 14 28 3 4 5 18 23 21 10 15 17 12 2 27 11 
10
30 7 27 16 29 13 2 14 18 20 
15
30 10 1 15 8 28 25 6 11 12 19 3 26 2 5 
10
30 10 15 14 24 17 20 29 1 26 
5
30 12 20 27 17 
5
30 14 9 11 19 
4
30 14 28 11 
5
30 22 7 25 6 
8
30 22 29 17 19 11 14 15 
6
30 27 7 1 5 2 
