20 51 500
1 5
1 7
1 8
1 9
1 12
1 14
2 3
2 11
2 17
2 20
3 19
4 6
4 9
4 12
4 14
4 16
5 6
5 9
5 13
5 14
5 17
5 18
5 19
6 13
6 15
6 19
6 20
7 10
7 17
7 18
8 10
8 11
9 10
9 14
9 15
10 15
10 16
10 18
11 13
11 14
11 19
12 14
12 17
12 19
13 19
13 20
14 15
14 17
14 19
17 19
17 20
5
1 5 9 14 17 
4
1 5 14 15 
4
1 5 14 19 
4
1 5 17 7 
5
1 5 17 19 13 
13
1 5 18 10 16 4 12 14 17 20 2 3 19 
5
1 5 19 17 20 
5
1 7 10 16 4 
5
1 7 17 19 13 
6
1 7 18 5 17 12 
11
1 7 18 10 9 15 14 5 13 6 19 
9
1 7 18 10 15 14 12 17 20 
8
1 8 10 9 4 12 14 17 
4
1 8 10 16 
5
1 8 11 2 3 
5
1 8 11 19 17 
4
1 9 4 16 
11
1 9 5 17 12 4 6 20 13 19 3 
8
1 9 5 18 7 17 12 4 
4
1 9 10 7 
4
1 9 10 18 
5
1 9 10 18 7 
5
1 9 14 5 19 
4
1 9 14 11 
5
1 12 4 9 15 
4
1 12 14 5 
4
1 12 14 11 
4
1 12 17 7 
14
1 12 19 3 2 20 6 5 18 7 17 14 15 10 
4
1 14 4 12 
8
1 14 11 19 13 5 6 4 
5
1 14 12 19 3 
12
2 3 19 5 13 20 17 14 12 4 9 10 
4
2 3 19 6 
6
2 3 19 6 5 9 
6
2 11 8 10 9 1 
5
2 11 13 5 19 
5
2 11 13 6 19 
4
2 11 13 20 
4
2 11 14 15 
4
2 17 5 9 
9
2 17 7 18 5 9 1 12 4 
11
2 17 19 5 14 15 6 4 12 1 9 
12
2 20 6 4 16 10 18 5 1 9 15 14 
5
2 20 6 5 14 
6
2 20 13 5 19 14 
4
2 20 17 14 
10
2 20 17 14 12 1 7 18 5 19 
4
2 20 17 19 
5
2 20 17 19 5 
10
2 20 17 19 13 5 6 15 10 8 
12
3 2 11 8 10 9 14 19 12 17 20 6 
16
3 2 11 13 19 6 20 17 7 10 9 15 14 12 1 8 
4
3 2 11 14 
13
3 2 11 14 12 1 9 10 7 18 5 13 19 
10
3 2 11 14 17 5 19 6 13 20 
12
3 2 17 5 13 20 6 4 9 14 12 19 
5
3 2 17 5 18 
10
3 2 17 7 1 9 4 14 12 19 
18
3 2 17 7 18 5 14 12 19 6 20 13 11 8 1 9 10 15 
6
3 2 17 14 19 13 
4
3 2 17 19 
12
3 2 17 20 6 13 5 19 14 12 4 16 
5
3 2 17 20 13 
19
3 2 17 20 13 19 6 15 9 1 8 11 14 4 16 10 7 18 5 
6
3 2 20 6 13 5 
16
3 2 20 13 5 1 7 17 19 6 4 16 10 9 14 15 
17
3 2 20 13 6 4 9 10 18 5 1 12 17 19 11 14 15 
15
3 2 20 17 7 18 10 15 14 12 1 5 9 4 6 
8
3 2 20 17 19 11 13 6 
11
3 19 5 14 12 4 9 1 7 18 10 
6
3 19 6 4 16 10 
8
3 19 6 15 14 5 13 11 
7
3 19 11 14 4 6 20 
5
3 19 12 1 9 
13
3 19 12 1 14 15 10 8 11 2 20 13 6 
12
3 19 12 14 4 9 1 7 17 2 11 8 
9
3 19 12 14 4 9 10 7 1 
13
3 19 12 17 20 13 6 5 9 10 8 11 2 
8
3 19 13 5 1 9 14 12 
7
3 19 13 5 9 1 12 
11
3 19 14 12 1 7 18 10 15 6 13 
6
3 19 14 12 4 6 
8
3 19 14 12 17 5 13 20 
4
3 19 14 15 
9
3 19 14 17 7 18 5 13 20 
6
4 6 13 11 2 17 
4
4 6 19 5 
4
4 6 19 13 
6
4 6 20 2 11 8 
8
4 6 20 2 17 19 13 11 
7
4 6 20 17 5 14 15 
6
4 9 1 5 19 17 
6
4 9 1 7 18 10 
4
4 9 1 12 
9
4 9 15 10 8 11 19 14 1 
7
4 12 1 9 14 15 6 
4
4 12 14 11 
5
4 12 14 17 19 
9
4 12 14 19 6 15 9 5 13 
5
4 12 17 2 3 
5
4 12 17 7 10 
11
4 12 17 14 5 13 20 2 11 19 3 
7
4 12 17 20 6 19 3 
4
4 12 19 6 
8
4 12 19 6 13 20 17 7 
6
4 12 19 6 20 17 
6
4 14 9 1 7 10 
7
4 14 12 17 7 1 5 
16
4 16 10 7 18 5 13 11 14 12 17 20 2 3 19 6 
7
4 16 10 15 9 14 11 
7
5 1 14 15 9 10 8 
6
5 6 4 14 11 2 
4
5 6 15 14 
4
5 6 19 13 
4
5 6 20 13 
6
5 9 1 8 10 16 
6
5 9 1 12 17 20 
5
5 9 14 17 19 
6
5 9 14 17 20 2 
12
5 13 6 15 9 14 17 7 1 12 19 3 
4
5 13 19 17 
5
5 14 9 10 16 
4
5 14 15 6 
6
5 14 19 6 20 2 
5
5 17 7 10 15 
4
5 17 12 19 
4
5 17 19 13 
5
5 18 7 17 20 
11
5 19 17 2 11 8 10 18 7 1 12 
4
5 19 17 14 
5
6 4 14 5 17 
7
6 4 14 11 8 10 16 
7
6 4 14 15 9 10 16 
7
6 5 13 11 19 17 14 
7
6 5 14 19 17 20 13 
10
6 13 11 14 19 3 2 20 17 12 
12
6 13 11 19 14 17 12 4 9 5 1 7 
13
6 15 10 18 7 1 5 17 12 14 9 4 16 
4
6 15 14 5 
9
6 19 3 2 11 13 5 18 7 
4
6 19 17 2 
5
6 19 17 2 3 
10
6 20 2 11 13 19 17 12 1 7 
4
6 20 13 19 
10
6 20 13 19 3 2 11 14 4 12 
6
6 20 13 19 17 7 
15
6 20 17 7 18 10 15 14 19 12 1 5 9 4 16 
7
7 1 9 4 12 14 17 
12
7 1 9 4 14 11 2 17 12 19 6 5 
12
7 1 9 4 14 17 5 18 10 15 6 19 
4
7 1 9 10 
11
7 1 12 4 9 5 14 15 10 8 11 
6
7 1 12 19 5 6 
5
7 1 14 4 12 
5
7 1 14 9 4 
4
7 10 8 11 
12
7 10 15 9 1 12 4 14 19 13 6 20 
4
7 10 15 14 
5
7 10 15 14 17 
7
7 10 18 5 9 15 14 
8
7 10 18 5 19 14 15 6 
4
7 17 2 3 
6
7 17 5 9 15 6 
6
7 17 14 19 11 13 
4
7 17 20 2 
6
7 18 5 9 10 15 
12
7 18 5 9 15 6 13 11 14 17 2 20 
6
7 18 5 13 6 20 
4
7 18 5 19 
8
7 18 10 9 14 15 6 4 
15
7 18 10 15 6 19 14 1 12 17 5 13 20 2 3 
13
7 18 10 15 14 12 19 5 13 6 20 17 2 
7
8 1 5 9 10 16 4 
6
8 1 5 14 17 2 
10
8 1 5 18 10 9 14 17 19 6 
11
8 1 5 18 10 15 6 4 12 17 7 
6
8 1 9 10 15 14 
8
8 1 9 15 10 18 7 17 
4
8 1 12 19 
7
8 1 12 19 11 14 5 
8
8 10 7 18 5 14 19 6 
8
8 10 9 1 7 18 5 19 
4
8 10 9 15 
4
8 10 15 6 
12
8 10 15 9 1 12 19 5 14 17 2 3 
12
8 10 15 9 4 14 11 2 20 13 5 6 
12
8 10 15 9 14 5 18 7 1 12 4 16 
4
8 10 15 14 
8
8 10 16 4 9 14 17 12 
4
8 10 18 7 
4
8 11 2 17 
5
8 11 2 20 17 
16
8 11 14 12 17 19 6 13 5 18 10 16 4 9 1 7 
5
8 11 14 15 6 
6
8 11 19 17 7 1 
5
9 1 5 13 19 
4
9 1 7 17 
13
9 1 8 11 13 19 6 15 10 18 7 17 20 
6
9 1 14 5 19 6 
4
9 4 6 20 
12
9 4 12 19 17 20 2 11 8 1 14 15 
4
9 4 14 11 
4
9 5 6 4 
11
9 5 13 19 17 20 6 15 14 1 7 
5
9 5 19 6 20 
6
9 5 19 13 6 15 
4
9 5 19 17 
5
9 10 8 11 2 
15
9 10 16 4 12 14 1 7 17 2 20 6 19 5 13 
8
9 10 18 7 17 19 13 11 
4
9 14 4 16 
7
9 14 4 16 10 7 1 
11
9 14 5 19 12 4 16 10 15 6 20 
5
9 14 5 19 13 
17
9 14 15 6 4 12 1 7 10 8 11 13 5 17 20 2 3 
11
9 14 17 7 10 16 4 6 19 12 1 
4
9 14 19 12 
5
9 15 6 4 16 
13
9 15 6 5 13 20 17 14 4 12 1 7 18 
4
9 15 10 16 
19
9 15 10 16 4 14 1 7 18 5 6 13 20 17 2 3 19 11 8 
9
9 15 14 4 6 20 2 17 7 
13
10 7 17 2 11 13 19 12 4 14 5 6 15 
7
10 7 17 14 19 6 15 
5
10 7 17 19 13 
6
10 8 1 9 15 6 
7
10 8 1 14 5 17 7 
6
10 8 11 2 17 5 
4
10 8 11 13 
14
10 8 11 14 19 12 1 5 9 4 6 20 17 2 
8
10 9 1 7 17 12 4 6 
4
10 9 4 12 
7
10 15 6 4 14 9 5 
6
10 15 6 5 13 19 
11
10 15 6 5 18 7 1 12 14 9 4 
4
10 15 9 4 
7
10 15 14 17 7 18 5 
6
10 16 4 6 15 9 
8
10 16 4 9 14 17 2 11 
4
10 16 4 12 
12
10 16 4 12 17 20 13 11 14 19 3 2 
5
10 16 4 14 11 
6
10 18 5 9 1 7 
4
10 18 5 19 
7
11 2 3 19 17 7 18 
6
11 2 20 13 6 5 
5
11 8 1 14 5 
6
11 8 10 15 6 19 
5
11 8 10 18 7 
6
11 13 5 17 7 18 
4
11 13 5 19 
4
11 13 19 3 
6
11 13 19 14 17 7 
4
11 14 1 5 
5
11 14 1 9 15 
4
11 14 5 13 
7
11 14 17 5 18 7 10 
9
11 14 17 20 6 15 9 4 12 
4
11 19 5 14 
7
11 19 5 18 10 16 4 
8
11 19 6 13 5 14 1 9 
6
11 19 14 15 6 20 
8
11 19 14 15 10 9 4 6 
10
11 19 17 14 4 6 15 9 10 8 
6
12 1 5 6 19 13 
12
12 1 5 9 4 14 11 19 3 2 20 17 
5
12 1 7 10 9 
6
12 1 7 17 19 11 
15
12 1 8 11 14 15 10 7 17 20 6 13 19 3 2 
5
12 1 9 15 6 
5
12 1 9 15 14 
7
12 1 14 19 3 2 20 
6
12 1 14 19 6 20 
10
12 4 6 5 18 7 17 14 9 15 
9
12 4 6 19 17 2 11 13 20 
4
12 4 6 20 
6
12 4 9 5 17 19 
10
12 4 9 10 18 7 17 2 20 13 
9
12 4 9 14 17 5 19 11 2 
6
12 4 14 5 18 10 
9
12 4 16 10 7 17 2 3 19 
18
12 4 16 10 15 9 1 14 17 5 19 3 2 20 6 13 11 8 
6
12 14 9 10 16 4 
12
12 14 11 13 19 5 18 10 8 1 7 17 
4
12 14 17 19 
5
12 14 17 19 13 
6
12 14 19 5 13 20 
5
12 17 2 20 6 
5
12 17 5 9 15 
4
12 17 5 18 
10
12 17 7 10 18 5 19 14 9 1 
8
12 17 14 19 5 13 11 8 
4
12 17 19 11 
4
12 17 20 6 
5
12 19 5 6 13 
5
12 19 5 17 2 
4
12 19 6 20 
10
12 19 6 20 13 11 8 10 7 17 
6
12 19 11 13 5 6 
6
12 19 14 1 7 17 
13
12 19 17 7 1 5 9 15 14 4 16 10 18 
11
12 19 17 7 1 9 10 18 5 13 6 
7
12 19 17 14 1 5 9 
8
13 5 6 15 9 1 14 4 
8
13 5 6 20 17 14 19 12 
16
13 5 9 1 12 4 6 20 2 17 14 19 11 8 10 15 
6
13 5 9 14 1 8 
13
13 5 14 4 16 10 7 1 8 11 19 17 12 
4
13 5 14 17 
6
13 5 14 17 20 2 
4
13 5 18 7 
5
13 5 19 6 20 
10
13 5 19 17 12 14 1 8 10 16 
6
13 6 4 16 10 9 
6
13 6 15 10 7 18 
5
13 6 19 3 2 
6
13 6 19 11 14 4 
5
13 11 2 3 19 
4
13 11 8 10 
18
13 11 14 15 10 18 7 1 12 19 6 20 2 17 5 9 4 16 
4
13 11 19 17 
16
13 19 3 2 17 7 1 14 4 16 10 18 5 9 15 6 
10
13 19 5 9 14 4 12 1 7 18 
10
13 19 6 4 12 14 15 10 7 18 
9
13 19 6 15 9 10 8 1 12 
4
13 19 11 2 
4
13 20 2 3 
13
13 20 2 11 8 1 12 17 14 15 6 4 16 
9
13 20 2 11 8 10 16 4 14 
18
13 20 6 4 14 11 19 3 2 17 12 1 7 10 15 9 5 18 
10
13 20 6 5 19 12 14 11 8 10 
4
13 20 6 15 
7
13 20 17 2 11 14 15 
5
14 1 8 11 13 
7
14 1 8 11 13 5 17 
7
14 1 8 11 19 3 2 
6
14 1 9 10 8 11 
4
14 1 12 17 
6
14 4 9 10 7 18 
5
14 4 9 15 6 
5
14 4 9 15 10 
6
14 4 12 19 17 5 
5
14 5 9 10 18 
6
14 5 18 7 10 16 
9
14 9 10 18 5 6 19 3 2 
11
14 11 8 10 7 17 19 5 13 20 2 
7
14 11 19 5 17 12 1 
6
14 12 17 5 6 4 
4
14 12 19 3 
13
14 12 19 13 20 6 15 10 7 18 5 1 9 
13
14 15 10 9 1 12 19 13 20 17 5 6 4 
4
14 17 19 5 
5
14 19 6 4 9 
7
14 19 6 13 11 8 1 
9
15 6 4 9 10 7 17 12 1 
6
15 6 4 9 10 18 
12
15 6 4 12 19 14 5 18 7 17 2 20 
11
15 6 4 14 1 7 17 2 11 19 3 
9
15 6 4 14 17 5 19 12 1 
18
15 6 4 16 10 18 7 17 14 11 19 12 1 9 5 13 20 2 
6
15 6 5 1 8 11 
9
15 6 13 11 14 9 10 8 1 
4
15 6 13 19 
11
15 6 19 5 18 7 10 8 11 2 17 
4
15 6 20 2 
8
15 6 20 2 3 19 11 13 
9
15 9 1 7 10 8 11 14 12 
5
15 9 1 7 18 
6
15 9 1 14 17 19 
6
15 9 4 14 11 2 
13
15 9 4 16 10 18 5 6 19 14 17 20 13 
6
15 9 10 7 1 5 
6
15 9 10 8 11 2 
6
15 9 14 5 17 7 
5
15 9 14 11 13 
12
15 9 14 12 4 6 13 20 17 2 11 19 
7
15 10 8 11 19 5 18 
7
15 10 8 11 19 13 6 
10
15 10 18 5 17 7 1 12 4 16 
4
15 14 1 12 
7
15 14 4 6 20 2 11 
13
15 14 9 1 5 17 12 19 6 13 11 8 10 
12
16 4 6 5 9 10 8 1 12 17 2 11 
5
16 4 6 5 19 
7
16 4 6 13 20 17 5 
9
16 4 6 19 12 17 20 2 3 
14
16 4 6 20 2 17 7 10 15 9 1 14 19 12 
5
16 4 6 20 13 
16
16 4 9 5 6 20 13 11 2 17 14 12 1 7 10 8 
14
16 4 9 10 15 6 20 2 11 19 13 5 14 1 
8
16 4 9 10 18 7 17 2 
15
16 4 9 14 1 12 19 13 20 17 5 6 15 10 18 
18
16 4 12 1 7 10 18 5 17 19 14 9 15 6 13 11 2 3 
9
16 4 12 14 5 17 19 6 15 
13
16 4 12 14 9 5 17 19 11 13 20 2 3 
7
16 4 12 17 14 19 3 
5
16 4 12 19 6 
8
16 4 12 19 6 13 20 2 
12
16 4 12 19 11 14 5 1 7 18 10 8 
9
16 4 14 9 10 8 1 12 19 
11
16 4 14 9 10 8 11 19 17 2 20 
4
16 4 14 19 
6
16 10 7 1 12 4 
5
16 10 7 18 5 
10
16 10 9 1 5 6 4 14 12 19 
14
16 10 9 5 13 6 4 12 1 8 11 2 20 17 
7
16 10 9 5 18 7 17 
9
16 10 9 14 19 13 20 2 11 
10
16 10 15 14 5 17 12 4 6 20 
13
16 10 18 5 1 12 4 6 19 3 2 11 8 
6
16 10 18 5 9 14 
7
17 2 3 19 5 13 6 
8
17 2 11 19 5 1 14 12 
7
17 5 13 19 11 14 12 
5
17 5 13 19 12 
6
17 5 14 11 13 20 
11
17 5 18 7 1 9 10 15 14 4 16 
10
17 5 18 7 10 15 6 13 19 12 
8
17 5 19 11 8 1 7 10 
8
17 7 1 8 11 2 20 13 
10
17 7 10 8 1 9 15 14 4 16 
9
17 7 10 9 1 8 11 13 19 
4
17 7 10 15 
8
17 7 18 10 9 14 1 8 
19
17 12 4 9 15 6 20 13 19 5 14 1 7 18 10 8 11 2 3 
5
17 12 4 14 1 
4
17 14 15 10 
4
17 14 19 5 
5
17 14 19 11 13 
10
17 19 3 2 20 13 11 8 1 14 
6
17 19 5 14 15 10 
9
17 19 6 13 5 14 15 10 7 
4
17 19 6 20 
11
17 19 6 20 2 11 14 1 5 18 7 
7
17 20 2 11 13 19 3 
9
17 20 6 15 9 14 5 19 13 
5
17 20 6 15 14 
6
17 20 13 6 4 12 
4
17 20 13 11 
15
18 5 6 4 16 10 7 17 19 14 11 8 1 9 15 
5
18 5 6 19 3 
17
18 5 9 4 12 1 8 11 13 19 14 15 10 7 17 2 3 
5
18 5 14 9 15 
9
18 5 19 3 2 20 6 15 14 
5
18 5 19 17 7 
8
18 5 19 17 12 14 4 16 
17
18 7 1 8 10 16 4 6 5 13 19 3 2 17 14 9 15 
9
18 7 1 12 19 13 20 6 15 
8
18 7 10 8 11 14 5 9 
6
18 7 10 9 4 16 
15
18 7 10 15 9 14 11 2 17 20 6 13 5 19 3 
9
18 7 17 2 11 14 4 12 19 
15
18 7 17 20 2 3 19 11 14 1 12 4 16 10 8 
4
18 10 7 17 
9
18 10 7 17 19 5 13 6 20 
16
18 10 7 17 20 6 13 19 5 14 12 1 8 11 2 3 
10
18 10 15 9 1 5 6 19 3 2 
6
18 10 15 9 14 1 
7
18 10 15 9 14 1 8 
12
18 10 15 14 11 13 6 19 3 2 17 7 
7
18 10 16 4 6 19 3 
9
18 10 16 4 6 20 13 11 2 
12
19 3 2 17 5 1 7 10 15 14 9 4 
8
19 3 2 20 13 6 4 16 
4
19 5 6 20 
4
19 5 9 15 
6
19 5 17 12 1 8 
12
19 6 4 9 14 12 17 5 1 7 10 16 
5
19 6 5 14 9 
8
19 6 13 5 1 14 15 9 
7
19 11 2 20 6 4 16 
7
19 11 8 10 16 4 9 
9
19 11 13 5 9 1 7 10 18 
12
19 11 14 9 4 6 20 13 5 18 10 16 
12
19 12 1 7 18 10 15 9 5 14 11 8 
6
19 12 4 14 9 10 
12
19 12 17 2 20 13 6 5 1 14 9 4 
7
19 13 5 18 10 7 17 
6
19 13 11 2 17 20 
9
19 14 9 10 16 4 6 20 2 
8
19 14 12 4 6 13 20 2 
4
19 17 20 2 
8
19 17 20 6 13 5 1 9 
12
19 17 20 6 15 9 1 5 18 10 8 11 
4
19 17 20 13 
5
20 2 3 19 14 
17
20 2 3 19 17 5 6 13 11 14 12 1 9 15 10 18 7 
6
20 2 11 13 5 17 
17
20 2 17 12 19 11 8 1 14 5 9 4 6 15 10 7 18 
5
20 2 17 19 5 
6
20 6 5 14 4 12 
5
20 6 5 19 3 
7
20 6 15 10 9 4 16 
8
20 13 5 18 10 8 11 19 
8
20 13 5 19 11 14 4 6 
7
20 13 6 19 5 1 12 
10
20 13 19 5 6 4 12 14 15 10 
11
20 17 7 18 5 14 15 10 8 1 9 
6
20 17 14 4 16 10 
