20 137 150
1 3
1 4
1 5
1 6
1 7
1 8
1 9
1 10
1 11
1 14
1 15
1 17
1 18
1 20
2 3
2 5
2 6
2 8
2 9
2 10
2 11
2 12
2 13
2 14
2 16
2 17
2 18
2 19
3 4
3 5
3 6
3 7
3 9
3 10
3 11
3 13
3 14
3 15
3 16
3 18
3 19
3 20
4 6
4 7
4 8
4 10
4 11
4 12
4 13
4 14
4 15
4 16
4 17
5 6
5 7
5 10
5 11
5 13
5 14
5 15
5 17
5 20
6 8
6 9
6 10
6 11
6 14
6 16
6 17
6 18
6 19
6 20
7 8
7 9
7 11
7 14
7 15
7 16
7 17
7 18
7 19
7 20
8 9
8 10
8 11
8 12
8 13
8 14
8 15
8 17
8 18
9 12
9 13
9 15
9 19
9 20
10 12
10 13
10 17
10 19
11 12
11 13
11 14
11 15
11 16
11 17
11 18
11 19
11 20
12 13
12 15
12 16
12 17
12 18
12 19
13 14
13 15
13 16
13 17
13 18
13 19
14 16
14 17
14 19
14 20
15 16
15 17
15 19
15 20
16 17
16 18
16 19
16 20
17 18
17 19
18 20
19 20
10
1 3 6 11 4 15 19 7 5 14 
5
1 14 16 6 20 
7
1 18 7 19 9 3 20 
11
1 20 6 18 7 8 12 15 5 14 4 
8
2 3 15 19 16 17 18 6 
8
2 5 17 12 13 4 1 6 
6
2 6 9 15 20 7 
11
2 6 10 8 13 19 16 18 17 4 3 
8
2 10 4 8 6 5 20 19 
4
2 10 19 3 
5
2 11 4 10 19 
17
2 12 17 11 19 20 16 14 1 15 7 9 13 5 10 3 18 
10
2 13 3 14 5 6 18 1 20 7 
9
2 13 4 8 1 7 9 19 11 
5
2 13 15 12 18 
5
2 13 16 19 15 
6
3 2 12 19 11 18 
5
3 7 5 10 4 
5
3 7 8 11 12 
5
3 9 6 19 16 
4
3 11 4 6 
7
3 14 8 18 1 20 19 
9
3 16 14 17 13 5 6 1 4 
7
3 18 1 6 8 10 19 
5
3 18 8 11 2 
17
3 19 11 15 9 1 10 4 7 18 13 12 16 6 17 14 5 
10
3 20 18 2 9 6 14 8 17 7 
4
4 1 10 6 
6
4 3 14 19 11 20 
5
4 6 20 16 17 
5
4 7 3 13 14 
4
4 7 3 16 
7
4 10 2 11 1 20 9 
12
4 11 12 2 14 8 17 1 3 6 10 19 
5
4 13 5 7 18 
6
4 13 11 1 5 15 
8
4 14 3 19 6 5 17 1 
12
4 16 12 15 17 6 3 20 1 10 13 2 
6
4 17 19 6 18 20 
20
5 2 17 4 15 13 10 12 9 3 14 19 7 16 20 18 1 6 11 8 
5
5 2 18 7 3 
5
5 2 18 8 12 
5
5 3 6 20 7 
4
5 3 13 14 
5
5 11 18 1 15 
6
5 13 15 20 6 18 
12
6 4 11 5 17 13 16 19 12 15 3 14 
8
6 4 16 19 2 17 15 5 
12
6 5 2 17 16 18 1 8 12 15 7 19 
4
6 5 14 20 
11
6 5 15 11 3 4 1 17 13 18 12 
5
6 9 15 12 16 
5
7 1 5 15 19 
11
7 4 15 9 3 2 19 13 11 18 12 
5
7 5 13 3 10 
15
7 8 6 10 2 17 4 16 11 18 20 15 13 14 3 
5
7 14 5 6 16 
6
7 15 1 4 16 19 
4
7 20 1 17 
4
8 9 1 11 
8
8 9 1 17 7 20 19 11 
4
8 10 1 7 
10
8 12 17 14 16 4 15 3 13 9 
6
8 13 11 6 14 2 
4
8 13 17 5 
4
8 17 4 12 
8
8 17 5 15 16 4 6 14 
7
8 17 5 15 19 2 12 
17
8 17 18 1 15 12 16 11 6 2 9 3 20 19 7 4 10 
7
8 18 7 1 11 17 14 
4
8 18 11 19 
5
8 18 20 9 13 
8
9 3 1 4 7 20 14 19 
7
9 12 15 3 7 1 4 
12
9 12 18 8 11 20 6 17 19 15 3 5 
8
10 1 15 5 20 7 17 6 
4
10 4 8 17 
5
10 4 12 19 3 
4
10 4 14 2 
6
10 12 13 14 11 16 
6
10 13 8 6 9 7 
4
10 13 18 8 
4
10 13 18 12 
10
10 17 19 2 13 18 1 6 9 7 
12
10 19 6 3 15 7 1 14 16 13 4 12 
11
10 19 11 18 3 13 9 6 16 17 2 
8
11 2 8 1 9 6 17 10 
6
11 2 16 6 19 10 
4
11 7 20 9 
12
11 12 17 19 3 13 4 14 5 10 2 18 
5
11 13 4 10 8 
12
11 20 5 13 19 7 3 4 6 17 14 16 
10
12 4 1 10 5 3 18 7 15 8 
16
12 4 3 7 8 15 19 13 18 2 5 6 20 1 14 11 
4
12 9 20 16 
4
12 13 19 20 
17
12 17 15 13 16 2 18 1 5 3 14 19 20 7 8 6 10 
15
12 18 16 11 2 13 5 20 15 17 7 1 6 8 10 
12
12 19 2 10 3 5 6 8 15 9 13 4 
7
12 19 7 3 6 16 4 
12
13 2 18 1 8 14 3 16 4 12 17 5 
4
13 3 4 14 
6
13 3 7 17 14 11 
5
13 3 11 7 17 
4
13 3 11 18 
5
13 4 3 16 18 
14
13 5 20 15 4 8 14 1 6 16 12 19 2 3 
7
13 8 14 19 17 6 9 
6
13 9 6 11 20 19 
6
13 11 1 15 7 16 
5
13 12 17 19 10 
8
13 12 19 2 14 5 20 6 
4
13 15 17 2 
6
13 17 2 18 16 6 
4
13 17 4 16 
4
13 18 2 9 
10
13 18 20 1 8 6 4 16 19 2 
18
14 2 17 11 8 9 7 1 4 12 15 13 16 18 3 20 19 10 
19
14 4 10 2 12 17 6 8 13 3 7 5 11 18 20 9 15 16 19 
15
14 8 7 20 16 17 10 12 15 1 6 18 13 11 5 
4
14 16 6 1 
4
15 3 6 16 
7
15 7 16 20 6 3 9 
13
15 8 11 16 18 13 5 17 2 3 14 4 10 
4
15 11 16 12 
10
15 17 6 8 4 3 10 19 12 18 
6
16 2 6 19 17 1 
10
16 2 13 11 3 19 10 8 14 17 
7
16 4 13 3 5 14 20 
4
16 4 13 18 
9
16 11 18 12 17 19 13 2 6 
9
16 11 20 1 14 17 2 18 12 
7
16 13 11 6 8 2 10 
4
16 17 1 11 
5
16 18 1 3 2 
4
16 19 10 2 
4
16 19 13 2 
10
16 20 7 11 6 18 12 9 15 8 
7
17 7 20 3 14 2 11 
8
17 10 2 11 6 1 5 3 
9
17 10 12 8 15 4 6 1 3 
12
17 19 3 18 7 9 20 1 10 13 11 6 
6
18 7 8 13 11 14 
7
18 8 12 15 7 20 11 
13
18 13 4 3 14 2 12 8 10 17 16 15 5 
7
19 11 3 15 12 9 7 
7
19 12 4 13 14 20 15 
5
19 12 15 20 18 
6
19 20 5 11 12 2 
20
20 5 7 11 18 1 14 16 6 19 2 17 8 15 3 10 4 13 12 9 
