20 90 150
1 2
1 3
1 6
1 7
1 13
1 16
1 17
2 6
2 8
2 10
2 15
2 20
3 4
3 6
3 7
3 10
3 15
3 16
3 19
4 7
4 9
4 12
4 13
4 20
5 7
5 8
5 10
5 12
5 13
5 15
5 16
5 17
5 18
5 19
5 20
6 9
6 12
6 13
6 14
6 17
6 19
6 20
7 9
7 11
7 13
7 15
7 16
7 17
7 18
8 11
8 15
8 17
8 18
8 19
8 20
9 10
9 11
9 16
9 17
9 18
10 11
10 12
10 13
10 15
10 16
10 17
11 12
11 13
11 16
11 17
11 19
11 20
12 13
12 16
13 14
13 16
13 19
13 20
14 15
14 17
14 19
15 19
15 20
16 17
16 18
16 20
17 18
17 19
18 19
18 20
5
1 2 8 15 3 
4
1 3 7 18 
12
1 3 16 13 14 15 10 2 20 11 8 19 
8
1 6 17 16 13 4 3 10 
5
1 7 17 8 5 
5
1 13 12 4 20 
5
1 13 14 17 11 
4
2 1 16 17 
5
2 6 17 19 8 
4
2 8 11 17 
6
2 8 17 18 7 15 
4
2 8 18 20 
10
2 10 3 4 20 5 15 14 13 16 
4
2 10 11 20 
8
2 15 7 16 11 20 18 19 
7
2 15 14 17 7 9 18 
5
3 1 6 9 11 
5
3 4 7 15 2 
11
3 4 9 11 16 5 18 17 14 15 10 
11
3 6 1 2 20 13 12 10 17 19 18 
6
3 7 5 18 19 11 
8
3 7 9 4 12 13 11 19 
4
3 7 11 20 
18
3 7 13 14 15 2 20 11 16 1 17 5 8 19 6 12 10 9 
7
3 7 15 19 14 13 1 
4
3 10 5 12 
7
3 15 20 8 19 14 6 
4
3 16 5 8 
6
3 16 17 5 8 11 
10
3 16 17 10 9 6 12 13 7 11 
15
3 19 8 2 10 15 5 17 18 7 16 11 20 13 1 
6
4 3 7 11 19 15 
19
4 3 15 14 6 1 17 16 20 13 7 9 10 5 19 18 8 11 12 
5
4 7 1 6 17 
4
4 7 18 16 
4
4 9 10 3 
5
4 9 16 12 6 
6
4 9 16 12 13 19 
20
4 9 17 10 3 7 13 14 19 6 12 11 20 5 16 1 2 15 8 18 
20
4 12 6 3 15 10 16 17 19 14 13 5 18 9 7 11 20 8 2 1 
4
4 12 16 13 
5
4 20 8 19 18 
5
4 20 11 7 3 
9
5 10 11 16 18 9 4 13 12 
10
5 10 13 4 3 6 12 16 17 1 
12
5 12 10 3 7 16 11 17 8 19 15 20 
10
5 17 6 14 15 10 13 16 18 19 
6
5 17 11 20 15 14 
6
5 20 8 19 13 7 
7
5 20 16 11 19 15 2 
6
6 1 13 14 19 11 
4
6 13 10 11 
10
6 19 17 14 15 7 9 4 12 5 
9
7 1 17 8 5 13 16 3 10 
5
7 3 6 19 14 
5
7 4 13 6 20 
7
7 9 17 19 13 20 15 
6
7 11 9 10 13 5 
10
7 11 16 5 10 15 8 20 13 1 
4
7 13 5 20 
4
7 15 20 4 
4
7 18 9 17 
5
8 2 15 20 4 
4
8 5 7 17 
10
8 5 10 2 6 3 15 20 11 17 
4
8 5 13 11 
8
8 18 5 19 14 6 12 11 
12
8 18 16 13 11 20 5 15 19 6 1 2 
8
8 19 3 4 7 17 16 9 
14
8 19 14 13 12 5 17 18 20 2 6 9 7 11 
4
9 10 11 13 
5
9 10 13 14 6 
6
9 11 10 3 6 14 
8
9 16 7 5 15 14 6 3 
5
9 16 11 17 19 
13
9 17 1 6 2 10 3 16 18 19 14 13 7 
7
9 17 5 8 11 20 6 
6
9 17 11 20 18 7 
11
10 2 20 18 5 7 13 1 16 17 6 
4
10 3 4 13 
6
10 3 7 1 17 14 
4
10 11 9 6 
14
10 11 17 8 15 5 7 16 18 19 14 6 13 20 
15
10 12 4 3 7 13 14 6 1 16 20 5 15 8 2 
4
10 13 4 9 
6
10 13 14 17 5 8 
11
10 15 20 4 13 12 5 8 11 19 3 
5
10 15 20 18 7 
10
10 16 12 4 7 13 5 8 17 6 
9
10 16 12 4 9 11 8 15 14 
7
10 16 20 5 19 13 12 
9
11 7 17 16 13 10 15 14 19 
6
11 8 2 6 1 7 
5
11 8 17 9 6 
6
11 19 5 8 15 20 
9
12 4 7 13 14 17 9 16 10 
5
12 4 20 6 17 
8
12 10 13 19 5 15 8 18 
4
12 10 17 14 
12
12 11 13 7 15 10 5 8 19 17 16 20 
6
12 16 1 17 18 8 
12
13 1 2 15 3 19 8 11 17 7 5 10 
5
13 1 6 9 10 
4
13 1 6 14 
6
13 6 9 18 7 17 
8
13 6 19 14 17 5 12 16 
5
13 10 16 17 8 
5
13 16 3 4 7 
19
14 13 5 8 20 15 3 19 11 16 18 7 9 10 17 1 6 12 4 
8
14 13 16 3 7 18 19 8 
11
14 15 20 2 8 19 13 4 9 18 17 
9
14 17 1 16 20 15 8 5 10 
11
14 19 8 18 17 16 1 6 9 4 3 
6
15 2 6 1 16 12 
12
15 3 6 2 10 5 17 16 1 13 19 11 
7
15 3 6 12 10 2 1 
6
15 8 18 7 1 16 
5
15 10 2 20 13 
5
16 3 6 17 19 
4
16 5 8 18 
5
16 7 1 17 9 
7
16 7 13 14 19 8 20 
5
16 7 15 20 4 
5
16 9 18 20 13 
12
16 12 11 20 8 2 10 17 18 7 4 13 
7
16 13 19 6 3 7 1 
5
16 17 10 12 4 
4
16 20 13 19 
10
17 1 3 10 16 7 9 4 13 12 
7
17 6 12 16 18 9 10 
5
17 6 12 16 20 
5
17 8 5 16 11 
6
17 9 10 3 4 12 
4
17 10 5 19 
13
17 16 12 11 19 13 20 6 9 10 2 15 5 
4
17 19 8 15 
4
18 9 6 12 
4
18 9 11 13 
13
18 16 12 4 20 11 19 8 17 5 13 6 14 
7
18 20 16 10 11 12 6 
10
19 3 10 12 11 7 17 16 18 9 
5
19 13 20 2 6 
9
19 15 7 9 10 11 16 5 8 
5
19 17 11 12 16 
10
20 2 1 3 7 5 8 15 10 13 
4
20 8 11 12 
5
20 11 16 18 7 
11
20 13 1 16 17 11 8 19 18 9 7 
8
20 13 6 1 2 15 19 14 
6
20 16 9 10 15 5 
