20 90 500
1 2
1 3
1 6
1 7
1 13
1 16
1 17
2 6
2 8
2 10
2 15
2 20
3 4
3 6
3 7
3 10
3 15
3 16
3 19
4 7
4 9
4 12
4 13
4 20
5 7
5 8
5 10
5 12
5 13
5 15
5 16
5 17
5 18
5 19
5 20
6 9
6 12
6 13
6 14
6 17
6 19
6 20
7 9
7 11
7 13
7 15
7 16
7 17
7 18
8 11
8 15
8 17
8 18
8 19
8 20
9 10
9 11
9 16
9 17
9 18
10 11
10 12
10 13
10 15
10 16
10 17
11 12
11 13
11 16
11 17
11 19
11 20
12 13
12 16
13 14
13 16
13 19
13 20
14 15
14 17
14 19
15 19
15 20
16 17
16 18
16 20
17 18
17 19
18 19
18 20
7
1 2 6 9 16 11 10 
6
1 2 6 14 13 20 
14
1 2 6 19 3 10 11 20 15 5 12 4 7 16 
19
1 2 8 11 9 18 7 17 19 13 10 15 5 16 20 4 12 6 3 
14
1 2 8 11 20 18 5 16 17 14 6 13 7 9 
18
1 2 8 15 7 17 5 20 16 9 11 12 6 14 19 3 10 13 
6
1 2 10 13 16 11 
4
1 2 10 17 
6
1 2 15 3 10 16 
8
1 2 15 14 6 20 5 13 
4
1 2 20 16 
4
1 3 4 12 
6
1 3 10 11 13 7 
4
1 3 19 13 
20
1 7 4 13 11 8 5 17 9 16 18 20 6 12 10 2 15 3 19 14 
11
1 7 5 12 4 9 18 17 19 6 2 
5
1 7 11 13 12 
5
1 7 11 20 6 
10
1 7 16 3 15 2 20 4 9 10 
6
1 13 20 8 11 9 
5
1 13 20 18 8 
7
1 16 3 4 7 17 14 
4
1 16 5 7 
4
1 16 9 18 
10
1 17 6 9 7 16 20 18 19 5 
8
1 17 7 9 16 3 6 2 
4
1 17 8 15 
7
1 17 9 4 13 6 14 
8
1 17 16 3 10 12 4 9 
4
2 1 7 15 
5
2 1 16 18 9 
16
2 1 17 6 3 4 9 16 13 5 10 11 20 8 15 19 
12
2 1 17 19 14 15 7 18 8 11 13 12 
6
2 6 1 13 5 8 
20
2 6 1 13 12 11 9 10 3 16 20 4 7 5 8 18 19 15 14 17 
4
2 6 9 4 
11
2 6 12 11 20 5 19 8 15 3 10 
8
2 6 12 13 7 11 9 4 
18
2 6 14 17 8 18 7 13 12 5 15 20 16 1 3 10 9 4 
4
2 6 17 7 
6
2 6 17 14 15 10 
13
2 6 19 3 7 1 17 18 16 13 4 9 11 
7
2 6 19 8 18 16 7 
4
2 8 11 9 
8
2 8 17 19 6 12 10 16 
17
2 8 17 19 13 1 6 9 4 3 16 5 18 20 15 7 11 
4
2 8 18 19 
7
2 10 5 16 17 7 3 
13
2 10 5 17 9 18 20 16 13 12 6 19 8 
6
2 10 9 4 12 16 
5
2 10 16 9 7 
5
2 20 4 7 9 
6
2 20 11 7 13 1 
11
2 20 11 16 7 3 19 15 14 6 12 
4
3 1 2 8 
14
3 1 2 10 17 5 8 19 13 6 20 18 16 7 
11
3 1 2 15 10 12 13 14 19 6 20 
5
3 1 6 12 5 
6
3 1 6 13 4 20 
6
3 1 16 11 12 6 
20
3 4 12 10 16 11 20 5 15 14 19 13 7 1 2 6 9 17 8 18 
6
3 4 13 20 2 10 
6
3 4 20 5 19 8 
5
3 6 13 16 11 
6
3 6 14 15 2 20 
6
3 6 17 7 18 20 
6
3 6 19 14 17 7 
8
3 7 4 13 6 14 15 19 
4
3 7 5 13 
5
3 7 17 1 6 
5
3 7 17 6 12 
19
3 10 2 6 14 15 19 17 1 16 5 13 11 7 4 9 18 20 8 
4
3 10 11 13 
4
3 10 15 2 
4
3 10 16 11 
8
3 15 2 1 13 16 7 5 
6
3 15 2 20 13 4 
7
3 15 5 13 14 6 1 
6
3 15 7 11 20 16 
8
3 15 20 16 17 18 5 10 
6
3 16 10 13 7 9 
7
3 16 18 5 10 17 9 
9
3 16 20 6 2 10 12 13 14 
6
3 19 5 7 9 10 
5
3 19 13 7 4 
8
3 19 14 17 9 6 1 2 
4
3 19 18 16 
6
3 19 18 20 2 6 
10
4 3 1 6 19 15 8 18 20 2 
8
4 3 1 7 17 6 20 2 
10
4 3 10 13 19 6 12 11 17 14 
18
4 3 15 19 17 11 12 6 20 2 10 5 16 18 9 7 13 1 
6
4 3 15 20 11 9 
8
4 3 19 18 9 17 14 15 
18
4 7 1 3 16 20 2 8 18 19 6 9 17 5 10 13 11 12 
16
4 7 9 11 12 6 14 13 1 3 19 8 18 5 17 16 
16
4 7 18 19 8 11 17 9 10 15 20 5 16 3 1 2 
4
4 9 10 11 
15
4 9 10 12 5 7 13 16 17 11 20 18 8 15 14 
8
4 9 11 8 19 15 7 5 
6
4 9 11 13 14 17 
5
4 9 17 7 11 
9
4 12 5 7 16 20 18 17 1 
14
4 12 6 2 15 20 11 19 3 10 5 13 1 17 
6
4 12 6 13 14 17 
11
4 12 10 16 20 2 1 7 15 3 19 
7
4 12 11 20 5 15 14 
6
4 12 13 5 16 17 
5
4 12 13 14 6 
4
4 12 16 13 
4
4 20 15 8 
11
4 20 18 7 1 13 16 3 15 5 19 
8
4 20 18 9 11 7 13 6 
5
5 7 18 16 9 
7
5 8 11 13 4 12 16 
11
5 8 18 9 11 16 12 4 3 19 15 
8
5 8 19 15 2 20 4 3 
7
5 10 2 15 20 6 1 
19
5 10 3 1 2 15 20 18 8 19 6 13 4 9 16 11 7 17 14 
15
5 10 3 15 14 19 8 18 20 13 4 9 16 7 11 
5
5 10 9 11 7 
4
5 10 11 13 
9
5 10 16 3 6 17 18 7 15 
7
5 12 6 14 15 19 13 
5
5 12 10 11 16 
6
5 13 1 2 6 12 
6
5 13 14 6 19 11 
4
5 15 3 4 
5
5 16 1 7 18 
16
5 16 7 13 1 17 10 15 3 4 9 18 19 11 20 6 
8
5 16 10 2 8 18 17 19 
11
5 16 12 6 14 19 17 7 15 3 4 
4
5 17 9 18 
4
5 17 18 7 
18
5 18 8 19 11 12 4 20 13 7 9 16 3 6 17 10 15 14 
5
5 19 3 7 16 
6
5 19 14 17 9 16 
12
5 19 14 17 18 7 13 11 16 9 10 3 
10
6 1 13 16 5 17 19 11 8 15 
5
6 1 17 8 20 
13
6 2 10 5 17 16 12 11 13 19 15 7 1 
20
6 3 7 4 20 2 10 12 11 9 17 5 8 15 19 14 13 1 16 18 
14
6 3 10 2 8 18 19 17 1 7 4 9 11 13 
8
6 3 10 11 20 8 15 5 
12
6 3 15 19 14 17 10 16 18 20 8 11 
6
6 3 16 9 4 13 
6
6 9 11 13 20 18 
4
6 9 11 16 
17
6 12 5 13 16 20 15 7 9 11 19 8 18 17 10 3 4 
14
6 12 16 3 1 2 8 15 20 5 10 17 19 18 
5
6 13 4 7 17 
5
6 13 5 17 18 
4
6 13 16 1 
7
6 13 16 10 17 11 12 
7
6 14 13 5 18 19 11 
4
6 14 13 11 
4
6 14 15 10 
5
6 19 5 20 2 
4
6 19 13 20 
4
6 19 15 10 
7
6 20 11 7 15 5 19 
4
7 1 3 6 
5
7 1 13 6 14 
7
7 1 16 18 20 11 10 
6
7 1 17 16 5 13 
20
7 3 4 20 16 12 11 19 8 2 15 10 13 1 6 14 17 5 18 9 
8
7 4 3 10 5 15 2 1 
9
7 4 9 18 5 12 6 3 16 
9
7 4 12 13 11 16 20 2 1 
5
7 4 20 2 6 
5
7 5 8 11 19 
4
7 5 8 17 
4
7 5 16 1 
6
7 9 6 17 5 10 
6
7 9 16 12 11 10 
4
7 11 13 19 
4
7 11 17 5 
4
7 11 19 6 
19
7 13 4 20 18 17 14 6 19 15 5 12 16 10 3 1 2 8 11 
4
7 16 1 2 
8
7 16 18 5 20 4 9 6 
7
7 18 20 5 15 3 1 
6
8 2 15 5 7 16 
12
8 2 15 7 13 10 5 18 9 11 20 4 
15
8 2 20 6 13 1 3 7 15 5 10 12 16 9 17 
4
8 5 7 9 
5
8 5 7 17 14 
7
8 11 9 10 15 2 1 
7
8 11 10 16 18 17 9 
4
8 11 10 17 
6
8 15 2 6 20 11 
9
8 15 3 7 13 20 5 16 10 
11
8 17 1 7 15 3 6 19 5 12 4 
14
8 18 5 17 6 1 13 20 4 9 11 19 3 7 
9
8 18 7 13 10 5 12 11 9 
15
8 18 9 11 16 7 5 19 17 10 13 14 15 3 4 
6
8 18 17 14 15 2 
4
8 19 11 12 
6
8 19 13 16 12 5 
10
8 20 4 3 16 17 9 11 12 10 
4
8 20 4 7 
5
8 20 6 17 10 
6
9 4 12 16 20 18 
6
9 4 13 14 15 2 
5
9 6 1 7 3 
20
9 6 12 5 8 18 17 16 1 7 4 20 2 15 3 10 11 13 19 14 
4
9 6 12 13 
8
9 6 13 10 17 8 19 3 
5
9 6 14 17 7 
5
9 7 11 20 15 
11
9 7 18 19 17 5 20 4 12 10 3 
19
9 10 3 6 2 15 8 17 11 19 13 1 7 18 5 16 12 4 20 
5
9 10 12 16 1 
7
9 10 15 3 7 5 17 
12
9 11 10 15 2 6 3 1 16 13 19 8 
19
9 11 12 4 20 5 8 17 1 3 16 10 13 14 19 6 2 15 7 
5
9 11 12 10 17 
6
9 11 12 16 18 19 
5
9 16 10 2 15 
4
9 16 20 6 
10
9 16 20 18 5 7 17 19 8 11 
16
9 17 10 15 20 6 2 8 11 13 5 7 16 12 4 3 
6
9 18 5 10 13 11 
5
9 18 16 13 14 
11
10 2 1 13 6 17 9 18 16 7 4 
6
10 2 1 17 7 11 
4
10 2 8 15 
10
10 2 8 17 7 16 18 5 12 4 
5
10 2 15 20 11 
6
10 3 4 12 11 7 
4
10 3 4 20 
4
10 3 7 16 
8
10 3 7 16 18 9 6 19 
9
10 3 7 18 9 11 17 16 1 
4
10 3 16 20 
6
10 5 12 13 7 9 
4
10 9 11 17 
5
10 11 7 13 5 
7
10 12 13 4 9 16 5 
9
10 12 13 7 5 18 17 19 3 
4
10 13 12 4 
4
10 13 19 3 
4
10 15 5 7 
5
10 15 20 8 19 
4
10 16 5 8 
5
10 16 7 11 13 
15
10 16 12 6 2 1 13 5 19 17 8 18 20 4 3 
4
10 16 13 5 
5
10 16 18 20 4 
8
10 16 20 15 5 13 4 7 
5
10 17 1 2 8 
8
10 17 6 12 16 7 15 5 
4
10 17 8 11 
6
10 17 9 16 13 6 
4
11 7 17 6 
7
11 8 2 15 10 13 7 
6
11 8 20 6 17 1 
6
11 9 7 4 20 8 
4
11 10 2 6 
17
11 10 3 4 9 7 17 8 19 15 2 20 13 16 12 6 1 
4
11 12 5 8 
7
11 12 16 7 18 5 10 
4
11 13 4 3 
15
11 13 4 20 2 10 16 18 8 17 9 7 15 19 5 
15
11 13 6 12 4 9 17 18 19 8 20 15 5 7 16 
16
11 13 14 6 1 7 16 20 8 18 19 15 10 5 17 9 
7
11 13 19 5 10 16 3 
7
11 13 20 15 5 16 17 
4
11 16 3 10 
8
11 16 5 12 4 7 13 1 
4
11 16 12 4 
8
11 17 7 9 16 5 19 13 
6
11 17 9 16 3 10 
4
11 19 3 4 
8
11 19 3 7 15 5 8 2 
9
11 19 3 15 5 7 18 8 20 
4
11 19 15 10 
7
11 19 17 1 3 16 9 
8
11 19 17 1 13 16 18 8 
4
11 19 17 14 
7
11 20 2 15 5 10 9 
5
11 20 8 5 19 
4
11 20 15 5 
4
12 4 9 17 
15
12 4 9 18 5 15 2 20 8 17 1 13 14 19 11 
5
12 4 20 18 8 
8
12 5 10 16 1 2 8 19 
17
12 6 17 10 13 4 7 16 5 18 8 20 15 14 19 11 9 
8
12 6 19 18 7 5 13 11 
17
12 10 2 8 19 17 5 7 16 13 4 3 1 6 20 11 9 
8
12 10 17 5 18 20 6 13 
4
12 10 17 7 
7
12 13 1 2 15 3 7 
7
12 13 1 2 15 19 11 
11
12 13 1 6 17 16 5 20 18 7 9 
6
12 13 7 16 10 11 
6
12 13 16 17 5 10 
6
12 16 1 17 14 15 
7
12 16 9 10 17 19 5 
5
12 16 20 13 6 
4
13 1 3 4 
4
13 1 3 6 
8
13 1 3 7 5 12 11 9 
4
13 1 3 16 
6
13 1 7 9 10 11 
9
13 1 7 18 19 6 3 16 20 
8
13 4 3 10 17 16 1 6 
8
13 4 20 6 9 18 7 16 
4
13 5 15 8 
8
13 5 18 16 17 19 3 7 
5
13 5 19 3 16 
7
13 6 9 16 5 10 12 
5
13 6 17 9 4 
5
13 7 11 12 4 
5
13 7 17 19 11 
5
13 10 3 4 7 
6
13 10 5 17 19 18 
9
13 10 9 16 1 2 8 5 17 
11
13 10 17 5 12 4 3 16 18 20 2 
4
13 10 17 16 
8
13 11 20 4 9 18 5 17 
9
13 12 5 16 17 10 3 6 14 
7
13 12 6 9 18 19 11 
5
13 12 10 15 8 
18
13 14 17 18 19 6 12 5 20 16 7 15 10 3 1 2 8 11 
7
13 14 17 19 18 9 7 
4
13 16 7 18 
9
13 19 8 15 2 10 12 16 11 
18
14 6 2 15 20 8 19 17 11 12 5 10 9 7 3 1 13 4 
5
14 6 9 17 7 
5
14 6 17 7 13 
12
14 6 17 16 7 4 12 10 3 19 18 5 
7
14 6 19 5 15 20 8 
19
14 13 6 9 4 3 7 17 18 20 5 19 8 15 2 1 16 10 11 
6
14 13 10 11 20 8 
5
14 13 10 12 11 
4
14 13 19 5 
6
14 13 20 6 19 3 
12
14 15 5 16 18 8 2 6 13 7 1 17 
6
14 15 5 19 8 20 
4
14 15 7 17 
7
14 15 10 11 19 18 9 
18
14 15 19 11 12 4 20 5 13 10 9 18 17 8 2 6 3 7 
5
14 17 5 13 1 
5
14 17 6 19 3 
10
14 17 8 5 10 2 20 18 7 9 
8
14 19 5 13 7 9 6 20 
8
14 19 5 17 11 13 1 7 
19
14 19 13 1 3 6 17 10 5 12 4 7 16 20 18 9 11 8 15 
9
14 19 13 6 20 16 10 5 8 
5
14 19 17 5 18 
5
15 2 6 13 20 
6
15 2 8 11 19 18 
9
15 2 8 17 5 12 13 19 18 
5
15 2 8 18 9 
4
15 2 10 5 
4
15 2 10 9 
7
15 3 7 11 8 17 14 
11
15 3 10 12 5 13 16 9 11 7 1 
18
15 5 17 10 2 1 13 14 19 3 7 11 16 18 8 20 6 12 
14
15 7 3 19 18 20 16 12 5 8 17 11 9 10 
7
15 8 5 7 16 17 11 
7
15 10 13 20 6 19 5 
9
15 10 17 18 7 11 19 14 13 
5
15 14 6 1 2 
5
15 14 17 16 7 
10
15 14 19 18 20 2 6 12 5 16 
14
15 19 3 10 5 8 20 4 12 13 14 17 11 16 
4
15 19 6 1 
5
16 1 2 20 18 
8
16 1 3 10 12 4 20 18 
4
16 1 17 8 
4
16 3 7 18 
16
16 3 10 5 13 19 15 20 2 1 7 9 11 8 18 17 
6
16 3 15 5 18 19 
5
16 3 15 7 13 
14
16 5 7 13 12 11 9 18 20 2 6 19 14 15 
4
16 5 19 8 
4
16 7 1 2 
4
16 9 10 17 
5
16 10 3 4 13 
6
16 10 17 5 19 14 
9
16 10 17 18 20 6 9 4 7 
4
16 12 4 9 
6
16 12 6 17 10 11 
14
16 12 10 11 9 4 7 17 18 20 6 13 19 14 
4
16 12 13 4 
4
16 13 5 18 
7
16 13 5 20 6 14 17 
5
16 13 7 15 10 
4
16 13 11 17 
7
16 17 19 13 20 18 9 
4
16 17 19 15 
5
16 18 19 5 12 
8
16 20 4 9 17 11 19 13 
5
16 20 18 19 15 
7
17 1 13 11 10 15 5 
6
17 6 13 10 15 14 
5
17 6 19 5 8 
4
17 6 20 4 
9
17 7 1 3 19 5 10 13 4 
14
17 7 4 9 6 3 15 20 13 1 16 12 10 5 
4
17 7 4 12 
11
17 7 11 16 12 13 10 15 3 19 6 
6
17 7 15 8 19 6 
7
17 8 19 18 16 1 13 
8
17 9 10 11 13 1 3 15 
6
17 9 11 16 7 13 
7
17 10 2 8 11 13 16 
6
17 10 3 19 18 5 
4
17 10 12 13 
5
17 10 12 13 14 
4
17 10 13 19 
4
17 10 16 20 
6
17 11 9 10 16 13 
8
17 14 6 19 5 18 9 4 
6
17 14 15 8 11 19 
4
17 14 19 6 
6
17 16 3 1 13 12 
8
17 16 5 10 11 13 6 3 
5
17 16 9 10 15 
10
17 16 11 19 6 13 1 3 4 7 
4
17 16 18 20 
7
17 19 3 7 11 9 16 
6
17 19 18 5 10 11 
16
18 5 7 1 6 20 2 15 8 19 3 10 9 16 12 4 
13
18 7 4 12 13 20 5 8 19 17 16 9 11 
9
18 7 9 10 13 20 8 17 16 
10
18 8 2 15 7 17 14 19 3 6 
5
18 8 2 15 19 
5
18 8 5 16 20 
5
18 8 5 20 13 
18
18 8 11 12 16 9 7 5 20 4 3 6 2 10 17 19 14 15 
6
18 8 17 19 14 6 
4
18 8 20 13 
7
18 8 20 16 5 7 3 
6
18 9 10 11 17 5 
6
18 9 10 15 5 19 
9
18 16 1 7 17 6 3 15 19 
13
18 16 3 19 11 8 5 12 13 1 6 20 15 
7
18 16 13 10 15 20 8 
5
18 16 13 14 15 
9
18 16 20 15 7 11 12 10 2 
4
18 17 19 8 
10
18 17 19 8 15 5 13 14 6 3 
6
18 19 6 20 8 2 
7
18 19 8 2 6 12 10 
4
18 20 4 9 
8
18 20 4 12 6 1 16 11 
4
18 20 5 10 
11
18 20 5 10 12 13 16 11 19 17 9 
4
18 20 5 15 
5
18 20 6 12 13 
15
18 20 8 15 10 11 12 13 16 7 4 9 17 5 19 
8
19 3 1 6 9 7 18 20 
13
19 3 4 13 12 6 1 17 7 11 16 9 18 
4
19 3 6 17 
4
19 3 7 9 
4
19 3 10 9 
15
19 3 10 9 18 7 17 16 1 2 8 20 5 12 6 
10
19 3 15 5 17 8 2 10 16 1 
10
19 5 12 13 6 17 7 16 20 15 
5
19 5 20 2 8 
7
19 6 2 1 13 12 4 
4
19 6 12 16 
4
19 8 11 10 
5
19 8 20 5 12 
15
19 11 10 5 20 2 8 15 3 6 12 13 16 7 4 
8
19 11 10 15 2 6 3 1 
11
19 11 16 10 15 5 20 8 18 17 14 
4
19 11 17 8 
6
19 13 16 17 11 9 
12
19 14 6 13 10 16 12 11 20 8 15 5 
7
19 15 8 5 16 17 11 
9
19 15 10 17 11 7 16 18 20 
7
19 17 5 12 16 20 18 
7
19 17 9 10 15 5 7 
6
19 17 18 9 10 5 
12
19 18 5 16 9 11 10 13 14 15 20 2 
7
19 18 7 3 4 12 13 
4
19 18 9 10 
11
20 2 1 16 7 4 9 11 19 5 15 
6
20 2 8 17 10 11 
7
20 4 7 18 5 15 10 
11
20 5 15 2 8 18 17 16 13 19 14 
9
20 6 1 17 9 11 13 12 5 
14
20 6 9 10 2 8 11 16 18 17 19 5 12 4 
4
20 6 12 13 
13
20 8 2 6 13 12 4 7 5 15 19 3 10 
7
20 8 5 12 13 4 9 
12
20 8 17 7 16 5 18 9 10 2 15 14 
8
20 11 7 3 1 17 6 2 
8
20 11 9 16 3 10 13 1 
8
20 11 16 1 3 4 12 13 
7
20 15 5 13 6 17 18 
14
20 15 19 11 8 2 10 3 7 9 16 1 6 17 
17
20 16 9 10 11 17 18 7 1 3 6 12 13 19 5 15 14 
10
20 16 10 17 7 9 18 8 15 14 
12
20 16 17 8 2 15 5 18 19 13 6 3 
4
20 18 8 17 
