30 224 100
1 2
1 3
1 5
1 6
1 7
1 8
1 10
1 13
1 15
1 19
1 21
1 24
1 25
1 26
1 27
1 29
1 30
2 3
2 5
2 11
2 12
2 13
2 14
2 15
2 16
2 18
2 23
2 24
2 26
2 27
2 28
3 4
3 6
3 7
3 11
3 16
3 18
3 19
3 20
3 21
3 23
3 26
3 27
3 28
3 29
4 5
4 7
4 8
4 9
4 21
4 23
4 24
4 27
4 28
5 7
5 10
5 11
5 13
5 14
5 15
5 17
5 18
5 19
5 20
5 22
5 23
5 24
5 25
5 28
6 7
6 11
6 12
6 14
6 16
6 17
6 20
6 23
6 24
6 25
6 28
6 29
6 30
7 10
7 12
7 15
7 17
7 20
7 22
7 24
7 25
7 26
7 27
7 30
8 11
8 14
8 15
8 17
8 20
8 21
8 23
8 24
8 26
8 28
8 29
9 11
9 14
9 16
9 17
9 18
9 22
9 24
9 28
9 29
10 13
10 15
10 17
10 18
10 21
10 23
10 24
10 26
10 30
11 12
11 13
11 14
11 15
11 18
11 19
11 20
11 21
11 23
11 24
11 25
11 27
11 28
12 13
12 15
12 17
12 19
12 20
12 22
12 25
12 27
12 30
13 14
13 16
13 18
13 23
13 25
13 29
14 15
14 16
14 18
14 19
14 23
14 24
14 27
14 28
14 29
14 30
15 16
15 17
15 18
15 19
15 21
15 22
15 23
15 24
15 26
15 29
16 18
16 24
16 27
16 28
16 29
17 18
17 19
17 20
17 21
17 24
17 26
17 27
17 28
17 29
18 20
18 21
18 23
18 28
18 29
18 30
19 21
19 23
19 24
19 25
19 26
19 27
19 29
20 23
20 24
20 27
20 29
20 30
21 22
21 23
21 25
21 26
21 28
22 25
22 27
22 29
22 30
23 24
23 25
23 28
24 28
25 26
25 28
26 28
26 29
26 30
27 28
27 29
27 30
28 30
5
1 7 25 28 16 
28
1 10 30 7 4 5 2 26 29 9 14 24 6 16 28 8 21 11 25 13 18 20 3 27 12 19 15 23 
4
2 3 26 17 
10
2 11 8 26 15 12 30 1 5 24 
6
2 13 10 15 24 4 
6
2 24 7 12 27 1 
8
4 8 14 24 1 29 17 9 
15
4 24 8 23 20 30 7 15 29 17 18 2 12 22 5 
15
4 28 17 12 25 11 23 10 15 18 14 30 26 21 22 
18
4 28 27 30 6 12 25 5 19 15 29 18 13 23 14 2 11 8 
10
5 1 15 7 22 21 8 11 13 23 
24
5 7 4 23 8 20 18 11 14 24 9 28 21 1 27 3 19 17 15 10 26 30 12 22 
6
5 11 18 29 17 24 
9
5 11 27 17 21 19 25 6 28 
30
5 13 1 6 14 15 23 21 25 7 12 2 16 9 28 3 26 10 18 30 22 29 20 27 19 11 8 4 24 17 
4
5 14 6 20 
29
5 17 21 22 27 4 3 1 10 7 26 29 19 14 24 9 28 18 23 25 11 20 12 13 2 15 16 6 30 
12
5 22 30 1 2 26 21 15 19 12 13 16 
7
5 25 1 26 10 18 20 
4
5 25 13 1 
11
6 7 10 26 28 11 9 16 24 2 27 
20
6 11 25 7 15 18 13 2 14 27 30 28 23 20 17 26 21 1 19 24 
24
6 20 7 10 15 12 22 27 30 18 23 21 4 8 17 19 14 5 28 26 2 1 3 29 
12
6 23 21 25 1 13 18 14 15 12 11 20 
5
7 3 11 25 12 
10
7 3 23 8 14 19 1 27 12 20 
15
7 3 23 20 8 14 6 16 27 2 5 22 25 28 24 
8
7 5 28 3 23 11 24 19 
18
7 6 23 28 2 27 17 20 8 11 24 4 3 19 26 1 10 30 
8
7 10 17 5 18 16 9 28 
10
7 12 15 22 27 28 17 6 20 29 
5
7 25 26 30 1 
4
8 15 18 2 
24
8 26 10 30 22 29 19 12 2 3 28 16 6 24 1 5 18 13 25 23 11 9 17 27 
8
8 28 14 18 20 30 26 19 
21
8 28 24 10 15 18 14 2 16 27 12 7 26 3 19 25 22 21 11 20 23 
14
9 16 2 23 10 26 1 21 11 5 14 24 20 30 
19
9 17 27 19 21 28 6 30 26 10 1 8 20 11 24 15 14 23 5 
15
9 18 29 15 17 12 22 5 19 26 25 28 8 14 23 
20
9 29 15 24 17 10 26 30 1 19 25 23 13 14 2 5 20 3 4 27 
6
10 1 19 5 17 28 
5
10 7 6 23 15 
23
10 7 15 8 11 14 5 20 24 2 3 21 19 23 13 1 29 26 28 16 18 17 6 
28
10 13 14 18 17 24 2 27 1 15 12 25 26 3 21 19 23 11 5 7 6 16 28 30 20 29 9 22 
14
10 15 14 16 9 4 5 28 17 19 11 6 3 23 
14
11 2 16 6 25 5 20 27 19 23 4 21 3 29 
4
11 3 23 6 
4
11 20 12 30 
4
11 20 24 16 
4
11 21 28 2 
10
12 2 1 29 3 6 7 10 30 28 
15
12 17 27 3 21 4 23 5 15 29 6 7 20 8 26 
8
13 1 10 24 9 29 18 20 
18
13 11 23 2 15 26 29 6 25 12 7 17 24 4 3 27 28 21 
5
13 14 16 3 29 
19
13 25 5 28 11 21 1 7 15 18 29 17 19 3 2 26 8 14 16 
10
14 2 1 6 12 27 28 11 20 3 
10
14 18 10 23 15 24 17 8 20 11 
4
15 10 7 30 
9
15 29 26 21 8 28 30 1 13 
7
17 5 10 1 15 11 2 
4
17 7 5 14 
10
17 24 8 4 9 29 1 15 19 26 
8
17 29 15 19 1 5 22 21 
16
18 9 14 29 22 27 4 28 26 19 21 8 23 11 20 3 
10
18 16 28 21 17 9 24 11 25 1 
12
19 21 11 27 7 20 23 5 2 1 15 14 
15
19 24 9 11 15 29 26 28 14 18 3 1 13 25 12 
15
19 29 13 10 17 26 21 3 23 14 24 2 27 16 28 
9
20 17 28 2 1 26 21 3 11 
15
20 24 4 3 11 19 5 15 8 28 14 18 9 29 1 
5
21 11 9 28 26 
7
21 17 28 23 8 24 9 
13
21 23 18 2 27 17 9 4 5 11 3 28 30 
7
21 25 26 7 15 11 14 
13
22 5 28 4 24 11 9 14 16 2 1 27 17 
12
22 12 6 11 19 29 1 8 23 3 28 17 
8
22 30 12 25 28 9 4 3 
10
23 2 13 14 15 17 6 1 19 12 
7
23 2 24 16 13 12 27 
9
23 8 20 27 2 16 3 7 12 
14
23 11 21 22 12 30 20 7 6 16 9 14 27 29 
4
24 2 14 8 
4
24 8 15 21 
5
24 8 21 1 3 
30
25 6 12 2 5 20 30 1 3 19 15 24 17 7 10 13 18 11 23 21 26 8 14 29 22 9 16 28 27 4 
12
25 23 24 1 10 18 11 12 19 5 15 7 
9
26 2 27 3 11 15 29 22 21 
5
26 17 15 19 12 
8
26 21 4 5 1 7 27 14 
22
27 3 19 23 20 11 25 28 26 1 15 7 17 29 8 24 16 13 5 22 9 4 
18
27 14 11 6 30 22 15 12 2 1 5 7 3 23 25 26 28 9 
8
27 29 16 18 13 14 11 19 
14
28 3 7 5 15 22 12 27 11 14 13 1 29 16 
9
28 24 4 23 13 12 6 25 26 
8
29 3 4 8 11 13 23 6 
18
29 3 19 5 28 18 2 16 24 17 7 20 23 13 1 15 12 11 
4
29 9 24 16 
13
30 7 6 11 2 15 14 28 9 24 8 26 29 
8
30 14 27 4 21 8 20 24 
