20 156 150
1 2
1 4
1 5
1 6
1 7
1 8
1 11
1 13
1 14
1 16
1 18
1 19
1 20
2 3
2 4
2 5
2 6
2 7
2 8
2 9
2 10
2 12
2 13
2 14
2 15
2 16
2 17
2 18
2 19
2 20
3 4
3 5
3 6
3 7
3 8
3 9
3 10
3 11
3 12
3 13
3 14
3 15
3 17
3 19
3 20
4 5
4 6
4 7
4 8
4 10
4 11
4 12
4 13
4 14
4 16
4 17
4 18
4 19
5 6
5 7
5 8
5 9
5 10
5 11
5 12
5 13
5 14
5 15
5 18
5 19
6 7
6 8
6 9
6 10
6 11
6 12
6 13
6 14
6 16
6 17
6 18
6 19
6 20
7 8
7 9
7 10
7 11
7 12
7 13
7 14
7 15
7 16
7 17
7 18
7 19
8 9
8 10
8 12
8 13
8 14
8 15
8 16
8 17
8 18
8 19
8 20
9 10
9 11
9 12
9 13
9 14
9 15
9 16
9 17
9 19
9 20
10 11
10 12
10 13
10 14
10 15
10 18
10 20
11 12
11 13
11 14
11 16
11 17
11 19
11 20
12 13
12 14
12 16
12 17
12 18
12 19
12 20
13 14
13 16
13 17
13 18
14 15
14 16
14 17
14 19
15 16
15 17
15 19
15 20
16 17
16 18
16 19
16 20
17 18
17 19
17 20
4
1 2 18 10 
4
1 4 5 15 
11
1 6 2 14 16 4 10 11 5 8 18 
6
1 6 9 20 2 5 
5
1 7 11 6 4 
4
1 11 14 5 
7
1 11 17 13 2 3 7 
10
1 13 14 4 17 9 5 7 10 12 
7
2 3 6 20 17 19 4 
12
2 5 8 7 4 16 9 3 12 14 13 17 
4
2 5 12 10 
9
2 12 3 13 9 14 5 1 16 
13
2 13 8 15 19 9 3 4 10 11 12 5 1 
10
2 17 14 3 6 18 4 5 19 9 
8
2 19 16 11 7 13 18 8 
12
3 4 19 15 8 13 11 14 7 10 12 2 
20
3 5 10 15 8 20 17 9 13 14 6 18 1 11 19 12 7 4 2 16 
5
3 7 11 9 10 
8
3 7 11 17 4 1 2 16 
11
3 7 16 17 13 12 6 9 8 14 10 
12
3 9 15 2 10 4 12 5 1 14 6 16 
5
3 10 11 14 12 
7
3 10 12 8 9 5 18 
4
3 17 12 19 
13
4 6 5 13 7 11 12 8 2 17 20 10 15 
10
4 10 3 19 2 6 11 13 5 18 
5
4 10 11 14 2 
16
4 19 16 11 5 6 13 14 10 2 8 9 17 3 20 1 
7
5 10 7 17 16 2 14 
4
5 11 7 14 
4
6 4 1 5 
4
6 5 19 11 
4
6 8 13 1 
10
6 9 2 17 4 11 12 20 16 1 
4
6 9 19 16 
5
6 16 17 19 8 
8
6 18 4 13 1 14 5 11 
7
6 18 8 20 10 11 5 
4
6 19 17 18 
12
7 9 20 15 5 13 3 4 10 2 17 11 
6
7 15 19 8 14 16 
4
7 17 12 2 
5
8 1 19 7 16 
6
8 4 11 20 6 13 
6
8 4 12 2 15 19 
4
8 5 11 19 
20
8 9 6 20 1 13 7 10 4 2 19 14 3 11 5 12 16 15 17 18 
4
8 13 5 10 
7
8 14 5 18 1 13 16 
4
8 16 7 2 
5
8 18 2 7 3 
6
8 18 5 7 13 3 
16
8 18 5 11 16 15 10 12 13 14 2 17 4 3 7 9 
6
9 3 13 2 7 16 
5
9 5 12 2 18 
9
9 5 19 4 11 20 6 18 10 
7
9 8 5 6 16 7 2 
20
9 13 16 12 18 17 14 11 4 7 15 10 8 20 2 1 6 19 5 3 
7
9 14 7 11 3 4 17 
4
9 14 8 17 
6
9 14 15 20 10 18 
6
9 16 2 13 5 3 
8
9 17 15 19 7 16 1 20 
8
9 20 2 14 16 19 17 15 
15
9 20 10 2 5 18 7 8 17 11 19 1 16 12 13 
11
9 20 16 13 3 4 19 7 5 14 17 
6
10 6 4 12 7 9 
6
10 6 8 1 11 13 
5
10 6 13 8 9 
4
10 7 6 19 
4
10 11 16 20 
18
10 12 6 11 1 13 3 19 16 9 5 8 17 14 15 7 4 2 
9
10 12 20 3 5 6 14 9 19 
6
10 18 8 9 17 12 
6
10 20 11 4 6 19 
8
11 4 14 12 7 8 13 6 
10
11 6 10 2 13 14 4 5 15 9 
10
11 12 3 13 6 1 2 8 4 19 
4
11 14 4 16 
19
11 20 10 15 3 6 9 2 17 13 7 5 19 16 14 12 4 1 8 
6
12 2 15 5 6 13 
6
12 2 20 15 19 7 
5
12 3 5 4 18 
6
12 3 8 7 6 16 
4
12 3 8 17 
5
12 3 19 4 14 
16
12 9 8 18 16 19 5 14 17 7 4 2 13 11 20 15 
7
12 9 10 14 8 15 16 
6
12 9 13 4 5 7 
19
12 9 20 10 3 6 18 7 14 5 11 19 4 8 13 16 17 2 1 
12
12 13 6 16 1 4 7 9 19 3 8 10 
5
12 14 4 16 1 
6
12 14 7 8 17 19 
18
12 18 16 4 10 2 20 17 3 11 5 14 7 9 19 6 8 15 
4
13 1 14 16 
5
13 1 16 9 12 
7
13 2 3 19 12 10 15 
5
13 3 4 12 16 
4
13 5 6 17 
8
13 8 9 10 6 16 7 3 
6
13 10 8 18 1 4 
7
13 18 10 2 1 6 12 
19
14 1 11 12 17 3 20 16 9 5 18 4 2 19 6 13 10 15 7 
12
14 1 19 3 11 4 7 9 6 18 5 13 
7
14 3 7 13 1 6 18 
4
14 4 3 8 
6
14 9 13 4 11 10 
7
14 12 2 4 8 3 20 
11
14 12 5 7 10 6 19 11 9 17 18 
9
14 19 15 7 3 6 2 9 5 
9
14 19 17 6 12 13 3 11 5 
5
15 2 13 1 20 
7
15 5 1 11 17 18 8 
5
15 5 1 16 20 
5
15 7 9 8 13 
5
15 9 3 13 18 
6
15 9 13 5 12 11 
6
15 19 11 13 3 20 
6
16 7 11 3 2 15 
4
16 8 17 13 
7
16 11 1 19 6 5 14 
6
16 13 9 11 12 18 
4
16 13 14 11 
5
16 19 2 4 10 
14
17 8 3 15 20 6 19 9 11 1 2 5 14 13 
6
17 13 8 20 2 7 
4
17 13 16 4 
6
18 1 19 3 12 6 
20
18 1 20 12 7 17 6 4 10 3 2 16 13 5 15 8 14 19 11 9 
8
18 4 6 9 20 16 12 14 
5
18 7 1 19 2 
7
18 7 9 11 12 17 16 
8
18 8 12 10 14 5 7 1 
11
18 13 2 5 10 15 20 1 16 17 8 
5
18 16 2 3 10 
14
18 16 19 2 8 17 7 4 14 12 13 3 11 10 
11
18 17 6 5 13 16 9 10 12 4 14 
4
19 1 20 12 
8
19 2 4 16 7 6 5 13 
5
19 3 9 14 1 
9
19 4 17 13 3 11 10 2 8 
9
19 5 9 2 15 3 11 6 12 
4
19 7 9 5 
5
19 8 10 2 7 
12
19 9 16 4 13 1 2 7 17 11 10 14 
8
19 12 13 9 17 4 11 10 
11
20 6 7 19 5 12 13 18 4 14 16 
20
20 10 9 17 8 1 16 2 15 19 7 14 6 5 3 13 11 4 12 18 
8
20 15 9 19 8 4 2 5 
6
20 16 7 10 6 11 
