20 156 100
1 2
1 4
1 5
1 6
1 7
1 8
1 11
1 13
1 14
1 16
1 18
1 19
1 20
2 3
2 4
2 5
2 6
2 7
2 8
2 9
2 10
2 12
2 13
2 14
2 15
2 16
2 17
2 18
2 19
2 20
3 4
3 5
3 6
3 7
3 8
3 9
3 10
3 11
3 12
3 13
3 14
3 15
3 17
3 19
3 20
4 5
4 6
4 7
4 8
4 10
4 11
4 12
4 13
4 14
4 16
4 17
4 18
4 19
5 6
5 7
5 8
5 9
5 10
5 11
5 12
5 13
5 14
5 15
5 18
5 19
6 7
6 8
6 9
6 10
6 11
6 12
6 13
6 14
6 16
6 17
6 18
6 19
6 20
7 8
7 9
7 10
7 11
7 12
7 13
7 14
7 15
7 16
7 17
7 18
7 19
8 9
8 10
8 12
8 13
8 14
8 15
8 16
8 17
8 18
8 19
8 20
9 10
9 11
9 12
9 13
9 14
9 15
9 16
9 17
9 19
9 20
10 11
10 12
10 13
10 14
10 15
10 18
10 20
11 12
11 13
11 14
11 16
11 17
11 19
11 20
12 13
12 14
12 16
12 17
12 18
12 19
12 20
13 14
13 16
13 17
13 18
14 15
14 16
14 17
14 19
15 16
15 17
15 19
15 20
16 17
16 18
16 19
16 20
17 18
17 19
17 20
5
1 2 9 17 4 
17
1 4 16 11 12 20 9 17 6 13 5 15 2 8 18 7 3 
5
1 11 3 8 4 
5
1 13 3 17 6 
13
1 14 7 12 18 16 2 15 17 3 4 8 9 
15
1 14 15 17 18 10 5 12 8 13 4 2 16 20 11 
5
1 14 16 8 2 
18
1 20 12 3 13 9 8 5 10 4 2 15 16 19 17 6 14 11 
11
2 6 10 13 14 12 19 11 7 18 5 
9
2 7 4 18 8 1 20 6 11 
5
2 14 3 8 20 
4
2 16 20 8 
7
2 20 10 4 8 17 16 
8
3 2 4 19 7 10 9 17 
6
3 7 9 13 18 12 
4
3 8 13 11 
20
3 11 20 6 10 4 12 13 8 7 14 15 2 17 9 16 19 1 5 18 
12
3 13 5 2 12 4 7 9 11 1 6 19 
20
3 14 11 10 20 6 2 15 16 19 8 7 9 12 17 13 5 18 1 4 
6
3 15 2 19 12 13 
18
3 15 8 19 17 13 5 9 6 16 7 14 2 1 18 12 11 10 
12
3 15 20 11 6 17 7 5 13 12 19 4 
4
4 1 20 8 
13
4 8 20 1 16 13 5 19 3 7 2 12 11 
8
4 10 20 15 17 19 1 13 
20
4 12 14 17 18 6 13 16 11 1 19 5 7 2 9 20 3 10 8 15 
10
4 18 2 16 20 12 7 15 5 1 
12
5 1 4 2 9 15 10 8 18 16 13 17 
5
5 2 6 11 13 
7
5 3 8 17 11 4 12 
5
5 8 12 3 20 
13
5 9 14 13 10 18 12 2 4 6 20 17 19 
4
5 10 7 17 
14
5 11 4 8 2 16 15 17 20 3 14 10 12 9 
6
5 13 9 8 6 19 
16
6 7 12 9 15 19 14 16 11 4 5 13 17 18 8 20 
9
6 12 11 7 2 9 16 8 20 
4
6 19 5 12 
13
7 3 14 8 12 4 5 9 11 17 13 6 20 
17
7 5 2 15 14 6 13 16 9 17 4 19 1 18 12 11 20 
4
7 9 17 20 
7
7 10 18 5 12 14 13 
14
7 15 14 12 20 6 11 1 8 5 4 3 2 18 
7
8 9 17 18 2 7 10 
4
8 15 20 11 
5
8 17 2 7 11 
16
8 19 2 20 1 7 14 12 4 18 6 9 10 15 16 13 
20
9 7 6 8 15 5 14 4 11 19 2 1 16 12 18 13 10 3 17 20 
14
9 11 1 19 8 6 3 12 5 15 14 13 17 2 
14
9 16 20 12 4 5 11 1 2 8 19 3 17 15 
17
9 19 7 3 11 1 4 5 15 17 20 8 16 2 14 10 6 
12
10 3 6 5 2 9 8 4 7 18 16 20 
5
10 3 9 2 6 
8
10 5 7 17 13 14 6 9 
9
10 6 19 1 7 14 17 3 13 
4
10 7 19 17 
20
10 9 15 3 14 7 6 12 11 20 16 8 2 4 17 19 5 1 13 18 
20
10 14 19 4 13 9 3 8 1 11 12 6 18 7 5 2 16 15 17 20 
8
10 18 17 19 1 6 8 7 
20
11 1 20 16 15 10 4 14 8 17 6 7 5 9 19 12 18 2 13 3 
17
11 6 14 12 17 4 1 2 16 8 20 10 7 18 5 15 9 
11
11 9 2 5 10 6 19 1 20 12 7 
12
11 9 14 12 17 20 16 4 1 6 7 8 
6
11 16 6 14 19 5 
5
11 16 17 3 15 
5
11 17 13 3 8 
20
12 5 10 18 1 11 7 17 20 2 3 13 14 19 4 16 6 9 15 8 
20
12 14 8 19 3 10 13 2 4 16 1 6 7 11 5 18 17 15 9 20 
4
12 18 1 16 
14
13 1 18 6 17 9 12 10 3 14 4 19 5 11 
6
13 2 7 14 9 20 
10
13 4 5 7 10 8 2 12 19 11 
16
13 5 12 17 20 15 7 10 2 6 8 3 14 11 1 19 
20
13 8 18 12 10 14 6 7 17 3 11 19 16 9 15 2 5 4 1 20 
9
13 11 9 17 19 5 6 20 2 
6
14 3 7 17 20 6 
17
14 5 1 4 17 11 3 12 7 13 8 20 9 15 16 2 18 
11
14 5 2 3 9 10 18 17 16 20 15 
11
14 9 3 10 11 1 19 7 16 12 18 
16
14 15 20 8 10 3 4 6 1 11 17 16 2 19 12 5 
20
15 10 5 9 20 17 11 1 2 7 3 13 16 18 8 19 12 6 4 14 
14
15 10 11 14 7 17 6 4 3 13 12 8 19 9 
4
15 16 17 9 
16
15 16 17 11 1 13 4 6 3 8 10 12 19 9 5 7 
18
15 20 1 5 19 3 7 18 12 14 2 10 11 6 17 4 16 13 
19
15 20 3 9 7 10 11 14 19 5 2 17 13 8 6 4 18 16 12 
20
15 20 11 5 14 1 13 12 17 16 7 19 2 4 8 3 10 9 6 18 
5
16 7 17 12 3 
5
16 9 6 20 2 
16
17 14 15 16 2 13 4 8 20 9 3 12 6 19 7 10 
20
18 1 5 15 20 2 6 19 4 14 13 7 3 17 12 11 10 9 16 8 
4
18 2 14 17 
4
19 1 5 4 
6
19 4 11 14 17 6 
5
19 11 12 13 4 
12
19 12 2 7 15 9 5 8 4 18 16 14 
7
19 12 6 20 2 13 7 
6
20 6 5 7 18 2 
7
20 8 14 3 4 19 17 
20
20 12 10 5 14 15 16 4 1 6 17 2 9 3 19 11 13 18 8 7 
