20 51 10
1 5
1 7
1 8
1 9
1 12
1 14
2 3
2 11
2 17
2 20
3 19
4 6
4 9
4 12
4 14
4 16
5 6
5 9
5 13
5 14
5 17
5 18
5 19
6 13
6 15
6 19
6 20
7 10
7 17
7 18
8 10
8 11
9 10
9 14
9 15
10 15
10 16
10 18
11 13
11 14
11 19
12 14
12 17
12 19
13 19
13 20
14 15
14 17
14 19
17 19
17 20
7
1 8 11 14 9 5 18 
5
5 1 9 14 19 
5
5 19 11 14 15 
16
11 8 10 7 18 5 9 4 14 15 6 20 2 3 19 13 
6
15 6 13 19 3 2 
14
16 4 6 5 9 14 1 12 19 13 11 8 10 15 
12
16 10 9 1 5 19 12 4 14 17 7 18 
8
17 7 10 9 4 12 14 15 
4
20 2 11 8 
12
20 13 19 12 14 1 9 10 18 5 17 7 
