20 90 100
1 2
1 3
1 6
1 7
1 13
1 16
1 17
2 6
2 8
2 10
2 15
2 20
3 4
3 6
3 7
3 10
3 15
3 16
3 19
4 7
4 9
4 12
4 13
4 20
5 7
5 8
5 10
5 12
5 13
5 15
5 16
5 17
5 18
5 19
5 20
6 9
6 12
6 13
6 14
6 17
6 19
6 20
7 9
7 11
7 13
7 15
7 16
7 17
7 18
8 11
8 15
8 17
8 18
8 19
8 20
9 10
9 11
9 16
9 17
9 18
10 11
10 12
10 13
10 15
10 16
10 17
11 12
11 13
11 16
11 17
11 19
11 20
12 13
12 16
13 14
13 16
13 19
13 20
14 15
14 17
14 19
15 19
15 20
16 17
16 18
16 20
17 18
17 19
18 19
18 20
6
1 6 14 15 8 19 
18
1 7 5 8 20 16 18 17 11 10 2 15 3 4 9 6 13 12 
5
2 1 7 18 20 
7
2 1 13 19 6 3 4 
14
2 6 1 7 11 12 5 17 10 3 19 13 20 4 
10
2 6 3 4 7 11 13 1 17 10 
9
2 6 12 4 20 18 8 15 10 
5
2 8 11 7 4 
11
2 15 7 11 9 6 1 16 20 4 3 
16
2 15 14 19 3 7 1 16 5 13 11 12 10 17 9 4 
11
2 15 20 6 19 5 17 1 16 12 11 
19
2 20 5 16 13 1 3 7 17 19 6 12 4 9 18 8 15 10 11 
19
3 4 9 6 14 13 10 15 7 18 19 8 20 16 12 11 17 1 2 
5
3 4 12 5 15 
12
3 6 20 2 1 7 9 18 19 13 16 12 
9
3 10 15 19 14 6 20 13 4 
20
3 15 20 4 7 1 2 8 11 17 5 16 10 9 18 19 13 12 6 14 
12
3 16 18 20 5 8 17 11 19 6 13 7 
12
3 19 17 8 20 13 5 10 12 11 9 6 
20
4 3 10 9 6 14 19 18 16 17 8 5 12 13 11 20 15 7 1 2 
20
4 3 19 11 20 16 17 14 15 7 5 12 6 13 10 9 18 8 2 1 
11
4 7 1 6 12 13 16 17 11 9 18 
19
4 9 18 17 10 11 7 13 6 12 5 19 14 15 2 20 16 3 1 
11
4 12 11 16 18 7 13 6 20 5 17 
13
4 12 11 19 3 16 5 8 20 15 7 9 10 
13
4 12 13 14 6 3 1 16 9 17 5 18 8 
12
4 12 13 14 15 5 19 17 7 16 3 10 
18
4 12 16 5 15 20 13 10 3 1 7 18 8 19 14 17 9 11 
5
4 13 10 9 16 
14
4 13 10 15 5 8 17 9 11 20 16 1 6 14 
13
5 8 15 10 2 20 18 7 11 13 6 1 3 
20
5 13 1 3 16 9 6 14 17 18 20 4 7 15 2 10 12 11 8 19 
13
5 20 16 1 13 11 17 14 15 8 18 19 6 
13
6 2 10 12 13 16 9 17 18 7 15 20 11 
4
6 2 10 13 
9
6 2 15 5 13 19 14 17 1 
11
6 2 20 18 8 17 7 13 16 12 4 
7
6 3 4 9 16 13 12 
6
7 15 20 4 12 11 
6
7 17 11 13 16 9 
4
8 2 15 14 
18
8 5 17 14 15 2 1 7 13 16 9 11 12 4 3 19 6 20 
18
8 5 18 16 10 17 11 20 4 13 14 19 15 7 1 2 6 3 
12
8 17 18 7 1 13 16 10 5 12 4 3 
15
8 18 5 20 13 11 9 6 14 17 1 2 10 3 16 
9
8 18 16 10 9 17 1 6 19 
9
8 18 16 12 5 13 10 15 19 
6
8 18 20 5 17 16 
19
8 19 15 7 18 16 9 11 12 5 17 14 6 2 20 13 10 3 1 
20
9 4 3 7 1 2 10 15 20 18 16 12 11 13 6 14 19 17 8 5 
12
9 4 20 13 1 16 11 7 17 18 8 5 
12
9 6 14 15 20 4 12 5 10 16 7 17 
18
9 7 4 3 6 19 8 15 10 11 12 13 14 17 5 16 20 18 
18
9 7 18 20 4 12 6 13 1 3 19 5 16 11 17 14 15 10 
13
9 10 16 3 4 13 14 17 1 2 15 20 18 
20
9 16 20 6 14 13 19 8 18 7 4 12 5 17 11 10 2 1 3 15 
6
9 17 6 2 8 5 
13
9 18 19 3 1 16 5 12 11 20 8 15 2 
17
10 3 15 20 16 17 1 7 11 19 6 12 4 9 18 8 2 
7
10 5 13 20 15 8 2 
4
10 9 6 14 
6
10 12 16 7 18 17 
4
10 16 17 9 
4
10 17 18 8 
20
11 9 16 5 18 8 20 4 12 6 1 13 19 3 10 2 15 7 17 14 
16
11 13 14 15 19 6 3 4 7 5 17 1 16 12 10 2 
13
11 19 5 17 9 10 16 7 3 15 20 13 4 
10
12 5 18 7 17 19 15 2 20 8 
6
12 10 17 9 18 5 
8
12 16 7 3 6 2 1 17 
13
12 16 20 8 2 10 3 6 9 4 13 1 7 
4
13 1 7 18 
8
13 4 3 6 9 7 16 10 
4
13 20 11 19 
20
14 6 12 4 20 8 18 5 15 2 10 3 19 17 1 7 13 11 9 16 
10
14 13 16 12 11 9 17 5 7 1 
6
14 15 7 9 4 12 
8
14 19 8 18 20 16 7 9 
11
15 2 10 17 18 5 8 11 7 4 3 
5
15 3 7 17 1 
5
15 19 5 18 8 
9
15 20 2 1 13 12 11 16 18 
8
16 9 4 20 6 17 1 7 
7
17 1 3 19 18 16 13 
5
17 8 2 6 9 
5
17 11 16 10 9 
19
18 5 13 1 7 3 15 2 8 20 16 12 10 17 9 11 19 14 6 
18
18 8 15 10 9 7 17 5 20 16 1 2 6 19 13 12 4 3 
18
18 9 4 3 1 7 11 20 5 8 17 6 19 14 13 10 16 12 
5
18 19 8 17 9 
12
18 19 13 14 6 3 15 10 9 11 20 16 
7
18 19 17 5 12 6 14 
10
19 5 15 8 17 18 7 1 16 12 
8
19 8 11 17 18 16 3 1 
10
19 13 1 17 9 7 3 10 15 14 
8
19 13 5 20 8 18 9 10 
8
19 15 2 8 5 13 7 1 
9
19 15 20 2 10 11 7 3 16 
4
20 2 6 19 
4
20 4 13 14 
