20 51 200
1 5
1 7
1 8
1 9
1 12
1 14
2 3
2 11
2 17
2 20
3 19
4 6
4 9
4 12
4 14
4 16
5 6
5 9
5 13
5 14
5 17
5 18
5 19
6 13
6 15
6 19
6 20
7 10
7 17
7 18
8 10
8 11
9 10
9 14
9 15
10 15
10 16
10 18
11 13
11 14
11 19
12 14
12 17
12 19
13 19
13 20
14 15
14 17
14 19
17 19
17 20
5
1 7 18 5 9 
4
1 7 18 10 
4
1 14 12 4 
6
2 3 19 14 17 7 
5
2 3 19 17 7 
12
2 11 8 1 7 17 14 4 16 10 15 9 
16
2 11 8 1 7 18 5 17 20 13 6 15 9 4 16 10 
9
2 11 13 6 19 17 5 1 8 
6
2 11 13 19 5 1 
6
2 11 14 5 1 7 
12
2 17 12 1 14 4 9 5 18 7 10 16 
10
2 20 6 4 12 17 14 11 19 3 
6
2 20 6 13 19 17 
4
2 20 13 19 
16
2 20 17 7 10 9 5 14 15 6 13 11 8 1 12 19 
17
3 2 11 8 1 5 19 12 17 7 10 9 14 15 6 4 16 
15
3 2 11 8 1 7 10 9 15 14 19 13 6 4 16 
11
3 2 11 14 4 6 5 19 17 20 13 
12
3 2 11 19 12 17 5 14 1 8 10 7 
18
3 2 11 19 14 4 16 10 7 18 5 6 13 20 17 12 1 8 
12
3 2 17 5 1 14 9 4 6 19 13 20 
14
3 2 20 6 4 12 17 19 13 5 1 8 10 7 
12
3 2 20 17 7 10 15 6 19 13 11 14 
12
3 19 5 1 12 17 20 2 11 13 6 4 
8
3 19 5 18 10 16 4 12 
10
3 19 12 14 17 5 13 11 8 1 
11
3 19 13 20 6 4 12 14 15 9 1 
13
3 19 14 11 2 20 13 6 5 1 7 17 12 
4
4 6 15 9 
11
4 6 20 13 5 1 8 11 2 17 19 
4
4 9 15 14 
8
4 9 15 14 17 5 1 7 
12
4 16 10 18 5 9 1 8 11 13 19 12 
6
5 1 12 14 19 17 
4
5 1 14 17 
8
5 6 15 14 1 12 19 13 
15
5 9 4 16 10 15 14 19 12 17 2 11 13 6 20 
4
5 9 10 18 
5
5 13 20 2 3 
7
5 14 1 9 10 7 18 
4
5 17 19 14 
7
5 19 3 2 20 13 6 
6
5 19 12 4 6 20 
4
6 4 9 1 
13
6 13 20 2 3 19 11 14 1 5 9 4 16 
5
6 13 20 17 14 
10
6 15 10 7 17 12 19 14 1 8 
5
6 19 17 7 10 
4
6 20 13 19 
4
6 20 17 14 
5
7 1 8 10 15 
8
7 1 8 10 15 6 20 17 
4
7 1 9 5 
5
7 1 9 14 17 
13
7 1 14 15 10 9 5 6 20 2 3 19 11 
11
7 10 16 4 6 19 12 14 11 8 1 
6
7 17 12 14 9 1 
5
7 17 19 5 1 
17
7 18 5 19 11 8 10 16 4 9 1 14 17 2 20 6 13 
4
7 18 10 15 
7
7 18 10 15 9 1 5 
11
8 1 12 19 14 4 9 5 17 2 3 
13
8 10 7 18 5 1 9 14 17 19 11 2 3 
6
8 10 7 18 5 6 
15
8 10 15 6 20 2 11 13 5 17 12 1 14 19 3 
4
8 10 15 9 
5
8 10 15 9 4 
5
8 10 15 9 14 
4
8 10 15 14 
9
8 10 18 5 9 15 6 20 13 
11
8 11 2 3 19 14 12 17 7 10 9 
13
9 1 12 4 6 5 14 11 2 20 17 19 3 
11
9 5 6 15 14 12 1 7 10 16 4 
5
9 5 14 19 11 
7
9 10 8 11 14 5 13 
6
9 14 5 19 12 4 
7
9 14 12 1 5 18 7 
18
9 15 14 4 6 5 1 8 10 18 7 17 19 11 13 20 2 3 
12
10 7 1 5 9 15 14 4 12 17 2 11 
14
10 7 1 9 15 6 5 19 14 4 12 17 2 3 
8
10 7 17 19 5 6 13 20 
4
10 7 17 20 
5
10 7 18 5 9 
8
10 7 18 5 17 14 4 12 
7
10 8 1 5 9 15 14 
5
10 8 1 7 17 
8
10 9 1 8 11 19 5 18 
6
10 9 5 17 19 12 
9
10 18 7 17 12 19 11 2 20 
4
11 2 3 19 
6
11 2 3 19 17 20 
4
11 2 20 6 
9
11 8 1 9 10 16 4 6 5 
6
11 8 10 15 9 14 
4
11 13 19 5 
5
11 13 19 12 1 
5
11 13 19 17 2 
4
11 14 5 6 
4
11 14 9 10 
8
11 14 12 19 6 4 9 15 
9
11 14 19 12 1 5 17 20 13 
7
11 19 13 5 17 14 12 
4
12 1 5 14 
9
12 1 5 19 14 15 6 13 20 
10
12 14 17 2 3 19 5 1 8 11 
9
12 14 17 7 1 5 9 15 10 
18
12 14 17 20 13 11 2 3 19 5 1 9 4 6 15 10 7 18 
7
12 17 20 6 19 11 2 
5
12 19 6 15 14 
7
12 19 11 8 10 7 1 
5
12 19 17 2 11 
6
12 19 17 5 14 11 
5
12 19 17 5 18 
9
13 5 1 7 10 15 6 20 2 
7
13 5 1 12 14 11 2 
9
13 5 6 15 9 4 14 12 19 
10
13 6 20 17 7 1 5 9 10 8 
17
13 11 8 1 5 18 7 10 15 9 14 17 20 6 19 3 2 
19
13 11 8 1 7 18 10 15 6 20 2 17 5 14 9 4 12 19 3 
4
13 19 12 14 
15
13 20 2 11 14 19 6 4 12 1 5 18 10 15 9 
8
13 20 2 17 12 14 9 4 
12
13 20 2 17 12 14 11 8 1 5 18 10 
4
14 1 12 19 
8
14 4 9 1 5 17 2 3 
4
14 5 6 19 
5
14 5 18 10 8 
4
14 9 1 12 
7
14 9 5 18 7 10 16 
11
14 9 10 18 7 1 12 19 17 2 3 
14
14 11 2 3 19 5 1 12 4 9 10 18 7 17 
4
14 12 1 8 
8
14 17 7 1 8 10 18 5 
6
15 6 13 11 19 3 
8
15 6 19 5 9 10 18 7 
6
15 6 19 17 20 2 
13
15 9 1 12 4 14 11 2 20 13 5 17 19 
15
15 9 10 18 7 1 14 12 17 20 2 3 19 6 5 
10
15 9 14 11 8 10 7 1 12 4 
9
15 14 1 8 11 2 20 6 4 
7
15 14 4 6 13 19 3 
12
15 14 19 5 17 7 18 10 9 4 6 20 
16
16 4 6 15 10 8 1 9 14 19 11 13 20 2 17 7 
20
16 4 6 15 10 8 11 2 3 19 13 20 17 12 1 14 9 5 18 7 
14
16 4 6 19 17 20 13 11 8 10 9 1 5 18 
16
16 4 9 1 12 19 5 17 7 10 15 6 20 2 11 8 
10
16 4 9 5 1 12 19 3 2 11 
6
16 4 9 10 7 17 
9
16 4 12 17 5 18 10 15 14 
12
16 4 12 17 5 19 13 11 14 15 9 1 
10
16 4 14 12 17 20 2 11 13 5 
7
16 4 14 15 10 9 5 
6
16 10 7 18 5 17 
7
16 10 9 14 12 17 5 
10
16 10 15 9 4 6 19 11 14 12 
5
16 10 18 7 1 
17
16 10 18 7 17 5 6 20 13 11 8 1 14 12 4 9 15 
5
17 2 3 19 13 
10
17 2 11 14 19 13 5 18 10 16 
10
17 19 6 5 18 7 1 14 4 9 
11
17 19 13 6 5 1 8 10 9 14 15 
12
17 20 6 4 9 5 1 8 11 13 19 3 
16
18 5 6 15 10 9 1 8 11 14 12 19 3 2 17 7 
5
18 5 6 19 14 
19
18 5 13 6 19 3 2 11 8 1 7 10 9 15 14 17 12 4 16 
10
18 5 14 19 17 12 4 9 10 8 
9
18 5 17 7 1 14 9 10 15 
10
18 5 17 12 1 14 4 9 10 7 
12
18 5 17 14 12 1 7 10 16 4 6 19 
11
18 7 1 5 6 19 12 4 14 11 13 
14
18 7 1 12 14 5 19 13 6 4 16 10 15 9 
10
18 7 1 12 17 5 6 15 9 10 
12
18 7 10 8 11 19 12 1 5 14 4 16 
10
18 7 10 16 4 6 13 19 5 14 
20
18 7 10 16 4 12 19 11 8 1 14 17 5 9 15 6 13 20 2 3 
17
18 7 17 5 13 6 19 12 14 15 10 16 4 9 1 8 11 
4
18 7 17 20 
7
18 10 7 17 19 12 1 
6
18 10 8 11 14 15 
13
18 10 9 4 6 15 14 5 13 20 17 19 3 
5
18 10 9 15 6 
12
18 10 16 4 9 14 1 7 17 2 20 6 
16
18 10 16 4 12 1 7 17 14 9 5 13 19 11 2 3 
10
18 10 16 4 12 19 6 5 14 15 
15
18 10 16 4 12 19 13 6 15 9 1 7 17 14 5 
4
19 6 13 20 
8
19 11 8 10 7 1 12 4 
12
19 11 8 10 18 7 17 14 1 12 4 6 
12
19 12 1 8 10 16 4 9 15 6 5 18 
6
19 12 4 9 10 16 
4
19 12 14 17 
4
19 17 5 18 
4
20 2 17 5 
4
20 2 17 12 
6
20 6 5 9 4 16 
4
20 6 15 9 
7
20 6 19 12 17 2 3 
16
20 13 11 2 17 12 4 6 15 10 7 18 5 14 1 8 
7
20 17 2 3 19 6 13 
7
20 17 19 5 1 7 18 
