20 156 200
1 2
1 4
1 5
1 6
1 7
1 8
1 11
1 13
1 14
1 16
1 18
1 19
1 20
2 3
2 4
2 5
2 6
2 7
2 8
2 9
2 10
2 12
2 13
2 14
2 15
2 16
2 17
2 18
2 19
2 20
3 4
3 5
3 6
3 7
3 8
3 9
3 10
3 11
3 12
3 13
3 14
3 15
3 17
3 19
3 20
4 5
4 6
4 7
4 8
4 10
4 11
4 12
4 13
4 14
4 16
4 17
4 18
4 19
5 6
5 7
5 8
5 9
5 10
5 11
5 12
5 13
5 14
5 15
5 18
5 19
6 7
6 8
6 9
6 10
6 11
6 12
6 13
6 14
6 16
6 17
6 18
6 19
6 20
7 8
7 9
7 10
7 11
7 12
7 13
7 14
7 15
7 16
7 17
7 18
7 19
8 9
8 10
8 12
8 13
8 14
8 15
8 16
8 17
8 18
8 19
8 20
9 10
9 11
9 12
9 13
9 14
9 15
9 16
9 17
9 19
9 20
10 11
10 12
10 13
10 14
10 15
10 18
10 20
11 12
11 13
11 14
11 16
11 17
11 19
11 20
12 13
12 14
12 16
12 17
12 18
12 19
12 20
13 14
13 16
13 17
13 18
14 15
14 16
14 17
14 19
15 16
15 17
15 19
15 20
16 17
16 18
16 19
16 20
17 18
17 19
17 20
12
1 2 10 6 3 13 17 7 14 15 19 8 
8
1 2 14 19 12 11 5 4 
10
1 6 19 11 5 7 14 8 17 2 
9
1 13 2 9 5 11 3 4 16 
10
1 13 3 10 18 2 7 14 5 15 
5
1 13 7 8 2 
8
1 14 5 8 3 20 11 19 
5
1 16 17 18 2 
4
1 18 17 3 
17
1 19 5 10 20 9 12 14 4 6 7 11 3 13 16 8 2 
4
1 19 16 20 
12
1 20 2 6 3 4 17 9 15 14 12 8 
4
2 3 6 17 
4
2 4 16 9 
11
2 6 7 19 12 14 13 8 1 20 11 
4
2 7 19 5 
7
2 10 7 11 12 5 13 
19
2 13 4 11 10 14 1 5 7 19 8 16 12 9 15 3 6 18 17 
7
2 14 16 6 20 3 12 
10
2 16 6 17 3 11 5 10 18 12 
4
3 2 20 16 
9
3 5 2 8 18 6 10 12 16 
11
3 6 16 18 1 4 12 17 15 14 2 
4
3 8 1 2 
7
3 8 15 7 6 11 10 
15
3 9 2 7 5 6 1 19 12 17 13 10 15 14 16 
11
3 9 5 4 10 14 1 11 19 16 13 
6
3 9 6 12 16 8 
20
3 10 20 15 5 14 8 9 12 17 11 1 6 4 2 19 7 18 16 13 
4
3 11 6 7 
9
3 11 10 8 15 7 12 5 6 
5
3 15 16 13 17 
5
3 20 8 15 10 
6
4 1 8 12 2 17 
4
4 2 1 7 
7
4 2 6 5 14 1 11 
18
4 3 5 11 14 16 15 7 1 19 8 12 13 9 10 20 6 2 
6
4 3 17 2 5 1 
7
4 6 3 13 2 10 8 
9
4 6 5 3 15 10 8 12 13 
20
4 11 3 20 2 8 19 5 15 9 14 13 10 18 7 17 16 1 6 12 
9
4 11 20 10 2 13 16 18 1 
7
4 12 18 6 8 19 11 
4
4 12 19 2 
5
4 13 9 16 14 
7
4 14 7 17 13 16 2 
6
4 16 2 15 19 8 
7
4 17 18 8 20 1 14 
10
4 18 10 2 17 11 6 12 7 16 
6
5 1 4 10 6 16 
20
5 1 11 14 7 17 2 9 3 13 6 12 4 19 15 10 18 16 8 20 
8
5 3 6 10 11 16 20 8 
6
5 10 2 16 20 17 
6
5 12 20 6 17 7 
4
5 13 1 18 
5
5 15 2 19 7 
7
5 15 14 2 3 20 17 
4
6 1 2 12 
14
6 1 11 17 7 3 12 14 15 8 5 19 16 2 
5
6 2 14 15 20 
10
6 3 9 8 10 11 20 2 18 12 
10
6 3 20 11 12 17 2 1 7 8 
7
6 4 3 12 13 5 15 
6
6 4 14 9 16 18 
4
6 8 12 11 
12
6 9 19 1 11 5 12 13 18 10 7 15 
5
6 11 7 4 1 
4
6 14 3 10 
15
6 18 8 13 1 5 19 12 20 9 14 11 17 4 7 
4
7 2 9 8 
4
7 8 2 16 
4
7 9 13 14 
14
7 9 15 8 17 19 5 12 2 16 1 6 20 10 
8
7 10 15 16 12 19 8 13 
9
7 13 8 12 11 16 4 17 20 
13
7 13 18 1 6 9 14 15 19 4 12 2 10 
4
7 16 6 20 
5
7 17 16 9 19 
7
8 2 18 4 11 12 13 
6
8 2 19 15 20 17 
7
8 3 12 2 6 16 20 
5
8 7 15 16 17 
5
8 12 13 16 1 
9
8 12 20 9 2 15 19 17 3 
6
8 13 3 6 16 19 
4
8 18 2 5 
4
8 20 1 11 
14
8 20 17 9 14 11 1 7 6 19 4 5 12 13 
6
9 8 1 4 17 19 
9
9 11 7 18 2 14 1 13 8 
13
9 12 8 13 10 18 2 17 16 11 1 7 6 
13
9 13 4 19 5 10 15 14 11 16 8 6 12 
20
9 13 11 7 4 17 12 14 15 10 2 3 8 16 20 6 1 19 5 18 
9
9 14 15 17 4 16 20 6 3 
11
10 2 13 9 3 19 1 4 11 20 8 
8
10 2 14 13 18 17 20 15 
14
10 4 2 8 15 16 9 3 19 5 6 14 11 20 
7
10 4 19 14 15 20 1 
15
10 6 14 7 5 2 18 8 9 11 1 20 17 3 19 
10
10 11 3 14 8 2 4 6 17 18 
7
10 11 6 9 12 19 1 
13
10 11 14 5 15 16 19 7 2 17 9 20 6 
12
10 12 7 3 2 20 6 18 17 19 9 11 
10
11 1 8 15 16 14 6 13 5 10 
13
11 5 4 7 13 17 18 16 8 9 10 14 3 
5
11 5 14 2 6 
8
11 6 2 3 14 12 19 17 
6
11 7 8 20 6 3 
7
11 12 7 16 19 4 2 
4
11 13 2 15 
18
11 14 1 6 18 17 3 10 15 5 13 12 16 9 19 7 4 8 
4
11 16 14 15 
4
11 17 7 9 
6
11 19 2 9 10 20 
6
11 19 3 6 17 9 
7
12 4 5 7 14 11 3 
4
12 4 6 16 
6
12 7 2 3 15 14 
7
12 10 7 1 13 6 3 
16
12 14 3 17 18 6 19 4 7 5 9 2 10 20 16 11 
7
12 18 17 6 5 14 4 
7
13 1 6 20 2 15 16 
9
13 1 11 20 3 7 9 8 17 
20
13 1 16 19 5 6 11 12 20 2 4 10 8 9 3 14 7 18 17 15 
16
13 2 3 9 14 6 11 7 10 12 4 17 19 16 18 5 
7
13 2 14 6 5 4 16 
8
13 4 5 7 10 15 9 16 
8
13 6 8 16 14 1 18 12 
4
13 7 10 12 
12
13 9 12 2 3 4 5 8 14 19 15 7 
11
13 10 6 7 9 16 19 1 4 14 17 
10
13 11 7 9 17 2 6 3 4 19 
7
13 12 17 20 11 5 3 
8
14 3 6 11 17 18 10 15 
4
14 3 9 19 
7
14 4 1 11 12 6 13 
4
14 5 7 19 
16
14 5 11 13 8 18 1 16 2 6 9 10 15 3 17 7 
5
14 6 1 7 19 
5
14 6 5 4 17 
7
14 7 2 13 9 3 6 
10
14 10 4 5 12 11 13 17 9 19 
12
14 10 4 13 11 9 8 3 19 2 16 1 
8
14 11 16 6 1 2 8 18 
12
15 2 19 6 10 18 8 9 20 12 14 7 
5
15 5 7 19 1 
11
15 5 11 10 14 2 4 18 16 6 12 
20
15 7 9 11 10 5 1 19 2 6 14 3 17 12 20 16 8 13 18 4 
8
15 7 11 20 3 4 19 9 
12
15 16 2 18 1 14 9 6 10 12 13 17 
8
15 17 6 8 13 10 11 20 
18
15 17 7 11 6 13 3 5 19 2 14 4 8 20 9 16 12 18 
5
15 20 11 16 1 
5
16 2 8 13 3 
4
16 6 2 9 
11
16 6 3 4 10 14 15 20 8 19 2 
9
16 7 15 20 6 8 4 5 18 
4
16 8 14 10 
7
16 9 15 2 10 13 3 
8
16 18 4 19 3 7 9 15 
9
16 18 13 14 6 1 4 5 7 
20
17 2 16 15 14 13 3 19 11 12 9 7 8 4 6 20 1 18 5 10 
5
17 3 4 10 20 
6
17 7 12 11 14 10 
4
17 7 12 18 
4
17 11 12 10 
20
17 11 13 1 7 10 15 20 9 16 8 19 5 3 14 4 6 18 12 2 
7
17 11 14 10 13 8 6 
10
17 12 18 7 16 1 5 9 8 2 
14
17 19 15 2 14 8 7 16 11 3 13 10 18 5 
7
17 20 1 8 2 6 14 
7
17 20 3 10 7 6 2 
6
18 1 4 7 14 15 
16
18 1 5 15 8 20 12 14 17 4 10 7 6 16 19 2 
14
18 6 2 5 7 14 12 13 8 9 10 15 16 20 
5
18 6 2 19 8 
16
18 13 3 14 16 20 6 12 17 7 19 15 8 1 5 4 
7
18 13 9 16 20 6 14 
8
18 17 12 16 15 20 11 6 
7
18 17 12 20 9 15 8 
11
19 2 13 6 1 8 4 14 3 9 7 
6
19 3 2 10 15 9 
5
19 3 12 7 1 
16
19 3 13 12 2 5 6 16 17 11 9 8 18 4 7 15 
8
19 5 2 12 8 14 11 9 
11
19 8 5 7 4 18 16 12 11 6 20 
12
19 8 13 6 10 15 9 3 7 18 12 14 
7
19 11 1 7 8 5 15 
8
19 12 16 11 10 2 15 14 
18
20 3 2 12 16 18 5 7 8 14 6 4 19 15 17 11 9 13 
7
20 6 4 1 11 14 15 
14
20 6 10 9 3 19 5 11 12 2 8 4 7 16 
4
20 8 6 18 
10
20 10 6 7 12 14 11 17 9 15 
14
20 15 16 9 7 2 6 17 3 14 11 4 18 13 
20
20 15 17 11 10 3 8 14 9 5 13 2 1 6 12 7 18 16 4 19 
20
20 15 19 16 6 1 4 3 11 17 9 2 5 12 8 14 7 10 13 18 
14
20 16 1 5 11 17 19 8 2 10 7 9 14 13 
6
20 16 4 11 1 2 
5
20 17 15 5 9 
