20 51 100
1 5
1 7
1 8
1 9
1 12
1 14
2 3
2 11
2 17
2 20
3 19
4 6
4 9
4 12
4 14
4 16
5 6
5 9
5 13
5 14
5 17
5 18
5 19
6 13
6 15
6 19
6 20
7 10
7 17
7 18
8 10
8 11
9 10
9 14
9 15
10 15
10 16
10 18
11 13
11 14
11 19
12 14
12 17
12 19
13 19
13 20
14 15
14 17
14 19
17 19
17 20
18
2 3 19 11 13 6 20 17 7 10 18 5 1 12 4 9 14 15 
5
2 11 8 10 16 
4
2 17 20 13 
4
2 20 13 19 
12
3 2 11 13 20 17 14 19 12 1 5 6 
16
3 2 11 14 17 19 6 13 5 9 10 16 4 12 1 8 
9
3 2 11 19 6 20 17 5 13 
6
3 2 11 19 14 4 
9
3 2 11 19 14 5 13 20 6 
10
3 2 20 6 5 14 17 12 1 9 
18
3 2 20 6 13 19 12 17 14 15 10 16 4 9 5 1 7 18 
7
3 19 12 14 5 18 10 
20
3 19 13 20 2 11 14 5 6 15 9 1 8 10 16 4 12 17 7 18 
7
3 19 14 5 6 20 2 
6
4 6 19 17 2 20 
4
4 16 10 18 
4
5 6 4 9 
4
5 6 13 11 
5
5 6 13 19 14 
4
5 13 11 19 
7
5 13 11 19 17 14 12 
15
5 18 7 10 16 4 12 14 17 19 3 2 11 8 1 
12
6 4 9 15 14 12 19 13 5 18 10 16 
6
6 5 1 14 12 17 
16
6 13 11 14 19 12 4 16 10 18 7 1 5 17 2 3 
10
6 13 20 2 17 19 12 4 9 15 
6
6 15 9 10 7 1 
7
6 15 9 14 5 13 19 
4
6 15 10 7 
4
6 19 17 20 
13
6 20 2 17 14 1 5 9 15 10 8 11 13 
13
7 1 12 17 5 6 20 13 11 8 10 9 15 
16
7 10 8 11 13 5 1 9 4 6 19 3 2 20 17 12 
18
7 17 5 18 10 8 1 14 4 12 19 11 2 20 13 6 15 9 
11
7 17 12 4 14 15 9 1 5 19 13 
16
7 17 12 14 19 6 15 9 10 8 11 2 20 13 5 1 
18
7 18 5 9 10 15 14 1 12 17 19 3 2 20 6 13 11 8 
18
8 1 7 18 10 9 5 14 12 4 6 20 17 2 11 13 19 3 
11
8 1 9 14 12 17 2 11 13 6 20 
4
8 11 14 4 
13
9 1 12 4 14 19 6 13 11 8 10 7 18 
4
9 4 6 15 
18
9 5 19 13 6 15 14 12 4 16 10 7 1 8 11 2 17 20 
6
9 10 7 17 20 13 
7
9 10 18 7 17 20 6 
16
9 14 19 12 1 5 13 20 17 7 18 10 15 6 4 16 
14
10 7 1 9 14 19 13 5 6 4 12 17 2 3 
13
10 18 5 19 11 2 17 12 14 4 6 20 13 
4
11 2 17 12 
9
11 14 5 18 7 1 9 10 15 
9
11 19 5 17 12 4 14 9 1 
16
12 1 5 9 4 14 11 2 17 20 13 19 6 15 10 16 
10
12 1 5 14 17 2 3 19 6 13 
11
12 4 6 20 2 11 19 5 18 7 17 
5
12 14 11 19 3 
12
12 14 19 11 2 20 13 6 4 16 10 15 
4
12 17 2 20 
8
12 17 14 5 6 13 19 3 
5
12 17 19 14 5 
8
13 5 1 14 15 10 8 11 
4
13 5 17 7 
17
13 6 20 17 5 19 11 14 15 9 10 16 4 12 1 7 18 
7
13 11 8 1 9 15 14 
4
13 11 19 3 
11
14 11 2 3 19 12 17 20 13 5 6 
19
14 12 4 16 10 15 9 5 18 7 1 8 11 13 19 17 2 20 6 
4
14 15 9 5 
11
14 15 10 18 7 1 12 17 5 13 19 
5
14 17 7 18 10 
10
15 6 4 12 19 14 11 13 20 17 
19
15 6 13 20 17 5 18 10 8 11 2 3 19 12 14 4 9 1 7 
8
15 10 18 5 9 14 1 12 
7
16 4 6 15 10 9 5 
18
16 4 6 19 11 8 1 9 10 15 14 12 17 20 13 5 18 7 
13
16 4 9 1 14 17 5 13 6 15 10 7 18 
14
16 4 9 15 10 18 5 14 12 19 6 20 2 3 
11
16 4 12 1 5 14 17 19 11 13 6 
5
16 4 12 1 7 
11
16 4 12 1 7 17 19 6 15 9 5 
11
16 4 12 19 11 14 5 1 8 10 18 
17
16 10 9 15 14 1 12 4 6 20 17 5 13 19 11 2 3 
14
16 10 15 6 20 17 19 13 5 1 14 9 4 12 
15
16 10 15 9 4 14 5 6 20 2 11 13 19 17 7 
16
16 10 15 9 4 14 11 19 6 20 13 5 18 7 1 8 
11
17 2 11 14 5 18 7 10 15 6 13 
13
17 14 1 12 19 3 2 11 13 6 5 18 7 
6
17 14 4 9 15 10 
18
18 7 1 8 11 19 13 5 9 4 16 10 15 14 12 17 2 20 
19
18 7 1 9 14 5 17 20 2 3 19 13 11 8 10 16 4 6 15 
16
18 7 1 12 14 15 10 16 4 9 5 17 19 3 2 11 
7
18 7 10 8 1 12 19 
14
18 7 10 8 11 2 17 20 13 5 14 12 19 3 
7
18 7 10 9 15 14 4 
6
19 12 4 14 9 15 
9
19 13 6 5 9 4 16 10 8 
11
20 2 3 19 5 9 15 10 18 7 1 
5
20 6 13 5 1 
13
20 6 13 11 2 17 19 5 14 9 10 8 1 
11
20 6 19 5 1 9 4 14 15 10 16 
13
20 17 5 13 11 8 1 12 4 16 10 9 15 
