30 224 200
1 2
1 3
1 5
1 6
1 7
1 8
1 10
1 13
1 15
1 19
1 21
1 24
1 25
1 26
1 27
1 29
1 30
2 3
2 5
2 11
2 12
2 13
2 14
2 15
2 16
2 18
2 23
2 24
2 26
2 27
2 28
3 4
3 6
3 7
3 11
3 16
3 18
3 19
3 20
3 21
3 23
3 26
3 27
3 28
3 29
4 5
4 7
4 8
4 9
4 21
4 23
4 24
4 27
4 28
5 7
5 10
5 11
5 13
5 14
5 15
5 17
5 18
5 19
5 20
5 22
5 23
5 24
5 25
5 28
6 7
6 11
6 12
6 14
6 16
6 17
6 20
6 23
6 24
6 25
6 28
6 29
6 30
7 10
7 12
7 15
7 17
7 20
7 22
7 24
7 25
7 26
7 27
7 30
8 11
8 14
8 15
8 17
8 20
8 21
8 23
8 24
8 26
8 28
8 29
9 11
9 14
9 16
9 17
9 18
9 22
9 24
9 28
9 29
10 13
10 15
10 17
10 18
10 21
10 23
10 24
10 26
10 30
11 12
11 13
11 14
11 15
11 18
11 19
11 20
11 21
11 23
11 24
11 25
11 27
11 28
12 13
12 15
12 17
12 19
12 20
12 22
12 25
12 27
12 30
13 14
13 16
13 18
13 23
13 25
13 29
14 15
14 16
14 18
14 19
14 23
14 24
14 27
14 28
14 29
14 30
15 16
15 17
15 18
15 19
15 21
15 22
15 23
15 24
15 26
15 29
16 18
16 24
16 27
16 28
16 29
17 18
17 19
17 20
17 21
17 24
17 26
17 27
17 28
17 29
18 20
18 21
18 23
18 28
18 29
18 30
19 21
19 23
19 24
19 25
19 26
19 27
19 29
20 23
20 24
20 27
20 29
20 30
21 22
21 23
21 25
21 26
21 28
22 25
22 27
22 29
22 30
23 24
23 25
23 28
24 28
25 26
25 28
26 28
26 29
26 30
27 28
27 29
27 30
28 30
12
1 6 3 23 5 19 11 13 29 14 24 8 
11
1 15 18 30 14 16 27 4 21 3 20 
7
1 29 9 22 7 4 21 
24
2 1 27 17 19 24 14 18 9 4 23 10 13 12 15 5 22 21 3 20 29 6 28 26 
4
2 14 23 21 
10
2 18 30 12 27 19 17 21 4 9 
9
2 27 3 4 23 28 9 29 16 
10
3 1 15 11 5 22 29 17 21 8 
6
3 2 5 28 23 25 
7
3 7 1 21 25 5 14 
5
3 18 14 23 11 
8
3 23 14 19 17 26 30 6 
4
3 26 28 25 
4
4 7 12 2 
10
4 7 24 2 3 28 25 19 29 8 
10
4 9 11 20 5 17 7 24 6 23 
6
4 9 14 2 26 3 
7
4 9 16 28 2 11 20 
9
4 21 19 26 25 12 22 9 17 
8
4 23 5 17 29 1 7 22 
7
4 28 2 24 6 30 22 
4
4 28 24 15 
15
5 1 21 10 30 22 25 6 28 27 12 7 24 19 29 
8
5 4 23 10 18 30 14 13 
8
5 15 10 21 1 2 24 9 
4
5 19 21 18 
12
5 20 18 29 13 12 11 25 19 21 4 24 
5
5 20 23 3 2 
13
5 25 12 7 30 26 29 18 21 23 13 14 16 
6
6 3 2 15 24 23 
5
6 3 7 4 21 
12
6 7 15 16 18 20 17 10 13 5 25 11 
10
6 7 25 1 29 26 10 23 20 24 
6
6 12 17 24 5 1 
8
6 14 15 8 20 27 11 13 
10
6 14 16 2 15 11 25 22 29 9 
14
6 14 23 20 11 13 2 18 28 27 30 12 7 5 
9
6 24 5 15 10 1 29 17 28 
8
6 29 1 3 27 14 19 24 
8
6 29 15 26 21 8 28 4 
10
6 30 10 26 3 16 28 27 11 14 
19
6 30 27 1 8 29 14 28 23 21 22 7 12 19 15 24 11 2 18 
4
7 1 21 18 
8
7 5 14 13 16 28 24 19 
4
7 27 2 23 
9
7 30 28 16 13 18 23 20 17 
6
8 1 3 7 5 14 
9
8 4 24 10 17 15 16 29 27 
19
8 17 9 4 21 25 26 28 23 5 18 30 1 7 15 24 14 27 12 
11
8 23 13 16 28 25 19 15 7 12 27 
21
8 23 24 14 27 3 16 28 6 1 2 5 20 18 11 19 21 10 7 30 26 
5
8 24 14 28 16 
6
8 28 11 14 27 29 
11
8 29 15 11 6 12 2 16 24 5 4 
20
9 4 28 24 1 8 11 12 25 13 23 14 27 2 26 3 21 17 29 20 
6
9 11 20 27 19 24 
6
9 18 3 6 17 19 
11
9 24 1 10 21 25 28 23 19 17 29 
7
9 28 5 22 29 27 20 
9
10 5 23 14 24 8 28 3 4 
25
10 15 12 22 25 23 19 5 20 17 27 3 6 14 30 26 2 16 13 18 29 1 21 8 4 
5
10 17 24 1 25 
12
10 18 5 28 6 20 27 3 7 24 19 29 
5
10 18 16 28 24 
4
10 21 1 29 
4
10 26 17 29 
14
11 13 14 9 22 5 24 6 16 18 23 10 30 7 
4
11 19 21 4 
16
11 24 19 29 22 27 17 28 6 14 5 15 7 25 12 30 
9
11 24 23 6 29 14 18 21 3 
20
12 2 3 11 27 30 1 10 7 15 17 19 5 23 4 9 16 13 14 18 
4
12 2 26 25 
5
12 7 24 15 11 
20
12 11 18 10 17 8 14 9 16 29 27 2 1 6 28 26 15 7 4 3 
5
12 15 5 4 24 
15
12 15 18 16 24 1 2 28 23 10 5 20 17 6 11 
4
12 15 21 22 
5
13 2 18 5 10 
4
13 10 15 5 
6
13 11 23 15 5 25 
4
13 14 29 20 
20
13 25 1 15 10 5 4 8 23 6 16 29 22 12 30 7 20 27 3 18 
14
13 29 8 15 24 6 7 4 21 22 25 1 19 14 
4
14 2 26 28 
5
14 5 7 26 29 
5
14 6 3 1 21 
15
14 24 15 8 1 2 11 19 17 21 23 10 26 29 20 
30
14 29 16 3 6 28 4 27 2 18 10 13 11 21 26 1 19 24 7 15 5 23 8 20 30 12 25 22 9 17 
6
15 2 16 6 29 17 
14
15 5 22 7 10 21 23 13 25 12 2 16 29 1 
5
15 7 26 28 14 
4
15 17 12 13 
6
15 18 10 13 14 24 
8
15 21 23 13 25 26 3 1 
20
15 22 9 18 20 6 17 21 25 23 2 27 7 12 11 5 24 28 8 14 
4
15 22 21 17 
16
15 23 25 5 13 1 29 3 27 14 18 11 12 7 26 17 
18
16 2 12 15 26 30 22 7 17 5 23 10 1 25 11 20 3 4 
4
16 3 23 28 
21
16 14 13 10 5 25 21 18 2 1 19 3 23 15 22 29 26 8 11 6 12 
6
16 18 30 26 1 3 
5
16 28 5 19 3 
5
17 5 13 16 24 
11
17 6 30 7 4 5 28 24 14 9 29 
26
17 7 3 19 21 4 27 14 15 8 29 16 6 28 26 1 25 12 11 23 20 18 13 2 24 9 
16
17 8 29 3 4 7 24 2 28 6 30 18 10 15 14 16 
9
17 9 22 30 20 23 15 8 21 
4
17 10 13 16 
18
17 21 23 10 13 16 6 3 18 5 19 11 12 20 8 28 24 4 
7
18 5 15 21 23 2 11 
19
18 9 4 5 14 2 3 21 1 7 20 29 13 16 28 23 6 12 30 
7
18 11 19 29 13 16 14 
12
18 13 29 15 8 11 21 28 24 2 12 25 
8
18 17 5 28 3 19 11 14 
4
18 23 4 9 
7
18 30 12 2 13 1 25 
5
19 1 8 23 13 
8
19 17 20 12 30 6 11 9 
7
19 17 27 29 6 25 7 
4
19 21 10 30 
4
19 26 17 18 
6
20 3 18 30 26 29 
5
20 5 18 14 23 
10
20 6 29 3 21 10 26 17 9 11 
4
20 7 26 15 
10
20 17 26 1 13 23 5 18 10 24 
11
20 23 2 3 21 28 14 19 1 10 18 
6
21 3 6 16 29 19 
14
21 8 11 27 7 24 28 4 23 5 14 29 13 18 
5
21 25 5 28 11 
8
21 25 7 5 24 17 10 13 
9
21 28 18 5 15 26 29 13 2 
29
22 5 24 4 9 17 19 25 21 23 11 12 7 20 6 3 27 28 18 2 14 30 10 15 29 8 1 13 16 
8
22 9 14 13 18 20 12 15 
10
22 9 28 11 14 2 26 29 15 7 
9
22 12 30 1 19 21 23 6 7 
6
22 15 23 11 3 1 
10
22 21 1 26 2 28 4 5 14 23 
6
22 29 26 30 7 17 
9
23 4 27 11 13 10 15 5 17 
10
23 6 16 29 18 28 21 1 19 11 
7
23 8 20 24 10 1 5 
4
23 11 21 4 
8
23 13 12 17 18 16 27 2 
11
23 14 28 16 3 21 15 12 17 29 20 
5
23 15 24 5 14 
6
23 18 2 1 8 28 
8
23 18 13 25 6 16 28 14 
10
23 19 14 6 20 18 21 17 27 1 
11
24 2 5 14 6 12 19 23 8 15 1 
15
24 4 28 9 16 3 26 21 11 5 13 14 30 6 25 
14
24 5 13 10 26 7 25 28 21 23 6 29 8 14 
5
24 5 13 25 26 
15
24 9 28 26 19 21 18 11 2 16 15 29 6 25 12 
8
24 16 2 12 19 29 14 30 
9
24 20 18 5 2 26 8 11 13 
4
25 11 13 1 
6
25 12 30 1 15 7 
14
25 22 5 17 8 21 11 28 27 12 30 14 15 2 
6
25 26 1 15 21 22 
6
26 2 14 9 16 13 
5
26 2 14 24 9 
14
26 7 24 15 19 29 17 9 28 5 1 10 23 3 
5
26 8 14 9 22 
20
26 10 13 5 4 24 2 27 1 3 11 20 17 28 6 14 29 15 7 25 
8
26 15 2 27 14 23 28 11 
22
26 25 1 15 10 17 27 3 2 13 5 14 24 6 30 22 29 16 9 18 21 11 
5
26 28 16 29 9 
4
26 30 7 5 
6
27 1 5 22 29 8 
9
27 4 24 19 12 11 21 10 1 
10
27 11 18 30 22 5 4 9 14 28 
4
27 12 6 11 
6
27 14 6 7 24 4 
4
27 14 24 19 
5
27 17 26 8 4 
8
27 22 25 12 2 11 23 18 
4
27 22 29 20 
17
27 29 1 7 24 8 28 5 11 3 26 15 22 25 19 12 30 
6
28 3 1 27 4 24 
11
28 3 16 24 17 19 23 4 7 6 12 
5
28 4 24 23 13 
4
28 5 4 24 
13
28 6 14 23 24 19 5 1 21 25 13 10 17 
6
28 6 14 30 18 9 
5
28 8 17 9 4 
24
28 9 11 3 27 12 7 6 16 29 14 23 4 5 24 19 26 10 17 15 22 30 1 25 
8
28 14 13 5 7 17 15 22 
10
28 16 6 11 23 10 21 26 3 20 
9
28 21 22 30 26 1 25 19 23 
21
28 23 21 10 13 2 3 27 30 20 11 15 19 5 1 25 7 22 12 17 29 
18
29 6 30 10 13 1 27 3 20 17 21 28 25 11 15 5 22 12 
6
29 9 14 30 1 15 
12
29 13 18 20 7 25 23 6 28 4 27 14 
15
29 16 24 17 12 2 3 26 28 21 4 23 20 27 11 
8
29 20 12 17 18 16 13 10 
7
29 26 1 15 17 5 25 
15
29 26 17 12 19 27 14 2 18 16 3 7 24 20 6 
9
30 7 24 4 28 27 1 26 17 
14
30 20 8 1 7 27 19 14 2 26 17 29 16 18 
