20 90 200
1 2
1 3
1 6
1 7
1 13
1 16
1 17
2 6
2 8
2 10
2 15
2 20
3 4
3 6
3 7
3 10
3 15
3 16
3 19
4 7
4 9
4 12
4 13
4 20
5 7
5 8
5 10
5 12
5 13
5 15
5 16
5 17
5 18
5 19
5 20
6 9
6 12
6 13
6 14
6 17
6 19
6 20
7 9
7 11
7 13
7 15
7 16
7 17
7 18
8 11
8 15
8 17
8 18
8 19
8 20
9 10
9 11
9 16
9 17
9 18
10 11
10 12
10 13
10 15
10 16
10 17
11 12
11 13
11 16
11 17
11 19
11 20
12 13
12 16
13 14
13 16
13 19
13 20
14 15
14 17
14 19
15 19
15 20
16 17
16 18
16 20
17 18
17 19
18 19
18 20
4
1 2 6 3 
19
1 2 6 3 16 11 13 19 17 9 7 4 20 15 10 12 5 8 18 
11
1 2 6 9 18 19 14 15 7 16 17 
19
1 2 8 15 14 6 3 10 9 18 19 17 16 12 13 7 4 20 5 
15
1 2 15 3 4 9 10 11 7 5 8 18 19 13 12 
6
1 2 20 15 14 17 
20
1 3 4 7 16 20 13 6 17 9 18 8 15 2 10 11 12 5 19 14 
4
1 3 16 11 
4
1 3 19 17 
8
1 6 3 15 8 19 18 9 
7
1 6 13 7 18 9 11 
6
1 6 19 18 7 17 
19
2 1 6 12 10 16 11 20 4 13 7 9 17 5 18 8 19 15 14 
9
2 6 13 20 11 7 1 17 5 
11
2 6 19 13 12 5 16 7 18 17 10 
11
2 8 5 20 4 9 16 3 15 14 6 
18
2 8 15 3 7 18 20 13 14 19 17 10 11 16 1 6 12 5 
13
2 8 15 19 17 1 6 20 5 18 16 3 4 
4
2 8 17 18 
8
2 10 3 6 17 5 16 18 
16
2 10 16 13 20 15 8 18 17 1 6 12 11 7 9 4 
4
2 10 17 19 
7
2 10 17 19 15 20 13 
7
2 20 11 12 10 9 7 
7
2 20 15 3 16 18 17 
4
3 4 9 11 
5
3 4 20 16 12 
5
3 7 4 12 5 
4
3 7 9 18 
5
3 7 16 13 4 
6
3 10 5 18 19 17 
11
4 3 1 2 15 5 7 16 9 11 19 
7
4 3 6 1 13 11 17 
7
4 3 6 9 11 13 19 
9
4 7 1 6 2 10 11 8 17 
11
4 7 9 17 11 12 16 5 18 19 3 
5
4 9 6 13 5 
6
4 9 10 5 15 2 
4
4 12 13 11 
6
4 20 2 6 19 11 
4
5 10 15 8 
19
5 12 11 17 9 4 7 3 10 13 16 18 20 2 6 19 14 15 8 
10
5 12 13 20 6 14 17 19 8 18 
14
6 1 7 11 13 10 12 16 3 15 5 17 9 18 
13
6 2 1 13 4 12 11 10 15 20 18 9 17 
15
6 3 7 1 13 20 11 9 16 18 5 15 19 8 2 
5
6 12 5 10 3 
4
6 12 16 3 
9
6 12 16 11 8 19 13 20 18 
6
6 14 13 5 12 10 
15
6 14 13 16 20 8 2 1 3 19 5 18 17 9 11 
15
6 14 13 19 17 7 11 20 5 10 12 4 9 16 18 
8
6 14 17 8 15 10 9 7 
7
6 17 7 5 10 9 18 
14
6 20 4 7 1 3 19 5 17 18 16 11 13 12 
5
6 20 5 8 15 
5
6 20 18 5 15 
18
7 1 2 8 11 12 6 3 4 9 16 18 17 10 5 20 15 19 
11
7 1 2 8 17 10 16 11 19 14 13 
6
7 3 16 18 19 17 
6
7 3 19 11 20 2 
7
7 4 20 6 13 11 17 
18
7 4 20 16 1 3 10 15 5 12 13 14 6 9 18 19 8 2 
4
7 5 16 3 
9
7 9 6 14 15 5 18 20 11 
5
7 9 11 12 4 
7
7 11 10 3 19 15 14 
4
7 11 10 15 
6
7 11 16 12 10 2 
5
7 13 16 1 3 
7
7 13 19 18 5 10 16 
6
7 15 3 19 8 20 
4
7 15 10 11 
8
7 16 13 11 17 18 8 15 
6
7 17 5 15 20 8 
9
7 17 14 6 20 18 5 19 13 
6
7 18 16 11 13 10 
5
7 18 16 17 6 
6
8 2 6 20 15 5 
14
8 5 12 4 3 6 1 16 10 11 13 14 19 15 
6
8 17 10 13 14 15 
7
8 18 7 15 2 10 5 
10
8 18 17 10 11 7 16 13 12 6 
9
8 19 3 7 11 16 10 9 4 
4
8 20 2 1 
15
8 20 2 1 7 18 17 11 19 13 16 10 5 15 14 
9
8 20 4 12 10 16 18 19 14 
5
8 20 16 9 17 
4
9 4 13 10 
9
9 6 13 16 17 1 2 15 8 
6
9 6 19 8 11 13 
7
9 7 1 13 6 20 4 
12
9 7 5 18 20 2 6 14 15 10 13 12 
4
9 7 13 16 
9
9 7 15 10 13 5 8 17 18 
5
9 10 11 16 3 
20
9 10 12 4 7 1 2 20 16 18 5 17 11 8 15 3 6 19 14 13 
7
9 11 7 15 20 4 12 
4
9 16 20 2 
9
9 16 20 18 8 5 19 13 14 
4
9 18 5 16 
20
9 18 16 13 4 3 15 10 2 8 20 5 7 1 6 14 17 19 11 12 
9
9 18 19 8 15 20 2 10 5 
5
10 5 15 3 19 
6
10 13 6 20 16 17 
7
10 15 7 11 19 8 18 
5
10 16 13 14 15 
10
11 8 19 5 12 13 6 2 10 17 
15
11 8 19 5 18 17 10 3 7 16 20 2 6 1 13 
9
11 9 4 20 18 7 13 10 5 
6
11 9 10 3 15 19 
7
11 10 3 1 7 13 5 
13
11 10 12 4 20 6 19 17 7 16 3 15 5 
5
11 12 5 15 14 
6
11 12 16 17 6 1 
5
11 13 6 19 14 
4
11 16 9 18 
10
11 16 13 5 10 3 7 17 18 8 
12
11 17 10 12 16 1 13 20 8 18 7 3 
5
11 19 14 6 12 
6
11 20 5 12 16 7 
4
11 20 16 17 
8
11 20 18 9 16 13 7 1 
16
12 4 13 11 8 20 15 5 17 16 7 18 9 6 19 3 
6
12 6 20 11 19 14 
4
12 11 8 15 
4
12 13 1 7 
6
12 13 5 16 11 8 
17
12 13 5 16 18 19 3 15 10 11 8 17 9 6 20 4 7 
6
12 13 16 7 17 18 
7
12 13 20 18 19 6 17 
16
12 16 1 3 4 7 11 13 20 8 18 17 19 14 6 2 
8
13 1 6 12 10 15 20 5 
8
13 5 17 19 6 3 4 12 
6
13 5 20 2 10 12 
12
13 14 15 5 18 20 8 11 10 17 9 7 
4
13 14 17 5 
4
13 19 14 17 
11
14 6 1 2 8 19 5 20 16 17 7 
11
14 6 9 11 10 13 19 3 7 18 20 
19
14 13 1 3 15 19 11 17 7 9 16 10 2 6 12 5 8 20 4 
13
14 13 20 16 11 9 18 17 8 19 3 10 12 
10
14 15 5 17 6 20 4 12 16 9 
8
14 15 10 9 7 13 1 16 
20
14 17 1 2 6 19 15 8 18 9 11 13 5 20 16 7 3 10 12 4 
16
14 17 5 18 16 12 11 20 6 13 7 4 9 10 2 1 
7
14 17 6 2 20 8 18 
14
14 19 17 10 12 16 3 15 8 20 13 7 1 6 
16
15 2 1 3 10 9 11 19 5 7 16 17 6 20 13 12 
6
15 3 7 5 12 11 
5
15 3 10 17 1 
4
15 7 13 19 
20
15 8 2 1 3 7 16 10 5 13 11 9 18 17 19 14 6 20 4 12 
7
15 8 17 6 3 7 16 
7
15 10 13 5 7 17 1 
11
15 19 18 20 13 1 7 5 17 6 14 
18
15 20 5 12 4 7 3 16 1 6 2 8 11 19 14 13 10 9 
10
15 20 5 19 13 14 17 7 16 11 
4
15 20 11 12 
7
16 1 6 12 4 13 11 
8
16 5 10 12 13 19 8 18 
13
16 10 5 8 2 1 7 9 17 6 14 15 20 
4
16 10 5 12 
7
16 17 5 7 13 20 18 
5
16 20 4 9 7 
9
17 1 7 3 16 10 9 6 13 
5
17 5 10 12 6 
5
17 5 13 20 2 
7
17 6 1 3 7 16 20 
8
17 9 10 16 11 12 5 18 
10
17 11 19 13 12 16 5 8 2 1 
20
18 5 12 10 3 7 16 20 15 14 19 8 11 17 1 13 4 9 6 2 
4
18 7 17 10 
18
18 8 2 1 16 5 7 4 20 6 12 13 10 17 19 3 15 14 
6
18 8 20 16 13 14 
10
18 9 16 5 17 11 19 6 12 10 
19
18 16 7 9 11 13 14 17 10 15 8 20 4 3 1 2 6 12 5 
18
18 16 13 19 8 2 10 11 12 4 9 6 20 15 7 5 17 14 
7
18 17 6 12 16 11 10 
13
18 19 8 15 5 20 4 3 7 16 10 2 6 
9
18 20 5 8 15 19 14 13 16 
4
19 5 7 4 
11
19 6 17 1 7 5 20 16 10 13 12 
8
19 11 10 12 4 20 16 9 
8
19 11 20 5 17 7 18 8 
4
19 13 4 20 
9
19 15 10 5 13 20 2 6 3 
8
19 15 20 16 13 1 17 18 
8
19 17 16 12 10 13 11 20 
4
19 17 18 16 
17
19 18 5 8 17 9 10 11 16 1 13 20 2 6 12 4 3 
16
20 2 6 12 13 4 3 16 1 17 11 10 5 19 15 14 
15
20 2 15 19 13 1 7 11 10 16 3 4 9 17 5 
20
20 4 9 10 15 2 6 14 19 8 5 17 1 3 7 18 16 11 13 12 
7
20 5 19 8 11 16 10 
4
20 8 2 15 
14
20 11 8 18 7 5 17 10 12 4 13 14 6 1 
5
20 11 13 5 10 
15
20 15 8 2 10 3 7 17 14 19 11 13 1 16 5 
4
20 18 19 13 
