150 175 360
0 3
1 3
2 3
3 70
3 74
3 90
4 7
5 7
6 7
7 86
7 94
8 11
9 11
10 11
11 82
11 114
12 15
13 15
14 15
15 62
15 106
16 19
17 19
18 19
19 86
19 98
19 102
20 23
21 23
22 23
23 86
23 102
24 27
25 27
26 27
27 78
27 110
28 31
29 31
30 31
31 98
31 114
32 35
33 35
34 35
35 62
35 74
36 39
37 39
38 39
39 70
39 118
40 43
41 43
42 43
43 70
43 90
44 47
45 47
46 47
47 62
47 94
47 118
48 51
49 51
50 51
51 66
51 110
52 55
53 55
54 55
55 66
55 82
55 114
56 59
57 59
58 59
59 78
59 106
59 110
60 63
61 63
62 63
63 126
63 128
63 136
64 67
65 67
66 67
67 130
67 136
68 71
69 71
70 71
71 124
71 138
71 142
72 75
73 75
74 75
75 122
75 126
76 79
77 79
78 79
79 132
79 136
80 83
81 83
82 83
83 120
83 144
84 87
85 87
86 87
87 134
87 140
87 146
88 91
89 91
90 91
91 142
91 146
92 95
93 95
94 95
95 122
95 134
96 99
97 99
98 99
99 138
99 148
100 103
101 103
102 103
103 138
103 140
104 107
105 107
106 107
107 128
107 146
108 111
109 111
110 111
111 122
111 130
111 132
112 115
113 115
114 115
115 120
115 144
115 148
116 119
117 119
118 119
119 124
119 144
120 121
122 123
124 125
126 127
128 129
130 131
132 133
134 135
136 137
138 139
140 141
142 143
144 145
146 147
148 149
6
34 35 74 75 126 127 
6
26 27 78 79 132 133 
6
10 11 82 83 120 121 
6
34 35 74 75 122 123 
6
22 23 102 103 140 141 
6
26 27 110 111 132 133 
6
22 23 102 103 138 139 
6
30 31 114 115 148 149 
6
34 35 62 63 126 127 
6
2 3 90 91 142 143 
6
54 55 82 83 120 121 
6
50 51 110 111 130 131 
6
10 11 114 115 120 121 
6
42 43 90 91 146 147 
6
46 47 118 119 124 125 
6
38 39 70 71 124 125 
6
22 23 86 87 140 141 
6
50 51 66 67 136 137 
6
58 59 106 107 128 129 
6
54 55 66 67 130 131 
6
18 19 86 87 146 147 
6
58 59 78 79 132 133 
6
18 19 102 103 140 141 
6
42 43 70 71 142 143 
6
14 15 62 63 128 129 
6
42 43 90 91 142 143 
6
14 15 106 107 128 129 
6
54 55 114 115 144 145 
6
2 3 70 71 138 139 
6
6 7 94 95 134 135 
6
58 59 110 111 122 123 
6
18 19 98 99 148 149 
6
26 27 78 79 136 137 
6
30 31 98 99 138 139 
6
30 31 98 99 148 149 
6
14 15 106 107 146 147 
6
6 7 86 87 134 135 
6
38 39 118 119 124 125 
6
6 7 94 95 122 123 
6
2 3 74 75 126 127 
6
10 11 82 83 144 145 
6
38 39 118 119 144 145 
6
46 47 62 63 136 137 
6
50 51 66 67 130 131 
6
46 47 94 95 134 135 
2
0 3 
2
1 3 
2
2 3 
3
0 3 70 
3
1 3 70 
3
2 3 70 
3
0 3 74 
3
1 3 74 
3
2 3 74 
3
0 3 90 
3
1 3 90 
3
2 3 90 
2
4 7 
2
5 7 
2
6 7 
3
4 7 86 
3
5 7 86 
3
6 7 86 
3
4 7 94 
3
5 7 94 
3
6 7 94 
2
8 11 
2
9 11 
2
10 11 
3
8 11 82 
3
9 11 82 
3
10 11 82 
3
8 11 114 
3
9 11 114 
3
10 11 114 
2
12 15 
2
13 15 
2
14 15 
3
12 15 62 
3
13 15 62 
3
14 15 62 
3
12 15 106 
3
13 15 106 
3
14 15 106 
2
16 19 
2
17 19 
2
18 19 
3
16 19 86 
3
17 19 86 
3
18 19 86 
3
16 19 98 
3
17 19 98 
3
18 19 98 
3
16 19 102 
3
17 19 102 
3
18 19 102 
2
20 23 
2
21 23 
2
22 23 
3
20 23 86 
3
21 23 86 
3
22 23 86 
3
20 23 102 
3
21 23 102 
3
22 23 102 
2
24 27 
2
25 27 
2
26 27 
3
24 27 78 
3
25 27 78 
3
26 27 78 
3
24 27 110 
3
25 27 110 
3
26 27 110 
2
28 31 
2
29 31 
2
30 31 
3
28 31 98 
3
29 31 98 
3
30 31 98 
3
28 31 114 
3
29 31 114 
3
30 31 114 
2
32 35 
2
33 35 
2
34 35 
3
32 35 62 
3
33 35 62 
3
34 35 62 
3
32 35 74 
3
33 35 74 
3
34 35 74 
2
36 39 
2
37 39 
2
38 39 
3
36 39 70 
3
37 39 70 
3
38 39 70 
3
36 39 118 
3
37 39 118 
3
38 39 118 
2
40 43 
2
41 43 
2
42 43 
3
40 43 70 
3
41 43 70 
3
42 43 70 
3
40 43 90 
3
41 43 90 
3
42 43 90 
2
44 47 
2
45 47 
2
46 47 
3
44 47 62 
3
45 47 62 
3
46 47 62 
3
44 47 94 
3
45 47 94 
3
46 47 94 
3
44 47 118 
3
45 47 118 
3
46 47 118 
2
48 51 
2
49 51 
2
50 51 
3
48 51 66 
3
49 51 66 
3
50 51 66 
3
48 51 110 
3
49 51 110 
3
50 51 110 
2
52 55 
2
53 55 
2
54 55 
3
52 55 66 
3
53 55 66 
3
54 55 66 
3
52 55 82 
3
53 55 82 
3
54 55 82 
3
52 55 114 
3
53 55 114 
3
54 55 114 
2
56 59 
2
57 59 
2
58 59 
3
56 59 78 
3
57 59 78 
3
58 59 78 
3
56 59 106 
3
57 59 106 
3
58 59 106 
3
56 59 110 
3
57 59 110 
3
58 59 110 
2
60 63 
2
61 63 
2
62 63 
3
60 63 126 
3
61 63 126 
3
62 63 126 
3
60 63 128 
3
61 63 128 
3
62 63 128 
3
60 63 136 
3
61 63 136 
3
62 63 136 
2
64 67 
2
65 67 
2
66 67 
3
64 67 130 
3
65 67 130 
3
66 67 130 
3
64 67 136 
3
65 67 136 
3
66 67 136 
2
68 71 
2
69 71 
2
70 71 
3
68 71 124 
3
69 71 124 
3
70 71 124 
3
68 71 138 
3
69 71 138 
3
70 71 138 
3
68 71 142 
3
69 71 142 
3
70 71 142 
2
72 75 
2
73 75 
2
74 75 
3
72 75 122 
3
73 75 122 
3
74 75 122 
3
72 75 126 
3
73 75 126 
3
74 75 126 
2
76 79 
2
77 79 
2
78 79 
3
76 79 132 
3
77 79 132 
3
78 79 132 
3
76 79 136 
3
77 79 136 
3
78 79 136 
2
80 83 
2
81 83 
2
82 83 
3
80 83 120 
3
81 83 120 
3
82 83 120 
3
80 83 144 
3
81 83 144 
3
82 83 144 
2
84 87 
2
85 87 
2
86 87 
3
84 87 134 
3
85 87 134 
3
86 87 134 
3
84 87 140 
3
85 87 140 
3
86 87 140 
3
84 87 146 
3
85 87 146 
3
86 87 146 
2
88 91 
2
89 91 
2
90 91 
3
88 91 142 
3
89 91 142 
3
90 91 142 
3
88 91 146 
3
89 91 146 
3
90 91 146 
2
92 95 
2
93 95 
2
94 95 
3
92 95 122 
3
93 95 122 
3
94 95 122 
3
92 95 134 
3
93 95 134 
3
94 95 134 
2
96 99 
2
97 99 
2
98 99 
3
96 99 138 
3
97 99 138 
3
98 99 138 
3
96 99 148 
3
97 99 148 
3
98 99 148 
2
100 103 
2
101 103 
2
102 103 
3
100 103 138 
3
101 103 138 
3
102 103 138 
3
100 103 140 
3
101 103 140 
3
102 103 140 
2
104 107 
2
105 107 
2
106 107 
3
104 107 128 
3
105 107 128 
3
106 107 128 
3
104 107 146 
3
105 107 146 
3
106 107 146 
2
108 111 
2
109 111 
2
110 111 
3
108 111 122 
3
109 111 122 
3
110 111 122 
3
108 111 130 
3
109 111 130 
3
110 111 130 
3
108 111 132 
3
109 111 132 
3
110 111 132 
2
112 115 
2
113 115 
2
114 115 
3
112 115 120 
3
113 115 120 
3
114 115 120 
3
112 115 144 
3
113 115 144 
3
114 115 144 
3
112 115 148 
3
113 115 148 
3
114 115 148 
2
116 119 
2
117 119 
2
118 119 
3
116 119 124 
3
117 119 124 
3
118 119 124 
3
116 119 144 
3
117 119 144 
3
118 119 144 
2
120 121 
2
122 123 
2
124 125 
2
126 127 
2
128 129 
2
130 131 
2
132 133 
2
134 135 
2
136 137 
2
138 139 
2
140 141 
2
142 143 
2
144 145 
2
146 147 
2
148 149 