90 105 216
0 3
1 3
2 3
3 42
3 66
4 7
5 7
6 7
7 38
7 46
7 50
8 11
9 11
10 11
11 42
11 66
11 70
12 15
13 15
14 15
15 62
15 70
16 19
17 19
18 19
19 54
19 58
19 62
20 23
21 23
22 23
23 58
23 62
24 27
25 27
26 27
27 54
27 66
28 31
29 31
30 31
31 38
31 50
32 35
33 35
34 35
35 46
35 50
36 39
37 39
38 39
39 76
39 86
40 43
41 43
42 43
43 74
43 84
44 47
45 47
46 47
47 74
47 78
48 51
49 51
50 51
51 74
51 78
51 86
52 55
53 55
54 55
55 72
55 88
56 59
57 59
58 59
59 76
59 82
60 63
61 63
62 63
63 72
63 80
63 82
64 67
65 67
66 67
67 76
67 84
67 88
68 71
69 71
70 71
71 72
71 80
72 73
74 75
76 77
78 79
80 81
82 83
84 85
86 87
88 89
6
10 11 42 43 84 85 
6
2 3 42 43 84 85 
6
18 19 58 59 82 83 
6
26 27 54 55 72 73 
6
30 31 38 39 86 87 
6
10 11 70 71 80 81 
6
34 35 46 47 74 75 
6
30 31 38 39 76 77 
6
22 23 58 59 82 83 
6
2 3 66 67 84 85 
6
22 23 62 63 82 83 
6
10 11 66 67 76 77 
6
6 7 38 39 86 87 
6
6 7 46 47 78 79 
6
14 15 70 71 72 73 
6
26 27 66 67 88 89 
6
2 3 42 43 74 75 
6
26 27 54 55 88 89 
6
30 31 50 51 86 87 
6
14 15 62 63 80 81 
6
6 7 50 51 74 75 
6
34 35 50 51 78 79 
6
22 23 58 59 76 77 
6
18 19 54 55 88 89 
6
18 19 62 63 72 73 
6
14 15 70 71 80 81 
6
34 35 46 47 78 79 
2
0 3 
2
1 3 
2
2 3 
3
0 3 42 
3
1 3 42 
3
2 3 42 
3
0 3 66 
3
1 3 66 
3
2 3 66 
2
4 7 
2
5 7 
2
6 7 
3
4 7 38 
3
5 7 38 
3
6 7 38 
3
4 7 46 
3
5 7 46 
3
6 7 46 
3
4 7 50 
3
5 7 50 
3
6 7 50 
2
8 11 
2
9 11 
2
10 11 
3
8 11 42 
3
9 11 42 
3
10 11 42 
3
8 11 66 
3
9 11 66 
3
10 11 66 
3
8 11 70 
3
9 11 70 
3
10 11 70 
2
12 15 
2
13 15 
2
14 15 
3
12 15 62 
3
13 15 62 
3
14 15 62 
3
12 15 70 
3
13 15 70 
3
14 15 70 
2
16 19 
2
17 19 
2
18 19 
3
16 19 54 
3
17 19 54 
3
18 19 54 
3
16 19 58 
3
17 19 58 
3
18 19 58 
3
16 19 62 
3
17 19 62 
3
18 19 62 
2
20 23 
2
21 23 
2
22 23 
3
20 23 58 
3
21 23 58 
3
22 23 58 
3
20 23 62 
3
21 23 62 
3
22 23 62 
2
24 27 
2
25 27 
2
26 27 
3
24 27 54 
3
25 27 54 
3
26 27 54 
3
24 27 66 
3
25 27 66 
3
26 27 66 
2
28 31 
2
29 31 
2
30 31 
3
28 31 38 
3
29 31 38 
3
30 31 38 
3
28 31 50 
3
29 31 50 
3
30 31 50 
2
32 35 
2
33 35 
2
34 35 
3
32 35 46 
3
33 35 46 
3
34 35 46 
3
32 35 50 
3
33 35 50 
3
34 35 50 
2
36 39 
2
37 39 
2
38 39 
3
36 39 76 
3
37 39 76 
3
38 39 76 
3
36 39 86 
3
37 39 86 
3
38 39 86 
2
40 43 
2
41 43 
2
42 43 
3
40 43 74 
3
41 43 74 
3
42 43 74 
3
40 43 84 
3
41 43 84 
3
42 43 84 
2
44 47 
2
45 47 
2
46 47 
3
44 47 74 
3
45 47 74 
3
46 47 74 
3
44 47 78 
3
45 47 78 
3
46 47 78 
2
48 51 
2
49 51 
2
50 51 
3
48 51 74 
3
49 51 74 
3
50 51 74 
3
48 51 78 
3
49 51 78 
3
50 51 78 
3
48 51 86 
3
49 51 86 
3
50 51 86 
2
52 55 
2
53 55 
2
54 55 
3
52 55 72 
3
53 55 72 
3
54 55 72 
3
52 55 88 
3
53 55 88 
3
54 55 88 
2
56 59 
2
57 59 
2
58 59 
3
56 59 76 
3
57 59 76 
3
58 59 76 
3
56 59 82 
3
57 59 82 
3
58 59 82 
2
60 63 
2
61 63 
2
62 63 
3
60 63 72 
3
61 63 72 
3
62 63 72 
3
60 63 80 
3
61 63 80 
3
62 63 80 
3
60 63 82 
3
61 63 82 
3
62 63 82 
2
64 67 
2
65 67 
2
66 67 
3
64 67 76 
3
65 67 76 
3
66 67 76 
3
64 67 84 
3
65 67 84 
3
66 67 84 
3
64 67 88 
3
65 67 88 
3
66 67 88 
2
68 71 
2
69 71 
2
70 71 
3
68 71 72 
3
69 71 72 
3
70 71 72 
3
68 71 80 
3
69 71 80 
3
70 71 80 
2
72 73 
2
74 75 
2
76 77 
2
78 79 
2
80 81 
2
82 83 
2
84 85 
2
86 87 
2
88 89 
