600 700 1440
0 3
1 3
2 3
3 258
3 370
4 7
5 7
6 7
7 246
7 254
7 474
8 11
9 11
10 11
11 274
11 282
12 15
13 15
14 15
15 370
15 390
16 19
17 19
18 19
19 406
19 478
20 23
21 23
22 23
23 382
23 410
23 466
24 27
25 27
26 27
27 258
27 290
27 414
28 31
29 31
30 31
31 318
31 470
32 35
33 35
34 35
35 286
35 414
36 39
37 39
38 39
39 274
39 282
39 450
40 43
41 43
42 43
43 314
43 478
44 47
45 47
46 47
47 286
47 326
47 374
48 51
49 51
50 51
51 294
51 398
51 470
52 55
53 55
54 55
55 310
55 338
56 59
57 59
58 59
59 310
59 358
60 63
61 63
62 63
63 306
63 418
64 67
65 67
66 67
67 354
67 454
68 71
69 71
70 71
71 266
71 318
71 330
72 75
73 75
74 75
75 290
75 318
76 79
77 79
78 79
79 250
79 386
80 83
81 83
82 83
83 366
83 454
84 87
85 87
86 87
87 254
87 446
88 91
89 91
90 91
91 306
91 358
91 458
92 95
93 95
94 95
95 398
95 422
96 99
97 99
98 99
99 314
99 334
99 438
100 103
101 103
102 103
103 322
103 410
104 107
105 107
106 107
107 398
107 450
108 111
109 111
110 111
111 378
111 442
112 115
113 115
114 115
115 354
115 370
115 406
116 119
117 119
118 119
119 306
119 342
120 123
121 123
122 123
123 242
123 278
123 366
124 127
125 127
126 127
127 458
127 474
128 131
129 131
130 131
131 386
131 426
132 135
133 135
134 135
135 394
135 402
136 139
137 139
138 139
139 362
139 434
140 143
141 143
142 143
143 362
143 390
143 434
144 147
145 147
146 147
147 262
147 442
148 151
149 151
150 151
151 326
151 374
152 155
153 155
154 155
155 266
155 462
156 159
157 159
158 159
159 334
159 462
160 163
161 163
162 163
163 322
163 418
163 442
164 167
165 167
166 167
167 278
167 326
168 171
169 171
170 171
171 242
171 350
172 175
173 175
174 175
175 346
175 438
176 179
177 179
178 179
179 270
179 474
180 183
181 183
182 183
183 302
183 310
183 350
184 187
185 187
186 187
187 270
187 394
187 454
188 191
189 191
190 191
191 282
191 430
192 195
193 195
194 195
195 438
195 466
196 199
197 199
198 199
199 298
199 414
200 203
201 203
202 203
203 302
203 402
204 207
205 207
206 207
207 422
207 430
207 446
208 211
209 211
210 211
211 262
211 378
211 386
212 215
213 215
214 215
215 330
215 410
216 219
217 219
218 219
219 298
219 338
219 478
220 223
221 223
222 223
223 342
223 346
223 402
224 227
225 227
226 227
227 246
227 362
228 231
229 231
230 231
231 242
231 294
232 235
233 235
234 235
235 250
235 426
235 462
236 239
237 239
238 239
239 382
239 446
240 243
241 243
242 243
243 520
243 536
243 542
244 247
245 247
246 247
247 512
247 572
248 251
249 251
250 251
251 538
251 562
252 255
253 255
254 255
255 572
255 588
256 259
257 259
258 259
259 490
259 578
260 263
261 263
262 263
263 574
263 576
264 267
265 267
266 267
267 484
267 532
268 271
269 271
270 271
271 488
271 510
272 275
273 275
274 275
275 522
275 552
276 279
277 279
278 279
279 500
279 502
280 283
281 283
282 283
283 522
283 572
283 590
284 287
285 287
286 287
287 508
287 528
288 291
289 291
290 291
291 538
291 584
292 295
293 295
294 295
295 520
295 542
296 299
297 299
298 299
299 576
299 580
300 303
301 303
302 303
303 520
303 586
304 307
305 307
306 307
307 554
307 566
307 594
308 311
309 311
310 311
311 496
311 534
311 576
312 315
313 315
314 315
315 498
315 548
316 319
317 319
318 319
319 518
319 582
319 584
320 323
321 323
322 323
323 500
323 506
324 327
325 327
326 327
327 502
327 544
327 570
328 331
329 331
330 331
331 508
331 598
332 335
333 335
334 335
335 560
335 592
336 339
337 339
338 339
339 496
339 582
340 343
341 343
342 343
343 494
343 566
344 347
345 347
346 347
347 494
347 526
348 351
349 351
350 351
351 536
351 554
352 355
353 355
354 355
355 486
355 488
356 359
357 359
358 359
359 498
359 534
360 363
361 363
362 363
363 488
363 512
363 568
364 367
365 367
366 367
367 482
367 550
368 371
369 371
370 371
371 484
371 490
371 516
372 375
373 375
374 375
375 570
375 582
376 379
377 379
378 379
379 554
379 564
380 383
381 383
382 383
383 524
383 596
384 387
385 387
386 387
387 558
387 562
387 578
388 391
389 391
390 391
391 516
391 560
392 395
393 395
394 395
395 480
395 596
396 399
397 399
398 399
399 508
399 530
399 540
400 403
401 403
402 403
403 480
403 492
403 586
404 407
405 407
406 407
407 514
407 544
408 411
409 411
410 411
411 500
411 506
411 598
412 415
413 415
414 415
415 528
415 552
415 580
416 419
417 419
418 419
419 484
419 594
420 423
421 423
422 423
423 530
423 544
424 427
425 427
426 427
427 492
427 558
428 431
429 431
430 431
431 492
431 590
432 435
433 435
434 435
435 482
435 568
436 439
437 439
438 439
439 526
439 546
439 596
440 443
441 443
442 443
443 560
443 564
443 574
444 447
445 447
446 447
447 524
447 538
447 588
448 451
449 451
450 451
451 540
451 578
452 455
453 455
454 455
455 482
455 486
455 550
456 459
457 459
458 459
459 504
459 556
460 463
461 463
462 463
463 532
463 556
463 592
464 467
465 467
466 467
467 546
467 556
468 471
469 471
470 471
471 518
471 552
472 475
473 475
474 475
475 494
475 504
475 510
476 479
477 479
478 479
479 498
479 514
479 548
480 481
482 483
484 485
486 487
488 489
490 491
492 493
494 495
496 497
498 499
500 501
502 503
504 505
506 507
508 509
510 511
512 513
514 515
516 517
518 519
520 521
522 523
524 525
526 527
528 529
530 531
532 533
534 535
536 537
538 539
540 541
542 543
544 545
546 547
548 549
550 551
552 553
554 555
556 557
558 559
560 561
562 563
564 565
566 567
568 569
570 571
572 573
574 575
576 577
578 579
580 581
582 583
584 585
586 587
588 589
590 591
592 593
594 595
596 597
598 599
6
118 119 306 307 566 567 
6
178 179 474 475 510 511 
6
54 55 338 339 582 583 
6
22 23 382 383 524 525 
6
162 163 322 323 506 507 
6
198 199 414 415 580 581 
6
10 11 282 283 522 523 
6
134 135 394 395 596 597 
6
210 211 262 263 574 575 
6
130 131 386 387 558 559 
6
74 75 290 291 538 539 
6
94 95 398 399 530 531 
6
182 183 310 311 576 577 
6
190 191 430 431 590 591 
6
26 27 290 291 584 585 
6
2 3 258 259 578 579 
6
50 51 470 471 518 519 
6
174 175 438 439 526 527 
6
46 47 374 375 570 571 
6
98 99 438 439 596 597 
6
214 215 330 331 508 509 
6
38 39 282 283 572 573 
6
186 187 394 395 480 481 
6
142 143 434 435 568 569 
6
186 187 270 271 510 511 
6
150 151 374 375 570 571 
6
62 63 306 307 594 595 
6
90 91 458 459 504 505 
6
158 159 462 463 592 593 
6
22 23 466 467 546 547 
6
90 91 358 359 534 535 
6
122 123 366 367 550 551 
6
178 179 270 271 488 489 
6
78 79 250 251 538 539 
6
142 143 362 363 488 489 
6
58 59 358 359 534 535 
6
10 11 274 275 522 523 
6
86 87 254 255 588 589 
6
106 107 450 451 578 579 
6
66 67 454 455 486 487 
6
114 115 354 355 486 487 
6
70 71 266 267 532 533 
6
18 19 406 407 544 545 
6
154 155 266 267 484 485 
6
34 35 286 287 528 529 
6
226 227 246 247 572 573 
6
162 163 418 419 594 595 
6
18 19 406 407 514 515 
6
138 139 434 435 482 483 
6
90 91 306 307 554 555 
6
218 219 298 299 580 581 
6
102 103 322 323 506 507 
6
78 79 250 251 562 563 
6
194 195 466 467 556 557 
6
222 223 342 343 566 567 
6
126 127 458 459 504 505 
6
150 151 326 327 570 571 
6
146 147 262 263 576 577 
6
226 227 246 247 512 513 
6
186 187 454 455 482 483 
6
38 39 450 451 540 541 
6
210 211 386 387 578 579 
6
202 203 302 303 586 587 
6
78 79 386 387 562 563 
6
182 183 302 303 586 587 
6
46 47 286 287 528 529 
6
198 199 298 299 580 581 
6
238 239 382 383 524 525 
6
14 15 390 391 560 561 
6
222 223 402 403 492 493 
6
26 27 258 259 490 491 
6
202 203 302 303 520 521 
6
150 151 374 375 582 583 
6
230 231 294 295 520 521 
6
166 167 326 327 502 503 
6
58 59 310 311 534 535 
6
86 87 254 255 572 573 
6
190 191 430 431 492 493 
6
82 83 454 455 550 551 
6
154 155 266 267 532 533 
6
194 195 466 467 546 547 
6
166 167 278 279 502 503 
6
98 99 334 335 592 593 
6
6 7 474 475 494 495 
6
142 143 390 391 516 517 
6
218 219 478 479 498 499 
6
86 87 446 447 588 589 
6
154 155 462 463 532 533 
6
126 127 458 459 556 557 
6
166 167 278 279 500 501 
6
158 159 334 335 592 593 
6
46 47 326 327 544 545 
6
234 235 250 251 562 563 
6
102 103 322 323 500 501 
6
238 239 382 383 596 597 
6
122 123 278 279 502 503 
6
138 139 362 363 568 569 
6
14 15 370 371 516 517 
6
42 43 314 315 548 549 
6
54 55 338 339 496 497 
6
6 7 246 247 512 513 
6
214 215 330 331 598 599 
6
50 51 294 295 542 543 
6
30 31 318 319 518 519 
6
22 23 410 411 500 501 
6
118 119 342 343 494 495 
6
182 183 350 351 536 537 
6
2 3 258 259 490 491 
6
82 83 366 367 482 483 
6
190 191 282 283 590 591 
6
42 43 314 315 498 499 
6
106 107 450 451 540 541 
6
74 75 290 291 584 585 
6
202 203 402 403 586 587 
6
170 171 350 351 554 555 
6
174 175 346 347 526 527 
6
66 67 354 355 486 487 
6
114 115 406 407 514 515 
6
194 195 438 439 546 547 
6
110 111 378 379 564 565 
6
26 27 414 415 552 553 
6
198 199 298 299 576 577 
6
2 3 370 371 490 491 
6
58 59 358 359 498 499 
6
230 231 242 243 542 543 
6
170 171 350 351 536 537 
6
110 111 378 379 554 555 
6
214 215 410 411 598 599 
6
62 63 418 419 594 595 
6
178 179 270 271 510 511 
6
118 119 342 343 566 567 
6
14 15 390 391 516 517 
6
174 175 346 347 494 495 
6
102 103 410 411 506 507 
6
130 131 426 427 492 493 
6
126 127 474 475 504 505 
6
82 83 366 367 550 551 
6
62 63 418 419 484 485 
6
206 207 446 447 538 539 
6
230 231 294 295 542 543 
6
34 35 414 415 528 529 
6
98 99 314 315 548 549 
6
18 19 478 479 514 515 
6
158 159 334 335 560 561 
6
218 219 338 339 496 497 
6
106 107 398 399 540 541 
6
70 71 330 331 598 599 
6
54 55 310 311 496 497 
6
222 223 346 347 526 527 
6
6 7 254 255 588 589 
6
146 147 262 263 574 575 
6
210 211 378 379 564 565 
6
94 95 422 423 544 545 
6
170 171 242 243 536 537 
6
66 67 354 355 488 489 
6
30 31 470 471 552 553 
6
226 227 362 363 512 513 
6
234 235 426 427 558 559 
6
234 235 462 463 556 557 
6
162 163 442 443 560 561 
6
42 43 478 479 548 549 
6
114 115 370 371 484 485 
6
74 75 318 319 584 585 
6
138 139 434 435 568 569 
6
50 51 398 399 508 509 
6
206 207 422 423 530 531 
6
238 239 446 447 524 525 
6
110 111 442 443 564 565 
6
94 95 422 423 530 531 
6
134 135 394 395 480 481 
6
34 35 286 287 508 509 
6
70 71 318 319 582 583 
6
10 11 274 275 552 553 
6
38 39 274 275 522 523 
6
130 131 426 427 558 559 
6
146 147 442 443 574 575 
6
30 31 470 471 518 519 
6
206 207 430 431 590 591 
6
122 123 242 243 520 521 
6
134 135 402 403 480 481 
2
0 3 
2
1 3 
2
2 3 
3
0 3 258 
3
1 3 258 
3
2 3 258 
3
0 3 370 
3
1 3 370 
3
2 3 370 
2
4 7 
2
5 7 
2
6 7 
3
4 7 246 
3
5 7 246 
3
6 7 246 
3
4 7 254 
3
5 7 254 
3
6 7 254 
3
4 7 474 
3
5 7 474 
3
6 7 474 
2
8 11 
2
9 11 
2
10 11 
3
8 11 274 
3
9 11 274 
3
10 11 274 
3
8 11 282 
3
9 11 282 
3
10 11 282 
2
12 15 
2
13 15 
2
14 15 
3
12 15 370 
3
13 15 370 
3
14 15 370 
3
12 15 390 
3
13 15 390 
3
14 15 390 
2
16 19 
2
17 19 
2
18 19 
3
16 19 406 
3
17 19 406 
3
18 19 406 
3
16 19 478 
3
17 19 478 
3
18 19 478 
2
20 23 
2
21 23 
2
22 23 
3
20 23 382 
3
21 23 382 
3
22 23 382 
3
20 23 410 
3
21 23 410 
3
22 23 410 
3
20 23 466 
3
21 23 466 
3
22 23 466 
2
24 27 
2
25 27 
2
26 27 
3
24 27 258 
3
25 27 258 
3
26 27 258 
3
24 27 290 
3
25 27 290 
3
26 27 290 
3
24 27 414 
3
25 27 414 
3
26 27 414 
2
28 31 
2
29 31 
2
30 31 
3
28 31 318 
3
29 31 318 
3
30 31 318 
3
28 31 470 
3
29 31 470 
3
30 31 470 
2
32 35 
2
33 35 
2
34 35 
3
32 35 286 
3
33 35 286 
3
34 35 286 
3
32 35 414 
3
33 35 414 
3
34 35 414 
2
36 39 
2
37 39 
2
38 39 
3
36 39 274 
3
37 39 274 
3
38 39 274 
3
36 39 282 
3
37 39 282 
3
38 39 282 
3
36 39 450 
3
37 39 450 
3
38 39 450 
2
40 43 
2
41 43 
2
42 43 
3
40 43 314 
3
41 43 314 
3
42 43 314 
3
40 43 478 
3
41 43 478 
3
42 43 478 
2
44 47 
2
45 47 
2
46 47 
3
44 47 286 
3
45 47 286 
3
46 47 286 
3
44 47 326 
3
45 47 326 
3
46 47 326 
3
44 47 374 
3
45 47 374 
3
46 47 374 
2
48 51 
2
49 51 
2
50 51 
3
48 51 294 
3
49 51 294 
3
50 51 294 
3
48 51 398 
3
49 51 398 
3
50 51 398 
3
48 51 470 
3
49 51 470 
3
50 51 470 
2
52 55 
2
53 55 
2
54 55 
3
52 55 310 
3
53 55 310 
3
54 55 310 
3
52 55 338 
3
53 55 338 
3
54 55 338 
2
56 59 
2
57 59 
2
58 59 
3
56 59 310 
3
57 59 310 
3
58 59 310 
3
56 59 358 
3
57 59 358 
3
58 59 358 
2
60 63 
2
61 63 
2
62 63 
3
60 63 306 
3
61 63 306 
3
62 63 306 
3
60 63 418 
3
61 63 418 
3
62 63 418 
2
64 67 
2
65 67 
2
66 67 
3
64 67 354 
3
65 67 354 
3
66 67 354 
3
64 67 454 
3
65 67 454 
3
66 67 454 
2
68 71 
2
69 71 
2
70 71 
3
68 71 266 
3
69 71 266 
3
70 71 266 
3
68 71 318 
3
69 71 318 
3
70 71 318 
3
68 71 330 
3
69 71 330 
3
70 71 330 
2
72 75 
2
73 75 
2
74 75 
3
72 75 290 
3
73 75 290 
3
74 75 290 
3
72 75 318 
3
73 75 318 
3
74 75 318 
2
76 79 
2
77 79 
2
78 79 
3
76 79 250 
3
77 79 250 
3
78 79 250 
3
76 79 386 
3
77 79 386 
3
78 79 386 
2
80 83 
2
81 83 
2
82 83 
3
80 83 366 
3
81 83 366 
3
82 83 366 
3
80 83 454 
3
81 83 454 
3
82 83 454 
2
84 87 
2
85 87 
2
86 87 
3
84 87 254 
3
85 87 254 
3
86 87 254 
3
84 87 446 
3
85 87 446 
3
86 87 446 
2
88 91 
2
89 91 
2
90 91 
3
88 91 306 
3
89 91 306 
3
90 91 306 
3
88 91 358 
3
89 91 358 
3
90 91 358 
3
88 91 458 
3
89 91 458 
3
90 91 458 
2
92 95 
2
93 95 
2
94 95 
3
92 95 398 
3
93 95 398 
3
94 95 398 
3
92 95 422 
3
93 95 422 
3
94 95 422 
2
96 99 
2
97 99 
2
98 99 
3
96 99 314 
3
97 99 314 
3
98 99 314 
3
96 99 334 
3
97 99 334 
3
98 99 334 
3
96 99 438 
3
97 99 438 
3
98 99 438 
2
100 103 
2
101 103 
2
102 103 
3
100 103 322 
3
101 103 322 
3
102 103 322 
3
100 103 410 
3
101 103 410 
3
102 103 410 
2
104 107 
2
105 107 
2
106 107 
3
104 107 398 
3
105 107 398 
3
106 107 398 
3
104 107 450 
3
105 107 450 
3
106 107 450 
2
108 111 
2
109 111 
2
110 111 
3
108 111 378 
3
109 111 378 
3
110 111 378 
3
108 111 442 
3
109 111 442 
3
110 111 442 
2
112 115 
2
113 115 
2
114 115 
3
112 115 354 
3
113 115 354 
3
114 115 354 
3
112 115 370 
3
113 115 370 
3
114 115 370 
3
112 115 406 
3
113 115 406 
3
114 115 406 
2
116 119 
2
117 119 
2
118 119 
3
116 119 306 
3
117 119 306 
3
118 119 306 
3
116 119 342 
3
117 119 342 
3
118 119 342 
2
120 123 
2
121 123 
2
122 123 
3
120 123 242 
3
121 123 242 
3
122 123 242 
3
120 123 278 
3
121 123 278 
3
122 123 278 
3
120 123 366 
3
121 123 366 
3
122 123 366 
2
124 127 
2
125 127 
2
126 127 
3
124 127 458 
3
125 127 458 
3
126 127 458 
3
124 127 474 
3
125 127 474 
3
126 127 474 
2
128 131 
2
129 131 
2
130 131 
3
128 131 386 
3
129 131 386 
3
130 131 386 
3
128 131 426 
3
129 131 426 
3
130 131 426 
2
132 135 
2
133 135 
2
134 135 
3
132 135 394 
3
133 135 394 
3
134 135 394 
3
132 135 402 
3
133 135 402 
3
134 135 402 
2
136 139 
2
137 139 
2
138 139 
3
136 139 362 
3
137 139 362 
3
138 139 362 
3
136 139 434 
3
137 139 434 
3
138 139 434 
2
140 143 
2
141 143 
2
142 143 
3
140 143 362 
3
141 143 362 
3
142 143 362 
3
140 143 390 
3
141 143 390 
3
142 143 390 
3
140 143 434 
3
141 143 434 
3
142 143 434 
2
144 147 
2
145 147 
2
146 147 
3
144 147 262 
3
145 147 262 
3
146 147 262 
3
144 147 442 
3
145 147 442 
3
146 147 442 
2
148 151 
2
149 151 
2
150 151 
3
148 151 326 
3
149 151 326 
3
150 151 326 
3
148 151 374 
3
149 151 374 
3
150 151 374 
2
152 155 
2
153 155 
2
154 155 
3
152 155 266 
3
153 155 266 
3
154 155 266 
3
152 155 462 
3
153 155 462 
3
154 155 462 
2
156 159 
2
157 159 
2
158 159 
3
156 159 334 
3
157 159 334 
3
158 159 334 
3
156 159 462 
3
157 159 462 
3
158 159 462 
2
160 163 
2
161 163 
2
162 163 
3
160 163 322 
3
161 163 322 
3
162 163 322 
3
160 163 418 
3
161 163 418 
3
162 163 418 
3
160 163 442 
3
161 163 442 
3
162 163 442 
2
164 167 
2
165 167 
2
166 167 
3
164 167 278 
3
165 167 278 
3
166 167 278 
3
164 167 326 
3
165 167 326 
3
166 167 326 
2
168 171 
2
169 171 
2
170 171 
3
168 171 242 
3
169 171 242 
3
170 171 242 
3
168 171 350 
3
169 171 350 
3
170 171 350 
2
172 175 
2
173 175 
2
174 175 
3
172 175 346 
3
173 175 346 
3
174 175 346 
3
172 175 438 
3
173 175 438 
3
174 175 438 
2
176 179 
2
177 179 
2
178 179 
3
176 179 270 
3
177 179 270 
3
178 179 270 
3
176 179 474 
3
177 179 474 
3
178 179 474 
2
180 183 
2
181 183 
2
182 183 
3
180 183 302 
3
181 183 302 
3
182 183 302 
3
180 183 310 
3
181 183 310 
3
182 183 310 
3
180 183 350 
3
181 183 350 
3
182 183 350 
2
184 187 
2
185 187 
2
186 187 
3
184 187 270 
3
185 187 270 
3
186 187 270 
3
184 187 394 
3
185 187 394 
3
186 187 394 
3
184 187 454 
3
185 187 454 
3
186 187 454 
2
188 191 
2
189 191 
2
190 191 
3
188 191 282 
3
189 191 282 
3
190 191 282 
3
188 191 430 
3
189 191 430 
3
190 191 430 
2
192 195 
2
193 195 
2
194 195 
3
192 195 438 
3
193 195 438 
3
194 195 438 
3
192 195 466 
3
193 195 466 
3
194 195 466 
2
196 199 
2
197 199 
2
198 199 
3
196 199 298 
3
197 199 298 
3
198 199 298 
3
196 199 414 
3
197 199 414 
3
198 199 414 
2
200 203 
2
201 203 
2
202 203 
3
200 203 302 
3
201 203 302 
3
202 203 302 
3
200 203 402 
3
201 203 402 
3
202 203 402 
2
204 207 
2
205 207 
2
206 207 
3
204 207 422 
3
205 207 422 
3
206 207 422 
3
204 207 430 
3
205 207 430 
3
206 207 430 
3
204 207 446 
3
205 207 446 
3
206 207 446 
2
208 211 
2
209 211 
2
210 211 
3
208 211 262 
3
209 211 262 
3
210 211 262 
3
208 211 378 
3
209 211 378 
3
210 211 378 
3
208 211 386 
3
209 211 386 
3
210 211 386 
2
212 215 
2
213 215 
2
214 215 
3
212 215 330 
3
213 215 330 
3
214 215 330 
3
212 215 410 
3
213 215 410 
3
214 215 410 
2
216 219 
2
217 219 
2
218 219 
3
216 219 298 
3
217 219 298 
3
218 219 298 
3
216 219 338 
3
217 219 338 
3
218 219 338 
3
216 219 478 
3
217 219 478 
3
218 219 478 
2
220 223 
2
221 223 
2
222 223 
3
220 223 342 
3
221 223 342 
3
222 223 342 
3
220 223 346 
3
221 223 346 
3
222 223 346 
3
220 223 402 
3
221 223 402 
3
222 223 402 
2
224 227 
2
225 227 
2
226 227 
3
224 227 246 
3
225 227 246 
3
226 227 246 
3
224 227 362 
3
225 227 362 
3
226 227 362 
2
228 231 
2
229 231 
2
230 231 
3
228 231 242 
3
229 231 242 
3
230 231 242 
3
228 231 294 
3
229 231 294 
3
230 231 294 
2
232 235 
2
233 235 
2
234 235 
3
232 235 250 
3
233 235 250 
3
234 235 250 
3
232 235 426 
3
233 235 426 
3
234 235 426 
3
232 235 462 
3
233 235 462 
3
234 235 462 
2
236 239 
2
237 239 
2
238 239 
3
236 239 382 
3
237 239 382 
3
238 239 382 
3
236 239 446 
3
237 239 446 
3
238 239 446 
2
240 243 
2
241 243 
2
242 243 
3
240 243 520 
3
241 243 520 
3
242 243 520 
3
240 243 536 
3
241 243 536 
3
242 243 536 
3
240 243 542 
3
241 243 542 
3
242 243 542 
2
244 247 
2
245 247 
2
246 247 
3
244 247 512 
3
245 247 512 
3
246 247 512 
3
244 247 572 
3
245 247 572 
3
246 247 572 
2
248 251 
2
249 251 
2
250 251 
3
248 251 538 
3
249 251 538 
3
250 251 538 
3
248 251 562 
3
249 251 562 
3
250 251 562 
2
252 255 
2
253 255 
2
254 255 
3
252 255 572 
3
253 255 572 
3
254 255 572 
3
252 255 588 
3
253 255 588 
3
254 255 588 
2
256 259 
2
257 259 
2
258 259 
3
256 259 490 
3
257 259 490 
3
258 259 490 
3
256 259 578 
3
257 259 578 
3
258 259 578 
2
260 263 
2
261 263 
2
262 263 
3
260 263 574 
3
261 263 574 
3
262 263 574 
3
260 263 576 
3
261 263 576 
3
262 263 576 
2
264 267 
2
265 267 
2
266 267 
3
264 267 484 
3
265 267 484 
3
266 267 484 
3
264 267 532 
3
265 267 532 
3
266 267 532 
2
268 271 
2
269 271 
2
270 271 
3
268 271 488 
3
269 271 488 
3
270 271 488 
3
268 271 510 
3
269 271 510 
3
270 271 510 
2
272 275 
2
273 275 
2
274 275 
3
272 275 522 
3
273 275 522 
3
274 275 522 
3
272 275 552 
3
273 275 552 
3
274 275 552 
2
276 279 
2
277 279 
2
278 279 
3
276 279 500 
3
277 279 500 
3
278 279 500 
3
276 279 502 
3
277 279 502 
3
278 279 502 
2
280 283 
2
281 283 
2
282 283 
3
280 283 522 
3
281 283 522 
3
282 283 522 
3
280 283 572 
3
281 283 572 
3
282 283 572 
3
280 283 590 
3
281 283 590 
3
282 283 590 
2
284 287 
2
285 287 
2
286 287 
3
284 287 508 
3
285 287 508 
3
286 287 508 
3
284 287 528 
3
285 287 528 
3
286 287 528 
2
288 291 
2
289 291 
2
290 291 
3
288 291 538 
3
289 291 538 
3
290 291 538 
3
288 291 584 
3
289 291 584 
3
290 291 584 
2
292 295 
2
293 295 
2
294 295 
3
292 295 520 
3
293 295 520 
3
294 295 520 
3
292 295 542 
3
293 295 542 
3
294 295 542 
2
296 299 
2
297 299 
2
298 299 
3
296 299 576 
3
297 299 576 
3
298 299 576 
3
296 299 580 
3
297 299 580 
3
298 299 580 
2
300 303 
2
301 303 
2
302 303 
3
300 303 520 
3
301 303 520 
3
302 303 520 
3
300 303 586 
3
301 303 586 
3
302 303 586 
2
304 307 
2
305 307 
2
306 307 
3
304 307 554 
3
305 307 554 
3
306 307 554 
3
304 307 566 
3
305 307 566 
3
306 307 566 
3
304 307 594 
3
305 307 594 
3
306 307 594 
2
308 311 
2
309 311 
2
310 311 
3
308 311 496 
3
309 311 496 
3
310 311 496 
3
308 311 534 
3
309 311 534 
3
310 311 534 
3
308 311 576 
3
309 311 576 
3
310 311 576 
2
312 315 
2
313 315 
2
314 315 
3
312 315 498 
3
313 315 498 
3
314 315 498 
3
312 315 548 
3
313 315 548 
3
314 315 548 
2
316 319 
2
317 319 
2
318 319 
3
316 319 518 
3
317 319 518 
3
318 319 518 
3
316 319 582 
3
317 319 582 
3
318 319 582 
3
316 319 584 
3
317 319 584 
3
318 319 584 
2
320 323 
2
321 323 
2
322 323 
3
320 323 500 
3
321 323 500 
3
322 323 500 
3
320 323 506 
3
321 323 506 
3
322 323 506 
2
324 327 
2
325 327 
2
326 327 
3
324 327 502 
3
325 327 502 
3
326 327 502 
3
324 327 544 
3
325 327 544 
3
326 327 544 
3
324 327 570 
3
325 327 570 
3
326 327 570 
2
328 331 
2
329 331 
2
330 331 
3
328 331 508 
3
329 331 508 
3
330 331 508 
3
328 331 598 
3
329 331 598 
3
330 331 598 
2
332 335 
2
333 335 
2
334 335 
3
332 335 560 
3
333 335 560 
3
334 335 560 
3
332 335 592 
3
333 335 592 
3
334 335 592 
2
336 339 
2
337 339 
2
338 339 
3
336 339 496 
3
337 339 496 
3
338 339 496 
3
336 339 582 
3
337 339 582 
3
338 339 582 
2
340 343 
2
341 343 
2
342 343 
3
340 343 494 
3
341 343 494 
3
342 343 494 
3
340 343 566 
3
341 343 566 
3
342 343 566 
2
344 347 
2
345 347 
2
346 347 
3
344 347 494 
3
345 347 494 
3
346 347 494 
3
344 347 526 
3
345 347 526 
3
346 347 526 
2
348 351 
2
349 351 
2
350 351 
3
348 351 536 
3
349 351 536 
3
350 351 536 
3
348 351 554 
3
349 351 554 
3
350 351 554 
2
352 355 
2
353 355 
2
354 355 
3
352 355 486 
3
353 355 486 
3
354 355 486 
3
352 355 488 
3
353 355 488 
3
354 355 488 
2
356 359 
2
357 359 
2
358 359 
3
356 359 498 
3
357 359 498 
3
358 359 498 
3
356 359 534 
3
357 359 534 
3
358 359 534 
2
360 363 
2
361 363 
2
362 363 
3
360 363 488 
3
361 363 488 
3
362 363 488 
3
360 363 512 
3
361 363 512 
3
362 363 512 
3
360 363 568 
3
361 363 568 
3
362 363 568 
2
364 367 
2
365 367 
2
366 367 
3
364 367 482 
3
365 367 482 
3
366 367 482 
3
364 367 550 
3
365 367 550 
3
366 367 550 
2
368 371 
2
369 371 
2
370 371 
3
368 371 484 
3
369 371 484 
3
370 371 484 
3
368 371 490 
3
369 371 490 
3
370 371 490 
3
368 371 516 
3
369 371 516 
3
370 371 516 
2
372 375 
2
373 375 
2
374 375 
3
372 375 570 
3
373 375 570 
3
374 375 570 
3
372 375 582 
3
373 375 582 
3
374 375 582 
2
376 379 
2
377 379 
2
378 379 
3
376 379 554 
3
377 379 554 
3
378 379 554 
3
376 379 564 
3
377 379 564 
3
378 379 564 
2
380 383 
2
381 383 
2
382 383 
3
380 383 524 
3
381 383 524 
3
382 383 524 
3
380 383 596 
3
381 383 596 
3
382 383 596 
2
384 387 
2
385 387 
2
386 387 
3
384 387 558 
3
385 387 558 
3
386 387 558 
3
384 387 562 
3
385 387 562 
3
386 387 562 
3
384 387 578 
3
385 387 578 
3
386 387 578 
2
388 391 
2
389 391 
2
390 391 
3
388 391 516 
3
389 391 516 
3
390 391 516 
3
388 391 560 
3
389 391 560 
3
390 391 560 
2
392 395 
2
393 395 
2
394 395 
3
392 395 480 
3
393 395 480 
3
394 395 480 
3
392 395 596 
3
393 395 596 
3
394 395 596 
2
396 399 
2
397 399 
2
398 399 
3
396 399 508 
3
397 399 508 
3
398 399 508 
3
396 399 530 
3
397 399 530 
3
398 399 530 
3
396 399 540 
3
397 399 540 
3
398 399 540 
2
400 403 
2
401 403 
2
402 403 
3
400 403 480 
3
401 403 480 
3
402 403 480 
3
400 403 492 
3
401 403 492 
3
402 403 492 
3
400 403 586 
3
401 403 586 
3
402 403 586 
2
404 407 
2
405 407 
2
406 407 
3
404 407 514 
3
405 407 514 
3
406 407 514 
3
404 407 544 
3
405 407 544 
3
406 407 544 
2
408 411 
2
409 411 
2
410 411 
3
408 411 500 
3
409 411 500 
3
410 411 500 
3
408 411 506 
3
409 411 506 
3
410 411 506 
3
408 411 598 
3
409 411 598 
3
410 411 598 
2
412 415 
2
413 415 
2
414 415 
3
412 415 528 
3
413 415 528 
3
414 415 528 
3
412 415 552 
3
413 415 552 
3
414 415 552 
3
412 415 580 
3
413 415 580 
3
414 415 580 
2
416 419 
2
417 419 
2
418 419 
3
416 419 484 
3
417 419 484 
3
418 419 484 
3
416 419 594 
3
417 419 594 
3
418 419 594 
2
420 423 
2
421 423 
2
422 423 
3
420 423 530 
3
421 423 530 
3
422 423 530 
3
420 423 544 
3
421 423 544 
3
422 423 544 
2
424 427 
2
425 427 
2
426 427 
3
424 427 492 
3
425 427 492 
3
426 427 492 
3
424 427 558 
3
425 427 558 
3
426 427 558 
2
428 431 
2
429 431 
2
430 431 
3
428 431 492 
3
429 431 492 
3
430 431 492 
3
428 431 590 
3
429 431 590 
3
430 431 590 
2
432 435 
2
433 435 
2
434 435 
3
432 435 482 
3
433 435 482 
3
434 435 482 
3
432 435 568 
3
433 435 568 
3
434 435 568 
2
436 439 
2
437 439 
2
438 439 
3
436 439 526 
3
437 439 526 
3
438 439 526 
3
436 439 546 
3
437 439 546 
3
438 439 546 
3
436 439 596 
3
437 439 596 
3
438 439 596 
2
440 443 
2
441 443 
2
442 443 
3
440 443 560 
3
441 443 560 
3
442 443 560 
3
440 443 564 
3
441 443 564 
3
442 443 564 
3
440 443 574 
3
441 443 574 
3
442 443 574 
2
444 447 
2
445 447 
2
446 447 
3
444 447 524 
3
445 447 524 
3
446 447 524 
3
444 447 538 
3
445 447 538 
3
446 447 538 
3
444 447 588 
3
445 447 588 
3
446 447 588 
2
448 451 
2
449 451 
2
450 451 
3
448 451 540 
3
449 451 540 
3
450 451 540 
3
448 451 578 
3
449 451 578 
3
450 451 578 
2
452 455 
2
453 455 
2
454 455 
3
452 455 482 
3
453 455 482 
3
454 455 482 
3
452 455 486 
3
453 455 486 
3
454 455 486 
3
452 455 550 
3
453 455 550 
3
454 455 550 
2
456 459 
2
457 459 
2
458 459 
3
456 459 504 
3
457 459 504 
3
458 459 504 
3
456 459 556 
3
457 459 556 
3
458 459 556 
2
460 463 
2
461 463 
2
462 463 
3
460 463 532 
3
461 463 532 
3
462 463 532 
3
460 463 556 
3
461 463 556 
3
462 463 556 
3
460 463 592 
3
461 463 592 
3
462 463 592 
2
464 467 
2
465 467 
2
466 467 
3
464 467 546 
3
465 467 546 
3
466 467 546 
3
464 467 556 
3
465 467 556 
3
466 467 556 
2
468 471 
2
469 471 
2
470 471 
3
468 471 518 
3
469 471 518 
3
470 471 518 
3
468 471 552 
3
469 471 552 
3
470 471 552 
2
472 475 
2
473 475 
2
474 475 
3
472 475 494 
3
473 475 494 
3
474 475 494 
3
472 475 504 
3
473 475 504 
3
474 475 504 
3
472 475 510 
3
473 475 510 
3
474 475 510 
2
476 479 
2
477 479 
2
478 479 
3
476 479 498 
3
477 479 498 
3
478 479 498 
3
476 479 514 
3
477 479 514 
3
478 479 514 
3
476 479 548 
3
477 479 548 
3
478 479 548 
2
480 481 
2
482 483 
2
484 485 
2
486 487 
2
488 489 
2
490 491 
2
492 493 
2
494 495 
2
496 497 
2
498 499 
2
500 501 
2
502 503 
2
504 505 
2
506 507 
2
508 509 
2
510 511 
2
512 513 
2
514 515 
2
516 517 
2
518 519 
2
520 521 
2
522 523 
2
524 525 
2
526 527 
2
528 529 
2
530 531 
2
532 533 
2
534 535 
2
536 537 
2
538 539 
2
540 541 
2
542 543 
2
544 545 
2
546 547 
2
548 549 
2
550 551 
2
552 553 
2
554 555 
2
556 557 
2
558 559 
2
560 561 
2
562 563 
2
564 565 
2
566 567 
2
568 569 
2
570 571 
2
572 573 
2
574 575 
2
576 577 
2
578 579 
2
580 581 
2
582 583 
2
584 585 
2
586 587 
2
588 589 
2
590 591 
2
592 593 
2
594 595 
2
596 597 
2
598 599 
