300 350 720
0 3
1 3
2 3
3 154
3 214
4 7
5 7
6 7
7 142
7 226
8 11
9 11
10 11
11 134
11 198
12 15
13 15
14 15
15 158
15 206
16 19
17 19
18 19
19 154
19 158
19 186
20 23
21 23
22 23
23 186
23 234
24 27
25 27
26 27
27 178
27 202
27 218
28 31
29 31
30 31
31 182
31 210
32 35
33 35
34 35
35 142
35 194
36 39
37 39
38 39
39 142
39 162
39 198
40 43
41 43
42 43
43 134
43 170
44 47
45 47
46 47
47 146
47 202
48 51
49 51
50 51
51 134
51 150
51 194
52 55
53 55
54 55
55 138
55 214
56 59
57 59
58 59
59 122
59 218
60 63
61 63
62 63
63 146
63 166
63 174
64 67
65 67
66 67
67 126
67 214
67 226
68 71
69 71
70 71
71 178
71 186
72 75
73 75
74 75
75 182
75 230
75 238
76 79
77 79
78 79
79 222
79 238
80 83
81 83
82 83
83 126
83 218
84 87
85 87
86 87
87 138
87 190
87 210
88 91
89 91
90 91
91 146
91 190
92 95
93 95
94 95
95 122
95 206
95 222
96 99
97 99
98 99
99 162
99 206
100 103
101 103
102 103
103 210
103 230
104 107
105 107
106 107
107 130
107 150
108 111
109 111
110 111
111 130
111 170
111 234
112 115
113 115
114 115
115 174
115 238
116 119
117 119
118 119
119 130
119 166
120 123
121 123
122 123
123 248
123 282
124 127
125 127
126 127
127 262
127 294
128 131
129 131
130 131
131 250
131 264
131 274
132 135
133 135
134 135
135 240
135 270
135 290
136 139
137 139
138 139
139 244
139 282
140 143
141 143
142 143
143 254
143 276
143 288
144 147
145 147
146 147
147 258
147 266
147 292
148 151
149 151
150 151
151 254
151 264
152 155
153 155
154 155
155 240
155 296
156 159
157 159
158 159
159 274
159 278
160 163
161 163
162 163
163 272
163 284
164 167
165 167
166 167
167 250
167 298
168 171
169 171
170 171
171 280
171 290
172 175
173 175
174 175
175 258
175 286
176 179
177 179
178 179
179 268
179 280
180 183
181 183
182 183
183 246
183 258
184 187
185 187
186 187
187 252
187 268
187 294
188 191
189 191
190 191
191 274
191 292
192 195
193 195
194 195
195 272
195 276
196 199
197 199
198 199
199 242
199 270
200 203
201 203
202 203
203 266
203 294
204 207
205 207
206 207
207 272
207 278
207 284
208 211
209 211
210 211
211 246
211 260
211 280
212 215
213 215
214 215
215 244
215 282
215 296
216 219
217 219
218 219
219 242
219 248
219 262
220 223
221 223
222 223
223 242
223 256
224 227
225 227
226 227
227 240
227 288
228 231
229 231
230 231
231 260
231 298
232 235
233 235
234 235
235 252
235 254
236 239
237 239
238 239
239 256
239 286
239 298
240 241
242 243
244 245
246 247
248 249
250 251
252 253
254 255
256 257
258 259
260 261
262 263
264 265
266 267
268 269
270 271
272 273
274 275
276 277
278 279
280 281
282 283
284 285
286 287
288 289
290 291
292 293
294 295
296 297
298 299
6
58 59 122 123 248 249 
6
10 11 198 199 270 271 
6
102 103 230 231 260 261 
6
66 67 126 127 262 263 
6
46 47 202 203 266 267 
6
14 15 158 159 278 279 
6
10 11 134 135 270 271 
6
118 119 166 167 298 299 
6
22 23 234 235 254 255 
6
50 51 150 151 264 265 
6
22 23 234 235 252 253 
6
118 119 130 131 250 251 
6
94 95 122 123 248 249 
6
110 111 170 171 290 291 
6
82 83 126 127 294 295 
6
2 3 214 215 296 297 
6
94 95 206 207 272 273 
6
110 111 234 235 252 253 
6
66 67 226 227 288 289 
6
66 67 214 215 282 283 
6
26 27 218 219 242 243 
6
62 63 174 175 286 287 
6
34 35 142 143 276 277 
6
114 115 238 239 286 287 
6
6 7 142 143 288 289 
6
30 31 182 183 246 247 
6
42 43 170 171 290 291 
6
78 79 222 223 242 243 
6
50 51 134 135 240 241 
6
114 115 174 175 286 287 
6
10 11 198 199 242 243 
6
6 7 226 227 240 241 
6
30 31 210 211 246 247 
6
74 75 230 231 260 261 
6
82 83 218 219 262 263 
6
86 87 138 139 244 245 
6
82 83 126 127 262 263 
6
2 3 154 155 296 297 
6
106 107 150 151 254 255 
6
78 79 222 223 256 257 
6
90 91 146 147 292 293 
6
22 23 186 187 252 253 
6
110 111 130 131 274 275 
6
54 55 138 139 244 245 
6
106 107 150 151 264 265 
6
102 103 210 211 260 261 
6
106 107 130 131 264 265 
6
90 91 190 191 292 293 
6
18 19 186 187 294 295 
6
42 43 134 135 290 291 
6
34 35 194 195 272 273 
6
94 95 222 223 256 257 
6
118 119 166 167 250 251 
6
6 7 226 227 288 289 
6
114 115 174 175 258 259 
6
34 35 194 195 276 277 
6
54 55 214 215 244 245 
6
74 75 182 183 246 247 
6
26 27 178 179 268 269 
6
50 51 194 195 276 277 
6
102 103 230 231 298 299 
6
86 87 190 191 292 293 
6
62 63 166 167 250 251 
6
46 47 146 147 266 267 
6
58 59 122 123 282 283 
6
2 3 154 155 240 241 
6
58 59 218 219 248 249 
6
98 99 162 163 284 285 
6
26 27 202 203 266 267 
6
86 87 210 211 280 281 
6
46 47 202 203 294 295 
6
70 71 178 179 280 281 
6
18 19 154 155 296 297 
6
30 31 182 183 258 259 
6
90 91 190 191 274 275 
6
70 71 178 179 268 269 
6
74 75 238 239 298 299 
6
62 63 146 147 258 259 
6
42 43 170 171 280 281 
6
38 39 162 163 284 285 
6
18 19 158 159 278 279 
6
98 99 206 207 284 285 
6
14 15 158 159 274 275 
6
14 15 206 207 278 279 
6
78 79 238 239 256 257 
6
38 39 142 143 254 255 
6
54 55 138 139 282 283 
6
38 39 198 199 270 271 
6
98 99 162 163 272 273 
6
70 71 186 187 268 269 
2
0 3 
2
1 3 
2
2 3 
3
0 3 154 
3
1 3 154 
3
2 3 154 
3
0 3 214 
3
1 3 214 
3
2 3 214 
2
4 7 
2
5 7 
2
6 7 
3
4 7 142 
3
5 7 142 
3
6 7 142 
3
4 7 226 
3
5 7 226 
3
6 7 226 
2
8 11 
2
9 11 
2
10 11 
3
8 11 134 
3
9 11 134 
3
10 11 134 
3
8 11 198 
3
9 11 198 
3
10 11 198 
2
12 15 
2
13 15 
2
14 15 
3
12 15 158 
3
13 15 158 
3
14 15 158 
3
12 15 206 
3
13 15 206 
3
14 15 206 
2
16 19 
2
17 19 
2
18 19 
3
16 19 154 
3
17 19 154 
3
18 19 154 
3
16 19 158 
3
17 19 158 
3
18 19 158 
3
16 19 186 
3
17 19 186 
3
18 19 186 
2
20 23 
2
21 23 
2
22 23 
3
20 23 186 
3
21 23 186 
3
22 23 186 
3
20 23 234 
3
21 23 234 
3
22 23 234 
2
24 27 
2
25 27 
2
26 27 
3
24 27 178 
3
25 27 178 
3
26 27 178 
3
24 27 202 
3
25 27 202 
3
26 27 202 
3
24 27 218 
3
25 27 218 
3
26 27 218 
2
28 31 
2
29 31 
2
30 31 
3
28 31 182 
3
29 31 182 
3
30 31 182 
3
28 31 210 
3
29 31 210 
3
30 31 210 
2
32 35 
2
33 35 
2
34 35 
3
32 35 142 
3
33 35 142 
3
34 35 142 
3
32 35 194 
3
33 35 194 
3
34 35 194 
2
36 39 
2
37 39 
2
38 39 
3
36 39 142 
3
37 39 142 
3
38 39 142 
3
36 39 162 
3
37 39 162 
3
38 39 162 
3
36 39 198 
3
37 39 198 
3
38 39 198 
2
40 43 
2
41 43 
2
42 43 
3
40 43 134 
3
41 43 134 
3
42 43 134 
3
40 43 170 
3
41 43 170 
3
42 43 170 
2
44 47 
2
45 47 
2
46 47 
3
44 47 146 
3
45 47 146 
3
46 47 146 
3
44 47 202 
3
45 47 202 
3
46 47 202 
2
48 51 
2
49 51 
2
50 51 
3
48 51 134 
3
49 51 134 
3
50 51 134 
3
48 51 150 
3
49 51 150 
3
50 51 150 
3
48 51 194 
3
49 51 194 
3
50 51 194 
2
52 55 
2
53 55 
2
54 55 
3
52 55 138 
3
53 55 138 
3
54 55 138 
3
52 55 214 
3
53 55 214 
3
54 55 214 
2
56 59 
2
57 59 
2
58 59 
3
56 59 122 
3
57 59 122 
3
58 59 122 
3
56 59 218 
3
57 59 218 
3
58 59 218 
2
60 63 
2
61 63 
2
62 63 
3
60 63 146 
3
61 63 146 
3
62 63 146 
3
60 63 166 
3
61 63 166 
3
62 63 166 
3
60 63 174 
3
61 63 174 
3
62 63 174 
2
64 67 
2
65 67 
2
66 67 
3
64 67 126 
3
65 67 126 
3
66 67 126 
3
64 67 214 
3
65 67 214 
3
66 67 214 
3
64 67 226 
3
65 67 226 
3
66 67 226 
2
68 71 
2
69 71 
2
70 71 
3
68 71 178 
3
69 71 178 
3
70 71 178 
3
68 71 186 
3
69 71 186 
3
70 71 186 
2
72 75 
2
73 75 
2
74 75 
3
72 75 182 
3
73 75 182 
3
74 75 182 
3
72 75 230 
3
73 75 230 
3
74 75 230 
3
72 75 238 
3
73 75 238 
3
74 75 238 
2
76 79 
2
77 79 
2
78 79 
3
76 79 222 
3
77 79 222 
3
78 79 222 
3
76 79 238 
3
77 79 238 
3
78 79 238 
2
80 83 
2
81 83 
2
82 83 
3
80 83 126 
3
81 83 126 
3
82 83 126 
3
80 83 218 
3
81 83 218 
3
82 83 218 
2
84 87 
2
85 87 
2
86 87 
3
84 87 138 
3
85 87 138 
3
86 87 138 
3
84 87 190 
3
85 87 190 
3
86 87 190 
3
84 87 210 
3
85 87 210 
3
86 87 210 
2
88 91 
2
89 91 
2
90 91 
3
88 91 146 
3
89 91 146 
3
90 91 146 
3
88 91 190 
3
89 91 190 
3
90 91 190 
2
92 95 
2
93 95 
2
94 95 
3
92 95 122 
3
93 95 122 
3
94 95 122 
3
92 95 206 
3
93 95 206 
3
94 95 206 
3
92 95 222 
3
93 95 222 
3
94 95 222 
2
96 99 
2
97 99 
2
98 99 
3
96 99 162 
3
97 99 162 
3
98 99 162 
3
96 99 206 
3
97 99 206 
3
98 99 206 
2
100 103 
2
101 103 
2
102 103 
3
100 103 210 
3
101 103 210 
3
102 103 210 
3
100 103 230 
3
101 103 230 
3
102 103 230 
2
104 107 
2
105 107 
2
106 107 
3
104 107 130 
3
105 107 130 
3
106 107 130 
3
104 107 150 
3
105 107 150 
3
106 107 150 
2
108 111 
2
109 111 
2
110 111 
3
108 111 130 
3
109 111 130 
3
110 111 130 
3
108 111 170 
3
109 111 170 
3
110 111 170 
3
108 111 234 
3
109 111 234 
3
110 111 234 
2
112 115 
2
113 115 
2
114 115 
3
112 115 174 
3
113 115 174 
3
114 115 174 
3
112 115 238 
3
113 115 238 
3
114 115 238 
2
116 119 
2
117 119 
2
118 119 
3
116 119 130 
3
117 119 130 
3
118 119 130 
3
116 119 166 
3
117 119 166 
3
118 119 166 
2
120 123 
2
121 123 
2
122 123 
3
120 123 248 
3
121 123 248 
3
122 123 248 
3
120 123 282 
3
121 123 282 
3
122 123 282 
2
124 127 
2
125 127 
2
126 127 
3
124 127 262 
3
125 127 262 
3
126 127 262 
3
124 127 294 
3
125 127 294 
3
126 127 294 
2
128 131 
2
129 131 
2
130 131 
3
128 131 250 
3
129 131 250 
3
130 131 250 
3
128 131 264 
3
129 131 264 
3
130 131 264 
3
128 131 274 
3
129 131 274 
3
130 131 274 
2
132 135 
2
133 135 
2
134 135 
3
132 135 240 
3
133 135 240 
3
134 135 240 
3
132 135 270 
3
133 135 270 
3
134 135 270 
3
132 135 290 
3
133 135 290 
3
134 135 290 
2
136 139 
2
137 139 
2
138 139 
3
136 139 244 
3
137 139 244 
3
138 139 244 
3
136 139 282 
3
137 139 282 
3
138 139 282 
2
140 143 
2
141 143 
2
142 143 
3
140 143 254 
3
141 143 254 
3
142 143 254 
3
140 143 276 
3
141 143 276 
3
142 143 276 
3
140 143 288 
3
141 143 288 
3
142 143 288 
2
144 147 
2
145 147 
2
146 147 
3
144 147 258 
3
145 147 258 
3
146 147 258 
3
144 147 266 
3
145 147 266 
3
146 147 266 
3
144 147 292 
3
145 147 292 
3
146 147 292 
2
148 151 
2
149 151 
2
150 151 
3
148 151 254 
3
149 151 254 
3
150 151 254 
3
148 151 264 
3
149 151 264 
3
150 151 264 
2
152 155 
2
153 155 
2
154 155 
3
152 155 240 
3
153 155 240 
3
154 155 240 
3
152 155 296 
3
153 155 296 
3
154 155 296 
2
156 159 
2
157 159 
2
158 159 
3
156 159 274 
3
157 159 274 
3
158 159 274 
3
156 159 278 
3
157 159 278 
3
158 159 278 
2
160 163 
2
161 163 
2
162 163 
3
160 163 272 
3
161 163 272 
3
162 163 272 
3
160 163 284 
3
161 163 284 
3
162 163 284 
2
164 167 
2
165 167 
2
166 167 
3
164 167 250 
3
165 167 250 
3
166 167 250 
3
164 167 298 
3
165 167 298 
3
166 167 298 
2
168 171 
2
169 171 
2
170 171 
3
168 171 280 
3
169 171 280 
3
170 171 280 
3
168 171 290 
3
169 171 290 
3
170 171 290 
2
172 175 
2
173 175 
2
174 175 
3
172 175 258 
3
173 175 258 
3
174 175 258 
3
172 175 286 
3
173 175 286 
3
174 175 286 
2
176 179 
2
177 179 
2
178 179 
3
176 179 268 
3
177 179 268 
3
178 179 268 
3
176 179 280 
3
177 179 280 
3
178 179 280 
2
180 183 
2
181 183 
2
182 183 
3
180 183 246 
3
181 183 246 
3
182 183 246 
3
180 183 258 
3
181 183 258 
3
182 183 258 
2
184 187 
2
185 187 
2
186 187 
3
184 187 252 
3
185 187 252 
3
186 187 252 
3
184 187 268 
3
185 187 268 
3
186 187 268 
3
184 187 294 
3
185 187 294 
3
186 187 294 
2
188 191 
2
189 191 
2
190 191 
3
188 191 274 
3
189 191 274 
3
190 191 274 
3
188 191 292 
3
189 191 292 
3
190 191 292 
2
192 195 
2
193 195 
2
194 195 
3
192 195 272 
3
193 195 272 
3
194 195 272 
3
192 195 276 
3
193 195 276 
3
194 195 276 
2
196 199 
2
197 199 
2
198 199 
3
196 199 242 
3
197 199 242 
3
198 199 242 
3
196 199 270 
3
197 199 270 
3
198 199 270 
2
200 203 
2
201 203 
2
202 203 
3
200 203 266 
3
201 203 266 
3
202 203 266 
3
200 203 294 
3
201 203 294 
3
202 203 294 
2
204 207 
2
205 207 
2
206 207 
3
204 207 272 
3
205 207 272 
3
206 207 272 
3
204 207 278 
3
205 207 278 
3
206 207 278 
3
204 207 284 
3
205 207 284 
3
206 207 284 
2
208 211 
2
209 211 
2
210 211 
3
208 211 246 
3
209 211 246 
3
210 211 246 
3
208 211 260 
3
209 211 260 
3
210 211 260 
3
208 211 280 
3
209 211 280 
3
210 211 280 
2
212 215 
2
213 215 
2
214 215 
3
212 215 244 
3
213 215 244 
3
214 215 244 
3
212 215 282 
3
213 215 282 
3
214 215 282 
3
212 215 296 
3
213 215 296 
3
214 215 296 
2
216 219 
2
217 219 
2
218 219 
3
216 219 242 
3
217 219 242 
3
218 219 242 
3
216 219 248 
3
217 219 248 
3
218 219 248 
3
216 219 262 
3
217 219 262 
3
218 219 262 
2
220 223 
2
221 223 
2
222 223 
3
220 223 242 
3
221 223 242 
3
222 223 242 
3
220 223 256 
3
221 223 256 
3
222 223 256 
2
224 227 
2
225 227 
2
226 227 
3
224 227 240 
3
225 227 240 
3
226 227 240 
3
224 227 288 
3
225 227 288 
3
226 227 288 
2
228 231 
2
229 231 
2
230 231 
3
228 231 260 
3
229 231 260 
3
230 231 260 
3
228 231 298 
3
229 231 298 
3
230 231 298 
2
232 235 
2
233 235 
2
234 235 
3
232 235 252 
3
233 235 252 
3
234 235 252 
3
232 235 254 
3
233 235 254 
3
234 235 254 
2
236 239 
2
237 239 
2
238 239 
3
236 239 256 
3
237 239 256 
3
238 239 256 
3
236 239 286 
3
237 239 286 
3
238 239 286 
3
236 239 298 
3
237 239 298 
3
238 239 298 
2
240 241 
2
242 243 
2
244 245 
2
246 247 
2
248 249 
2
250 251 
2
252 253 
2
254 255 
2
256 257 
2
258 259 
2
260 261 
2
262 263 
2
264 265 
2
266 267 
2
268 269 
2
270 271 
2
272 273 
2
274 275 
2
276 277 
2
278 279 
2
280 281 
2
282 283 
2
284 285 
2
286 287 
2
288 289 
2
290 291 
2
292 293 
2
294 295 
2
296 297 
2
298 299 
