1500 1750 3600
0 3
1 3
2 3
3 650
3 654
4 7
5 7
6 7
7 610
7 958
8 11
9 11
10 11
11 930
11 1150
12 15
13 15
14 15
15 938
15 1034
16 19
17 19
18 19
19 630
19 1046
20 23
21 23
22 23
23 610
23 642
23 866
24 27
25 27
26 27
27 710
27 838
28 31
29 31
30 31
31 1026
31 1174
32 35
33 35
34 35
35 826
35 974
36 39
37 39
38 39
39 646
39 910
40 43
41 43
42 43
43 602
43 774
44 47
45 47
46 47
47 634
47 762
47 974
48 51
49 51
50 51
51 942
51 1142
51 1150
52 55
53 55
54 55
55 822
55 1038
56 59
57 59
58 59
59 1106
59 1198
60 63
61 63
62 63
63 1018
63 1190
64 67
65 67
66 67
67 998
67 1026
67 1178
68 71
69 71
70 71
71 666
71 902
71 946
72 75
73 75
74 75
75 770
75 1166
76 79
77 79
78 79
79 902
79 1058
80 83
81 83
82 83
83 922
83 958
83 1038
84 87
85 87
86 87
87 862
87 1138
88 91
89 91
90 91
91 910
91 1126
92 95
93 95
94 95
95 822
95 846
96 99
97 99
98 99
99 642
99 998
100 103
101 103
102 103
103 986
103 1178
104 107
105 107
106 107
107 870
107 1050
108 111
109 111
110 111
111 678
111 1086
111 1162
112 115
113 115
114 115
115 894
115 914
116 119
117 119
118 119
119 922
119 1090
120 123
121 123
122 123
123 718
123 910
123 1062
124 127
125 127
126 127
127 766
127 878
127 886
128 131
129 131
130 131
131 602
131 1094
132 135
133 135
134 135
135 858
135 946
136 139
137 139
138 139
139 606
139 858
139 1138
140 143
141 143
142 143
143 966
143 1010
144 147
145 147
146 147
147 682
147 1174
148 151
149 151
150 151
151 650
151 782
151 1182
152 155
153 155
154 155
155 970
155 1098
155 1110
156 159
157 159
158 159
159 686
159 850
160 163
161 163
162 163
163 770
163 1110
164 167
165 167
166 167
167 842
167 866
168 171
169 171
170 171
171 830
171 914
171 966
172 175
173 175
174 175
175 938
175 1042
175 1198
176 179
177 179
178 179
179 722
179 770
179 1190
180 183
181 183
182 183
183 742
183 1002
184 187
185 187
186 187
187 626
187 854
187 1070
188 191
189 191
190 191
191 614
191 1194
192 195
193 195
194 195
195 978
195 1054
195 1090
196 199
197 199
198 199
199 966
199 1022
200 203
201 203
202 203
203 1090
203 1118
204 207
205 207
206 207
207 874
207 882
208 211
209 211
210 211
211 750
211 1006
212 215
213 215
214 215
215 638
215 890
216 219
217 219
218 219
219 726
219 1130
220 223
221 223
222 223
223 1086
223 1138
224 227
225 227
226 227
227 1022
227 1050
227 1102
228 231
229 231
230 231
231 878
231 942
232 235
233 235
234 235
235 1066
235 1082
236 239
237 239
238 239
239 794
239 1042
240 243
241 243
242 243
243 694
243 842
243 1130
244 247
245 247
246 247
247 690
247 934
247 1074
248 251
249 251
250 251
251 1030
251 1150
252 255
253 255
254 255
255 734
255 990
255 1166
256 259
257 259
258 259
259 658
259 834
259 862
260 263
261 263
262 263
263 886
263 1106
264 267
265 267
266 267
267 746
267 754
267 906
268 271
269 271
270 271
271 810
271 1066
271 1134
272 275
273 275
274 275
275 694
275 710
276 279
277 279
278 279
279 702
279 766
280 283
281 283
282 283
283 690
283 1050
284 287
285 287
286 287
287 790
287 1106
287 1126
288 291
289 291
290 291
291 814
291 874
291 982
292 295
293 295
294 295
295 662
295 682
295 710
296 299
297 299
298 299
299 722
299 874
300 303
301 303
302 303
303 622
303 758
303 1094
304 307
305 307
306 307
307 758
307 798
308 311
309 311
310 311
311 686
311 990
312 315
313 315
314 315
315 930
315 1058
315 1114
316 319
317 319
318 319
319 1134
319 1170
320 323
321 323
322 323
323 762
323 1130
324 327
325 327
326 327
327 718
327 1074
328 331
329 331
330 331
331 686
331 870
331 1030
332 335
333 335
334 335
335 938
335 978
336 339
337 339
338 339
339 650
339 918
340 343
341 343
342 343
343 726
343 742
343 1170
344 347
345 347
346 347
347 734
347 950
348 351
349 351
350 351
351 630
351 838
351 926
352 355
353 355
354 355
355 698
355 778
355 806
356 359
357 359
358 359
359 974
359 1186
360 363
361 363
362 363
363 946
363 1102
364 367
365 367
366 367
367 630
367 1114
368 371
369 371
370 371
371 662
371 1006
372 375
373 375
374 375
375 798
375 830
376 379
377 379
378 379
379 622
379 786
380 383
381 383
382 383
383 754
383 934
384 387
385 387
386 387
387 742
387 818
388 391
389 391
390 391
391 1082
391 1122
392 395
393 395
394 395
395 878
395 1142
396 399
397 399
398 399
399 738
399 898
400 403
401 403
402 403
403 702
403 730
404 407
405 407
406 407
407 678
407 1014
408 411
409 411
410 411
411 614
411 982
412 415
413 415
414 415
415 1078
415 1158
416 419
417 419
418 419
419 666
419 998
420 423
421 423
422 423
423 790
423 954
424 427
425 427
426 427
427 674
427 794
428 431
429 431
430 431
431 646
431 962
431 1082
432 435
433 435
434 435
435 618
435 822
435 1154
436 439
437 439
438 439
439 678
439 806
440 443
441 443
442 443
443 786
443 794
443 826
444 447
445 447
446 447
447 622
447 1154
448 451
449 451
450 451
451 702
451 802
451 850
452 455
453 455
454 455
455 654
455 674
455 1018
456 459
457 459
458 459
459 774
459 1006
459 1158
460 463
461 463
462 463
463 670
463 778
464 467
465 467
466 467
467 698
467 1098
468 471
469 471
470 471
471 898
471 1062
472 475
473 475
474 475
475 618
475 626
476 479
477 479
478 479
479 854
479 954
480 483
481 483
482 483
483 606
483 778
484 487
485 487
486 487
487 730
487 750
487 894
488 491
489 491
490 491
491 706
491 906
492 495
493 495
494 495
495 746
495 1058
496 499
497 499
498 499
499 1018
499 1162
500 503
501 503
502 503
503 714
503 1078
503 1146
504 507
505 507
506 507
507 602
507 738
507 1118
508 511
509 511
510 511
511 706
511 882
511 1014
512 515
513 515
514 515
515 782
515 1074
516 519
517 519
518 519
519 634
519 1098
520 523
521 523
522 523
523 706
523 994
524 527
525 527
526 527
527 986
527 1010
527 1194
528 531
529 531
530 531
531 714
531 1078
532 535
533 535
534 535
535 638
535 810
536 539
537 539
538 539
539 670
539 890
539 954
540 543
541 543
542 543
543 818
543 898
543 1046
544 547
545 547
546 547
547 626
547 834
548 551
549 551
550 551
551 798
551 846
551 918
552 555
553 555
554 555
555 638
555 1002
555 1034
556 559
557 559
558 559
559 734
559 1054
560 563
561 563
562 563
563 658
563 970
564 567
565 567
566 567
567 894
567 926
568 571
569 571
570 571
571 994
571 1174
571 1186
572 575
573 575
574 575
575 754
575 1182
576 579
577 579
578 579
579 958
579 1070
580 583
581 583
582 583
583 814
583 1134
584 587
585 587
586 587
587 866
587 1146
588 591
589 591
590 591
591 658
591 962
592 595
593 595
594 595
595 614
595 950
595 1122
596 599
597 599
598 599
599 802
599 986
600 603
601 603
602 603
603 1302
603 1344
603 1364
604 607
605 607
606 607
607 1242
607 1372
608 611
609 611
610 611
611 1392
611 1396
612 615
613 615
614 615
615 1240
615 1244
615 1334
616 619
617 619
618 619
619 1214
619 1338
620 623
621 623
622 623
623 1228
623 1324
623 1488
624 627
625 627
626 627
627 1338
627 1436
627 1466
628 631
629 631
630 631
631 1272
631 1312
631 1380
632 635
633 635
634 635
635 1298
635 1432
636 639
637 639
638 639
639 1226
639 1258
639 1398
640 643
641 643
642 643
643 1386
643 1476
644 647
645 647
646 647
647 1452
647 1492
648 651
649 651
650 651
651 1210
651 1424
651 1440
652 655
653 655
654 655
655 1424
655 1438
656 659
657 659
658 659
659 1214
659 1274
659 1370
660 663
661 663
662 663
663 1358
663 1476
664 667
665 667
666 667
667 1390
667 1442
668 671
669 671
670 671
671 1218
671 1296
672 675
673 675
674 675
675 1350
675 1410
676 679
677 679
678 679
679 1246
679 1450
679 1456
680 683
681 683
682 683
683 1400
683 1484
684 687
685 687
686 687
687 1200
687 1322
687 1354
688 691
689 691
690 691
691 1236
691 1248
692 695
693 695
694 695
695 1356
695 1490
696 699
697 699
698 699
699 1294
699 1310
700 703
701 703
702 703
703 1384
703 1388
703 1460
704 707
705 707
706 707
707 1236
707 1250
707 1408
708 711
709 711
710 711
711 1206
711 1356
711 1464
712 715
713 715
714 715
715 1442
715 1498
716 719
717 719
718 719
719 1218
719 1374
720 723
721 723
722 723
723 1354
723 1480
724 727
725 727
726 727
727 1252
727 1268
728 731
729 731
730 731
731 1388
731 1422
732 735
733 735
734 735
735 1220
735 1270
735 1492
736 739
737 739
738 739
739 1216
739 1342
740 743
741 743
742 743
743 1202
743 1366
743 1378
744 747
745 747
746 747
747 1210
747 1300
748 751
749 751
750 751
751 1264
751 1328
752 755
753 755
754 755
755 1266
755 1372
755 1406
756 759
757 759
758 759
759 1416
759 1432
760 763
761 763
762 763
763 1302
763 1494
764 767
765 767
766 767
767 1280
767 1384
768 771
769 771
770 771
771 1252
771 1346
771 1426
772 775
773 775
774 775
775 1344
775 1460
776 779
777 779
778 779
779 1242
779 1296
779 1430
780 783
781 783
782 783
783 1284
783 1334
784 787
785 787
786 787
787 1258
787 1324
788 791
789 791
790 791
791 1202
791 1230
792 795
793 795
794 795
795 1204
795 1350
795 1472
796 799
797 799
798 799
799 1216
799 1382
799 1416
800 803
801 803
802 803
803 1420
803 1462
804 807
805 807
806 807
807 1246
807 1434
808 811
809 811
810 811
811 1214
811 1398
812 815
813 815
814 815
815 1380
815 1448
816 819
817 819
818 819
819 1290
819 1378
820 823
821 823
822 823
823 1288
823 1306
823 1314
824 827
825 827
826 827
827 1254
827 1290
828 831
829 831
830 831
831 1210
831 1382
832 835
833 835
834 835
835 1228
835 1436
836 839
837 839
838 839
839 1204
839 1206
840 843
841 843
842 843
843 1216
843 1360
844 847
845 847
846 847
847 1288
847 1412
848 851
849 851
850 851
851 1202
851 1322
852 855
853 855
854 855
855 1464
855 1496
856 859
857 859
858 859
859 1262
859 1418
860 863
861 863
862 863
863 1208
863 1334
864 867
865 867
866 867
867 1280
867 1320
867 1360
868 871
869 871
870 871
871 1262
871 1276
872 875
873 875
874 875
875 1278
875 1478
875 1480
876 879
877 879
878 879
879 1222
879 1290
879 1326
880 883
881 883
882 883
883 1264
883 1278
884 887
885 887
886 887
887 1282
887 1414
888 891
889 891
890 891
891 1224
891 1226
892 895
893 895
894 895
895 1264
895 1368
895 1428
896 899
897 899
898 899
899 1234
899 1342
899 1348
900 903
901 903
902 903
903 1352
903 1454
904 907
905 907
906 907
907 1238
907 1408
908 911
909 911
910 911
911 1212
911 1452
911 1490
912 915
913 915
914 915
915 1294
915 1368
916 919
917 919
918 919
919 1224
919 1440
920 923
921 923
922 923
923 1256
923 1306
924 927
925 927
926 927
927 1380
927 1428
928 931
929 931
930 931
931 1402
931 1438
932 935
933 935
934 935
935 1266
935 1306
936 939
937 939
938 939
939 1292
939 1318
939 1468
940 943
941 943
942 943
943 1222
943 1258
944 947
945 947
946 947
947 1286
947 1352
947 1418
948 951
949 951
950 951
951 1270
951 1490
952 955
953 955
954 955
955 1218
955 1230
955 1496
956 959
957 959
958 959
959 1304
959 1396
959 1444
960 963
961 963
962 963
963 1238
963 1370
964 967
965 967
966 967
967 1224
967 1308
967 1404
968 971
969 971
970 971
971 1274
971 1410
972 975
973 975
974 975
975 1254
975 1362
975 1412
976 979
977 979
978 979
979 1292
979 1302
980 983
981 983
982 983
983 1244
983 1392
984 987
985 987
986 987
987 1410
987 1446
987 1462
988 991
989 991
990 991
991 1200
991 1336
992 995
993 995
994 995
995 1250
995 1422
996 999
997 999
998 999
999 1386
999 1390
999 1420
1000 1003
1001 1003
1002 1003
1003 1352
1003 1366
1004 1007
1005 1007
1006 1007
1007 1328
1007 1358
1007 1438
1008 1011
1009 1011
1010 1011
1011 1308
1011 1412
1012 1015
1013 1015
1014 1015
1015 1354
1015 1456
1016 1019
1017 1019
1018 1019
1019 1294
1019 1376
1019 1470
1020 1023
1021 1023
1022 1023
1023 1404
1023 1450
1024 1027
1025 1027
1026 1027
1027 1458
1027 1466
1028 1031
1029 1031
1030 1031
1031 1232
1031 1460
1032 1035
1033 1035
1034 1035
1035 1318
1035 1486
1036 1039
1037 1039
1038 1039
1039 1314
1039 1434
1040 1043
1041 1043
1042 1043
1043 1236
1043 1472
1044 1047
1045 1047
1046 1047
1047 1272
1047 1420
1048 1051
1049 1051
1050 1051
1051 1248
1051 1276
1051 1486
1052 1055
1053 1055
1054 1055
1055 1220
1055 1234
1056 1059
1057 1059
1058 1059
1059 1300
1059 1340
1059 1454
1060 1063
1061 1063
1062 1063
1063 1336
1063 1348
1064 1067
1065 1067
1066 1067
1067 1304
1067 1482
1068 1071
1069 1071
1070 1071
1071 1444
1071 1478
1072 1075
1073 1075
1074 1075
1075 1284
1075 1374
1075 1422
1076 1079
1077 1079
1078 1079
1079 1260
1079 1282
1079 1498
1080 1083
1081 1083
1082 1083
1083 1316
1083 1442
1083 1482
1084 1087
1085 1087
1086 1087
1087 1474
1087 1478
1088 1091
1089 1091
1090 1091
1091 1238
1091 1256
1091 1394
1092 1095
1093 1095
1094 1095
1095 1280
1095 1364
1096 1099
1097 1099
1098 1099
1099 1298
1099 1310
1099 1392
1100 1103
1101 1103
1102 1103
1103 1286
1103 1468
1104 1107
1105 1107
1106 1107
1107 1330
1107 1336
1107 1414
1108 1111
1109 1111
1110 1111
1111 1234
1111 1426
1112 1115
1113 1115
1114 1115
1115 1304
1115 1312
1116 1119
1117 1119
1118 1119
1119 1394
1119 1484
1120 1123
1121 1123
1122 1123
1123 1316
1123 1430
1124 1127
1125 1127
1126 1127
1127 1212
1127 1466
1128 1131
1129 1131
1130 1131
1131 1268
1131 1434
1131 1494
1132 1135
1133 1135
1134 1135
1135 1262
1135 1332
1135 1448
1136 1139
1137 1139
1138 1139
1139 1208
1139 1474
1139 1484
1140 1143
1141 1143
1142 1143
1143 1326
1143 1450
1144 1147
1145 1147
1146 1147
1147 1320
1147 1486
1148 1151
1149 1151
1150 1151
1151 1232
1151 1402
1151 1476
1152 1155
1153 1155
1154 1155
1155 1430
1155 1488
1156 1159
1157 1159
1158 1159
1159 1260
1159 1282
1160 1163
1161 1163
1162 1163
1163 1228
1163 1376
1164 1167
1165 1167
1166 1167
1167 1204
1167 1346
1168 1171
1169 1171
1170 1171
1171 1332
1171 1492
1172 1175
1173 1175
1174 1175
1175 1400
1175 1432
1175 1458
1176 1179
1177 1179
1178 1179
1179 1340
1179 1446
1180 1183
1181 1183
1182 1183
1183 1406
1183 1468
1184 1187
1185 1187
1186 1187
1187 1362
1187 1372
1188 1191
1189 1191
1190 1191
1191 1340
1191 1470
1192 1195
1193 1195
1194 1195
1195 1240
1195 1252
1196 1199
1197 1199
1198 1199
1199 1330
1199 1464
1200 1201
1202 1203
1204 1205
1206 1207
1208 1209
1210 1211
1212 1213
1214 1215
1216 1217
1218 1219
1220 1221
1222 1223
1224 1225
1226 1227
1228 1229
1230 1231
1232 1233
1234 1235
1236 1237
1238 1239
1240 1241
1242 1243
1244 1245
1246 1247
1248 1249
1250 1251
1252 1253
1254 1255
1256 1257
1258 1259
1260 1261
1262 1263
1264 1265
1266 1267
1268 1269
1270 1271
1272 1273
1274 1275
1276 1277
1278 1279
1280 1281
1282 1283
1284 1285
1286 1287
1288 1289
1290 1291
1292 1293
1294 1295
1296 1297
1298 1299
1300 1301
1302 1303
1304 1305
1306 1307
1308 1309
1310 1311
1312 1313
1314 1315
1316 1317
1318 1319
1320 1321
1322 1323
1324 1325
1326 1327
1328 1329
1330 1331
1332 1333
1334 1335
1336 1337
1338 1339
1340 1341
1342 1343
1344 1345
1346 1347
1348 1349
1350 1351
1352 1353
1354 1355
1356 1357
1358 1359
1360 1361
1362 1363
1364 1365
1366 1367
1368 1369
1370 1371
1372 1373
1374 1375
1376 1377
1378 1379
1380 1381
1382 1383
1384 1385
1386 1387
1388 1389
1390 1391
1392 1393
1394 1395
1396 1397
1398 1399
1400 1401
1402 1403
1404 1405
1406 1407
1408 1409
1410 1411
1412 1413
1414 1415
1416 1417
1418 1419
1420 1421
1422 1423
1424 1425
1426 1427
1428 1429
1430 1431
1432 1433
1434 1435
1436 1437
1438 1439
1440 1441
1442 1443
1444 1445
1446 1447
1448 1449
1450 1451
1452 1453
1454 1455
1456 1457
1458 1459
1460 1461
1462 1463
1464 1465
1466 1467
1468 1469
1470 1471
1472 1473
1474 1475
1476 1477
1478 1479
1480 1481
1482 1483
1484 1485
1486 1487
1488 1489
1490 1491
1492 1493
1494 1495
1496 1497
1498 1499
6
554 555 1034 1035 1318 1319 
6
346 347 734 735 1270 1271 
6
534 535 638 639 1398 1399 
6
494 495 1058 1059 1300 1301 
6
186 187 854 855 1496 1497 
6
426 427 794 795 1350 1351 
6
438 439 806 807 1434 1435 
6
82 83 922 923 1256 1257 
6
358 359 974 975 1362 1363 
6
14 15 938 939 1318 1319 
6
334 335 938 939 1292 1293 
6
230 231 942 943 1222 1223 
6
510 511 1014 1015 1456 1457 
6
314 315 1114 1115 1312 1313 
6
390 391 1122 1123 1430 1431 
6
266 267 906 907 1408 1409 
6
506 507 738 739 1342 1343 
6
166 167 866 867 1360 1361 
6
586 587 1146 1147 1486 1487 
6
490 491 906 907 1238 1239 
6
594 595 1122 1123 1316 1317 
6
34 35 974 975 1254 1255 
6
234 235 1066 1067 1304 1305 
6
134 135 946 947 1418 1419 
6
30 31 1026 1027 1466 1467 
6
130 131 1094 1095 1364 1365 
6
90 91 1126 1127 1466 1467 
6
426 427 674 675 1410 1411 
6
490 491 906 907 1408 1409 
6
366 367 1114 1115 1312 1313 
6
222 223 1086 1087 1478 1479 
6
562 563 658 659 1274 1275 
6
190 191 614 615 1240 1241 
6
286 287 790 791 1230 1231 
6
398 399 738 739 1216 1217 
6
30 31 1026 1027 1458 1459 
6
78 79 902 903 1454 1455 
6
62 63 1190 1191 1470 1471 
6
266 267 746 747 1300 1301 
6
502 503 1078 1079 1282 1283 
6
466 467 698 699 1310 1311 
6
262 263 886 887 1282 1283 
6
330 331 1030 1031 1232 1233 
6
478 479 854 855 1464 1465 
6
410 411 614 615 1244 1245 
6
538 539 670 671 1296 1297 
6
106 107 1050 1051 1276 1277 
6
478 479 954 955 1496 1497 
6
258 259 862 863 1208 1209 
6
450 451 850 851 1322 1323 
6
126 127 886 887 1414 1415 
6
62 63 1018 1019 1470 1471 
6
234 235 1082 1083 1482 1483 
6
54 55 822 823 1314 1315 
6
570 571 994 995 1250 1251 
6
2 3 654 655 1424 1425 
6
590 591 962 963 1370 1371 
6
570 571 1186 1187 1362 1363 
6
242 243 694 695 1356 1357 
6
538 539 954 955 1218 1219 
6
518 519 1098 1099 1298 1299 
6
466 467 1098 1099 1310 1311 
6
586 587 1146 1147 1320 1321 
6
238 239 1042 1043 1472 1473 
6
438 439 678 679 1246 1247 
6
430 431 1082 1083 1442 1443 
6
274 275 694 695 1490 1491 
6
226 227 1102 1103 1286 1287 
6
542 543 818 819 1378 1379 
6
326 327 718 719 1218 1219 
6
6 7 610 611 1396 1397 
6
46 47 974 975 1412 1413 
6
454 455 674 675 1350 1351 
6
38 39 646 647 1452 1453 
6
230 231 878 879 1222 1223 
6
374 375 798 799 1382 1383 
6
146 147 682 683 1484 1485 
6
270 271 1066 1067 1482 1483 
6
182 183 1002 1003 1366 1367 
6
190 191 1194 1195 1240 1241 
6
246 247 934 935 1266 1267 
6
598 599 802 803 1462 1463 
6
298 299 722 723 1480 1481 
6
246 247 1074 1075 1422 1423 
6
114 115 894 895 1368 1369 
6
182 183 1002 1003 1352 1353 
6
510 511 882 883 1278 1279 
6
350 351 926 927 1428 1429 
6
98 99 642 643 1386 1387 
6
66 67 998 999 1420 1421 
6
590 591 658 659 1370 1371 
6
378 379 786 787 1258 1259 
6
498 499 1018 1019 1376 1377 
6
130 131 1094 1095 1280 1281 
6
82 83 1038 1039 1314 1315 
6
418 419 666 667 1442 1443 
6
122 123 910 911 1490 1491 
6
378 379 622 623 1324 1325 
6
490 491 706 707 1408 1409 
6
306 307 798 799 1416 1417 
6
90 91 910 911 1212 1213 
6
462 463 670 671 1296 1297 
6
10 11 1150 1151 1402 1403 
6
494 495 746 747 1210 1211 
6
498 499 1162 1163 1228 1229 
6
318 319 1170 1171 1492 1493 
6
230 231 942 943 1258 1259 
6
574 575 754 755 1406 1407 
6
258 259 834 835 1436 1437 
6
50 51 942 943 1222 1223 
6
550 551 918 919 1440 1441 
6
514 515 782 783 1284 1285 
6
418 419 998 999 1390 1391 
6
238 239 794 795 1472 1473 
6
206 207 882 883 1264 1265 
6
534 535 810 811 1398 1399 
6
14 15 1034 1035 1318 1319 
6
282 283 1050 1051 1248 1249 
6
118 119 922 923 1306 1307 
6
166 167 842 843 1360 1361 
6
18 19 630 631 1272 1273 
6
518 519 634 635 1432 1433 
6
474 475 618 619 1214 1215 
6
150 151 782 783 1284 1285 
6
594 595 614 615 1334 1335 
6
566 567 926 927 1380 1381 
6
66 67 1026 1027 1458 1459 
6
574 575 1182 1183 1406 1407 
6
214 215 890 891 1226 1227 
6
338 339 918 919 1440 1441 
6
502 503 1146 1147 1320 1321 
6
206 207 882 883 1278 1279 
6
526 527 1194 1195 1240 1241 
6
554 555 638 639 1258 1259 
6
122 123 718 719 1374 1375 
6
134 135 858 859 1262 1263 
6
138 139 858 859 1418 1419 
6
486 487 730 731 1388 1389 
6
26 27 710 711 1206 1207 
6
186 187 1070 1071 1444 1445 
6
166 167 842 843 1216 1217 
6
218 219 726 727 1268 1269 
6
366 367 1114 1115 1304 1305 
6
98 99 642 643 1476 1477 
6
22 23 642 643 1386 1387 
6
290 291 982 983 1244 1245 
6
438 439 806 807 1246 1247 
6
250 251 1030 1031 1460 1461 
6
86 87 862 863 1208 1209 
6
198 199 1022 1023 1450 1451 
6
346 347 950 951 1270 1271 
6
482 483 606 607 1242 1243 
6
46 47 762 763 1494 1495 
6
222 223 1086 1087 1474 1475 
6
118 119 1090 1091 1256 1257 
6
322 323 762 763 1302 1303 
6
170 171 914 915 1368 1369 
6
78 79 902 903 1352 1353 
6
186 187 626 627 1466 1467 
6
294 295 662 663 1358 1359 
6
270 271 1134 1135 1262 1263 
6
562 563 970 971 1410 1411 
6
326 327 718 719 1374 1375 
6
334 335 978 979 1292 1293 
6
54 55 1038 1039 1434 1435 
6
146 147 1174 1175 1400 1401 
6
202 203 1118 1119 1484 1485 
6
138 139 606 607 1242 1243 
6
322 323 762 763 1494 1495 
6
226 227 1022 1023 1404 1405 
6
594 595 950 951 1270 1271 
6
510 511 706 707 1236 1237 
6
558 559 734 735 1220 1221 
6
282 283 690 691 1248 1249 
6
470 471 898 899 1348 1349 
6
170 171 966 967 1224 1225 
6
382 383 934 935 1266 1267 
6
530 531 714 715 1442 1443 
6
314 315 1058 1059 1340 1341 
6
486 487 894 895 1264 1265 
6
434 435 822 823 1306 1307 
6
98 99 998 999 1386 1387 
6
474 475 626 627 1338 1339 
6
146 147 682 683 1400 1401 
6
174 175 938 939 1468 1469 
6
266 267 754 755 1372 1373 
6
522 523 706 707 1250 1251 
6
418 419 666 667 1390 1391 
6
302 303 622 623 1228 1229 
6
382 383 754 755 1266 1267 
6
178 179 770 771 1252 1253 
6
306 307 758 759 1416 1417 
6
354 355 698 699 1310 1311 
6
86 87 1138 1139 1208 1209 
6
174 175 1198 1199 1330 1331 
6
582 583 814 815 1448 1449 
6
358 359 1186 1187 1372 1373 
6
386 387 818 819 1290 1291 
6
198 199 1022 1023 1404 1405 
6
50 51 1142 1143 1326 1327 
6
242 243 842 843 1360 1361 
6
54 55 1038 1039 1314 1315 
6
442 443 794 795 1204 1205 
6
342 343 1170 1171 1332 1333 
6
550 551 798 799 1216 1217 
6
426 427 674 675 1350 1351 
6
550 551 846 847 1288 1289 
6
498 499 1162 1163 1376 1377 
6
406 407 1014 1015 1456 1457 
6
198 199 966 967 1404 1405 
6
262 263 886 887 1414 1415 
6
538 539 890 891 1226 1227 
6
110 111 678 679 1450 1451 
6
414 415 1158 1159 1260 1261 
6
458 459 1006 1007 1438 1439 
6
246 247 690 691 1248 1249 
6
394 395 878 879 1326 1327 
6
394 395 1142 1143 1450 1451 
6
566 567 894 895 1428 1429 
6
390 391 1082 1083 1316 1317 
6
278 279 702 703 1384 1385 
6
142 143 1010 1011 1412 1413 
6
554 555 1002 1003 1366 1367 
6
414 415 1158 1159 1282 1283 
6
158 159 850 851 1202 1203 
6
214 215 638 639 1226 1227 
6
506 507 602 603 1302 1303 
6
430 431 962 963 1370 1371 
6
70 71 666 667 1390 1391 
6
298 299 722 723 1354 1355 
6
254 255 1166 1167 1346 1347 
6
330 331 686 687 1354 1355 
6
362 363 1102 1103 1286 1287 
6
190 191 1194 1195 1252 1253 
6
314 315 930 931 1402 1403 
6
482 483 606 607 1372 1373 
6
158 159 686 687 1322 1323 
6
566 567 926 927 1428 1429 
6
62 63 1190 1191 1340 1341 
6
342 343 726 727 1268 1269 
6
218 219 726 727 1252 1253 
6
50 51 1150 1151 1476 1477 
6
374 375 830 831 1382 1383 
6
482 483 778 779 1242 1243 
6
242 243 1130 1131 1434 1435 
6
210 211 1006 1007 1328 1329 
6
26 27 838 839 1204 1205 
6
118 119 922 923 1256 1257 
6
346 347 950 951 1490 1491 
6
134 135 858 859 1418 1419 
6
434 435 618 619 1338 1339 
6
350 351 838 839 1206 1207 
6
130 131 602 603 1364 1365 
6
534 535 810 811 1214 1215 
6
558 559 1054 1055 1234 1235 
6
94 95 822 823 1288 1289 
6
334 335 978 979 1302 1303 
6
58 59 1198 1199 1464 1465 
6
294 295 682 683 1400 1401 
6
178 179 1190 1191 1470 1471 
6
210 211 750 751 1328 1329 
6
254 255 990 991 1200 1201 
6
354 355 806 807 1246 1247 
6
6 7 610 611 1392 1393 
6
450 451 802 803 1462 1463 
6
138 139 1138 1139 1484 1485 
6
330 331 870 871 1276 1277 
6
542 543 898 899 1234 1235 
6
18 19 1046 1047 1420 1421 
6
114 115 914 915 1368 1369 
6
406 407 1014 1015 1354 1355 
6
354 355 778 779 1430 1431 
6
202 203 1090 1091 1394 1395 
6
70 71 902 903 1454 1455 
6
414 415 1078 1079 1260 1261 
6
250 251 1030 1031 1232 1233 
6
70 71 946 947 1352 1353 
6
530 531 714 715 1498 1499 
6
78 79 1058 1059 1454 1455 
6
110 111 1086 1087 1474 1475 
6
282 283 690 691 1236 1237 
6
82 83 958 959 1304 1305 
6
370 371 662 663 1476 1477 
6
434 435 1154 1155 1488 1489 
6
310 311 990 991 1336 1337 
6
310 311 990 991 1200 1201 
6
478 479 854 855 1496 1497 
6
278 279 766 767 1384 1385 
6
34 35 826 827 1290 1291 
6
382 383 934 935 1306 1307 
6
318 319 1170 1171 1332 1333 
6
298 299 874 875 1480 1481 
6
582 583 814 815 1380 1381 
6
582 583 1134 1135 1448 1449 
6
522 523 994 995 1422 1423 
6
106 107 870 871 1262 1263 
6
562 563 970 971 1274 1275 
6
218 219 1130 1131 1268 1269 
6
446 447 622 623 1488 1489 
6
546 547 834 835 1436 1437 
6
374 375 830 831 1210 1211 
6
262 263 1106 1107 1414 1415 
6
462 463 670 671 1218 1219 
6
26 27 838 839 1206 1207 
6
58 59 1198 1199 1330 1331 
6
338 339 918 919 1224 1225 
6
530 531 1078 1079 1498 1499 
6
162 163 770 771 1426 1427 
6
178 179 722 723 1480 1481 
6
370 371 1006 1007 1358 1359 
6
442 443 786 787 1324 1325 
6
286 287 1126 1127 1212 1213 
6
126 127 766 767 1384 1385 
6
90 91 1126 1127 1212 1213 
6
526 527 986 987 1410 1411 
6
142 143 1010 1011 1308 1309 
6
590 591 962 963 1238 1239 
6
6 7 958 959 1396 1397 
6
574 575 1182 1183 1468 1469 
6
398 399 738 739 1342 1343 
6
458 459 774 775 1344 1345 
6
518 519 634 635 1298 1299 
6
406 407 678 679 1456 1457 
6
238 239 1042 1043 1236 1237 
6
194 195 1054 1055 1220 1221 
6
546 547 626 627 1436 1437 
6
14 15 1034 1035 1486 1487 
6
422 423 790 791 1230 1231 
6
142 143 966 967 1308 1309 
6
114 115 914 915 1294 1295 
6
402 403 730 731 1422 1423 
6
102 103 986 987 1446 1447 
6
86 87 862 863 1334 1335 
6
318 319 1134 1135 1332 1333 
6
222 223 1138 1139 1474 1475 
6
102 103 1178 1179 1446 1447 
6
194 195 978 979 1292 1293 
6
158 159 850 851 1322 1323 
6
466 467 698 699 1294 1295 
6
110 111 1162 1163 1376 1377 
6
234 235 1066 1067 1482 1483 
6
390 391 1122 1123 1316 1317 
6
454 455 654 655 1424 1425 
6
274 275 710 711 1356 1357 
6
2 3 654 655 1438 1439 
6
462 463 778 779 1296 1297 
6
202 203 1118 1119 1394 1395 
6
34 35 826 827 1254 1255 
6
386 387 742 743 1378 1379 
6
446 447 1154 1155 1430 1431 
6
446 447 1154 1155 1488 1489 
6
302 303 1094 1095 1364 1365 
6
46 47 634 635 1298 1299 
6
338 339 650 651 1440 1441 
6
526 527 1010 1011 1308 1309 
6
598 599 802 803 1420 1421 
6
38 39 646 647 1492 1493 
6
494 495 746 747 1300 1301 
6
302 303 758 759 1416 1417 
6
274 275 694 695 1356 1357 
6
94 95 846 847 1412 1413 
6
210 211 750 751 1264 1265 
6
122 123 1062 1063 1348 1349 
6
74 75 1166 1167 1346 1347 
6
578 579 1070 1071 1444 1445 
6
286 287 1106 1107 1336 1337 
6
598 599 986 987 1462 1463 
6
362 363 1102 1103 1468 1469 
6
366 367 630 631 1312 1313 
6
154 155 1110 1111 1426 1427 
6
154 155 970 971 1274 1275 
6
66 67 1178 1179 1446 1447 
6
402 403 702 703 1388 1389 
6
94 95 846 847 1288 1289 
6
450 451 702 703 1460 1461 
6
174 175 1042 1043 1472 1473 
6
226 227 1050 1051 1486 1487 
6
154 155 1098 1099 1392 1393 
6
18 19 1046 1047 1272 1273 
6
378 379 786 787 1324 1325 
6
350 351 630 631 1380 1381 
6
326 327 1074 1075 1374 1375 
6
214 215 890 891 1224 1225 
6
258 259 658 659 1214 1215 
6
162 163 1110 1111 1234 1235 
6
358 359 1186 1187 1362 1363 
6
2 3 650 651 1424 1425 
6
10 11 930 931 1402 1403 
6
294 295 710 711 1464 1465 
6
486 487 750 751 1328 1329 
6
310 311 686 687 1200 1201 
6
394 395 1142 1143 1326 1327 
6
106 107 870 871 1276 1277 
6
42 43 774 775 1460 1461 
6
570 571 1174 1175 1432 1433 
6
522 523 994 995 1250 1251 
6
410 411 982 983 1244 1245 
6
474 475 618 619 1338 1339 
6
126 127 878 879 1290 1291 
6
250 251 1150 1151 1232 1233 
6
422 423 954 955 1230 1231 
6
22 23 610 611 1396 1397 
6
74 75 770 771 1346 1347 
6
42 43 774 775 1344 1345 
6
410 411 982 983 1392 1393 
6
254 255 734 735 1492 1493 
6
578 579 1070 1071 1478 1479 
6
514 515 782 783 1334 1335 
6
458 459 1158 1159 1260 1261 
6
162 163 1110 1111 1426 1427 
6
170 171 830 831 1382 1383 
6
270 271 810 811 1398 1399 
6
542 543 1046 1047 1272 1273 
6
586 587 866 867 1320 1321 
6
10 11 930 931 1438 1439 
6
58 59 1106 1107 1330 1331 
6
22 23 866 867 1280 1281 
6
206 207 874 875 1278 1279 
6
506 507 1118 1119 1394 1395 
6
150 151 650 651 1210 1211 
6
362 363 946 947 1286 1287 
6
470 471 1062 1063 1348 1349 
6
42 43 602 603 1344 1345 
6
370 371 662 663 1358 1359 
6
342 343 742 743 1202 1203 
6
74 75 1166 1167 1204 1205 
6
578 579 958 959 1444 1445 
6
306 307 758 759 1432 1433 
6
278 279 766 767 1280 1281 
6
182 183 742 743 1366 1367 
6
454 455 1018 1019 1294 1295 
6
30 31 1174 1175 1458 1459 
6
322 323 1130 1131 1494 1495 
6
514 515 1074 1075 1284 1285 
6
398 399 898 899 1342 1343 
6
558 559 1054 1055 1220 1221 
6
502 503 714 715 1498 1499 
6
546 547 834 835 1228 1229 
6
290 291 874 875 1478 1479 
6
442 443 826 827 1254 1255 
6
386 387 818 819 1378 1379 
6
402 403 730 731 1388 1389 
6
290 291 814 815 1448 1449 
6
150 151 1182 1183 1406 1407 
6
470 471 1062 1063 1336 1337 
6
422 423 790 791 1202 1203 
6
194 195 1090 1091 1238 1239 
6
102 103 1178 1179 1340 1341 
6
38 39 910 911 1452 1453 
6
430 431 646 647 1452 1453 
2
0 3 
2
1 3 
2
2 3 
3
0 3 650 
3
1 3 650 
3
2 3 650 
3
0 3 654 
3
1 3 654 
3
2 3 654 
2
4 7 
2
5 7 
2
6 7 
3
4 7 610 
3
5 7 610 
3
6 7 610 
3
4 7 958 
3
5 7 958 
3
6 7 958 
2
8 11 
2
9 11 
2
10 11 
3
8 11 930 
3
9 11 930 
3
10 11 930 
3
8 11 1150 
3
9 11 1150 
3
10 11 1150 
2
12 15 
2
13 15 
2
14 15 
3
12 15 938 
3
13 15 938 
3
14 15 938 
3
12 15 1034 
3
13 15 1034 
3
14 15 1034 
2
16 19 
2
17 19 
2
18 19 
3
16 19 630 
3
17 19 630 
3
18 19 630 
3
16 19 1046 
3
17 19 1046 
3
18 19 1046 
2
20 23 
2
21 23 
2
22 23 
3
20 23 610 
3
21 23 610 
3
22 23 610 
3
20 23 642 
3
21 23 642 
3
22 23 642 
3
20 23 866 
3
21 23 866 
3
22 23 866 
2
24 27 
2
25 27 
2
26 27 
3
24 27 710 
3
25 27 710 
3
26 27 710 
3
24 27 838 
3
25 27 838 
3
26 27 838 
2
28 31 
2
29 31 
2
30 31 
3
28 31 1026 
3
29 31 1026 
3
30 31 1026 
3
28 31 1174 
3
29 31 1174 
3
30 31 1174 
2
32 35 
2
33 35 
2
34 35 
3
32 35 826 
3
33 35 826 
3
34 35 826 
3
32 35 974 
3
33 35 974 
3
34 35 974 
2
36 39 
2
37 39 
2
38 39 
3
36 39 646 
3
37 39 646 
3
38 39 646 
3
36 39 910 
3
37 39 910 
3
38 39 910 
2
40 43 
2
41 43 
2
42 43 
3
40 43 602 
3
41 43 602 
3
42 43 602 
3
40 43 774 
3
41 43 774 
3
42 43 774 
2
44 47 
2
45 47 
2
46 47 
3
44 47 634 
3
45 47 634 
3
46 47 634 
3
44 47 762 
3
45 47 762 
3
46 47 762 
3
44 47 974 
3
45 47 974 
3
46 47 974 
2
48 51 
2
49 51 
2
50 51 
3
48 51 942 
3
49 51 942 
3
50 51 942 
3
48 51 1142 
3
49 51 1142 
3
50 51 1142 
3
48 51 1150 
3
49 51 1150 
3
50 51 1150 
2
52 55 
2
53 55 
2
54 55 
3
52 55 822 
3
53 55 822 
3
54 55 822 
3
52 55 1038 
3
53 55 1038 
3
54 55 1038 
2
56 59 
2
57 59 
2
58 59 
3
56 59 1106 
3
57 59 1106 
3
58 59 1106 
3
56 59 1198 
3
57 59 1198 
3
58 59 1198 
2
60 63 
2
61 63 
2
62 63 
3
60 63 1018 
3
61 63 1018 
3
62 63 1018 
3
60 63 1190 
3
61 63 1190 
3
62 63 1190 
2
64 67 
2
65 67 
2
66 67 
3
64 67 998 
3
65 67 998 
3
66 67 998 
3
64 67 1026 
3
65 67 1026 
3
66 67 1026 
3
64 67 1178 
3
65 67 1178 
3
66 67 1178 
2
68 71 
2
69 71 
2
70 71 
3
68 71 666 
3
69 71 666 
3
70 71 666 
3
68 71 902 
3
69 71 902 
3
70 71 902 
3
68 71 946 
3
69 71 946 
3
70 71 946 
2
72 75 
2
73 75 
2
74 75 
3
72 75 770 
3
73 75 770 
3
74 75 770 
3
72 75 1166 
3
73 75 1166 
3
74 75 1166 
2
76 79 
2
77 79 
2
78 79 
3
76 79 902 
3
77 79 902 
3
78 79 902 
3
76 79 1058 
3
77 79 1058 
3
78 79 1058 
2
80 83 
2
81 83 
2
82 83 
3
80 83 922 
3
81 83 922 
3
82 83 922 
3
80 83 958 
3
81 83 958 
3
82 83 958 
3
80 83 1038 
3
81 83 1038 
3
82 83 1038 
2
84 87 
2
85 87 
2
86 87 
3
84 87 862 
3
85 87 862 
3
86 87 862 
3
84 87 1138 
3
85 87 1138 
3
86 87 1138 
2
88 91 
2
89 91 
2
90 91 
3
88 91 910 
3
89 91 910 
3
90 91 910 
3
88 91 1126 
3
89 91 1126 
3
90 91 1126 
2
92 95 
2
93 95 
2
94 95 
3
92 95 822 
3
93 95 822 
3
94 95 822 
3
92 95 846 
3
93 95 846 
3
94 95 846 
2
96 99 
2
97 99 
2
98 99 
3
96 99 642 
3
97 99 642 
3
98 99 642 
3
96 99 998 
3
97 99 998 
3
98 99 998 
2
100 103 
2
101 103 
2
102 103 
3
100 103 986 
3
101 103 986 
3
102 103 986 
3
100 103 1178 
3
101 103 1178 
3
102 103 1178 
2
104 107 
2
105 107 
2
106 107 
3
104 107 870 
3
105 107 870 
3
106 107 870 
3
104 107 1050 
3
105 107 1050 
3
106 107 1050 
2
108 111 
2
109 111 
2
110 111 
3
108 111 678 
3
109 111 678 
3
110 111 678 
3
108 111 1086 
3
109 111 1086 
3
110 111 1086 
3
108 111 1162 
3
109 111 1162 
3
110 111 1162 
2
112 115 
2
113 115 
2
114 115 
3
112 115 894 
3
113 115 894 
3
114 115 894 
3
112 115 914 
3
113 115 914 
3
114 115 914 
2
116 119 
2
117 119 
2
118 119 
3
116 119 922 
3
117 119 922 
3
118 119 922 
3
116 119 1090 
3
117 119 1090 
3
118 119 1090 
2
120 123 
2
121 123 
2
122 123 
3
120 123 718 
3
121 123 718 
3
122 123 718 
3
120 123 910 
3
121 123 910 
3
122 123 910 
3
120 123 1062 
3
121 123 1062 
3
122 123 1062 
2
124 127 
2
125 127 
2
126 127 
3
124 127 766 
3
125 127 766 
3
126 127 766 
3
124 127 878 
3
125 127 878 
3
126 127 878 
3
124 127 886 
3
125 127 886 
3
126 127 886 
2
128 131 
2
129 131 
2
130 131 
3
128 131 602 
3
129 131 602 
3
130 131 602 
3
128 131 1094 
3
129 131 1094 
3
130 131 1094 
2
132 135 
2
133 135 
2
134 135 
3
132 135 858 
3
133 135 858 
3
134 135 858 
3
132 135 946 
3
133 135 946 
3
134 135 946 
2
136 139 
2
137 139 
2
138 139 
3
136 139 606 
3
137 139 606 
3
138 139 606 
3
136 139 858 
3
137 139 858 
3
138 139 858 
3
136 139 1138 
3
137 139 1138 
3
138 139 1138 
2
140 143 
2
141 143 
2
142 143 
3
140 143 966 
3
141 143 966 
3
142 143 966 
3
140 143 1010 
3
141 143 1010 
3
142 143 1010 
2
144 147 
2
145 147 
2
146 147 
3
144 147 682 
3
145 147 682 
3
146 147 682 
3
144 147 1174 
3
145 147 1174 
3
146 147 1174 
2
148 151 
2
149 151 
2
150 151 
3
148 151 650 
3
149 151 650 
3
150 151 650 
3
148 151 782 
3
149 151 782 
3
150 151 782 
3
148 151 1182 
3
149 151 1182 
3
150 151 1182 
2
152 155 
2
153 155 
2
154 155 
3
152 155 970 
3
153 155 970 
3
154 155 970 
3
152 155 1098 
3
153 155 1098 
3
154 155 1098 
3
152 155 1110 
3
153 155 1110 
3
154 155 1110 
2
156 159 
2
157 159 
2
158 159 
3
156 159 686 
3
157 159 686 
3
158 159 686 
3
156 159 850 
3
157 159 850 
3
158 159 850 
2
160 163 
2
161 163 
2
162 163 
3
160 163 770 
3
161 163 770 
3
162 163 770 
3
160 163 1110 
3
161 163 1110 
3
162 163 1110 
2
164 167 
2
165 167 
2
166 167 
3
164 167 842 
3
165 167 842 
3
166 167 842 
3
164 167 866 
3
165 167 866 
3
166 167 866 
2
168 171 
2
169 171 
2
170 171 
3
168 171 830 
3
169 171 830 
3
170 171 830 
3
168 171 914 
3
169 171 914 
3
170 171 914 
3
168 171 966 
3
169 171 966 
3
170 171 966 
2
172 175 
2
173 175 
2
174 175 
3
172 175 938 
3
173 175 938 
3
174 175 938 
3
172 175 1042 
3
173 175 1042 
3
174 175 1042 
3
172 175 1198 
3
173 175 1198 
3
174 175 1198 
2
176 179 
2
177 179 
2
178 179 
3
176 179 722 
3
177 179 722 
3
178 179 722 
3
176 179 770 
3
177 179 770 
3
178 179 770 
3
176 179 1190 
3
177 179 1190 
3
178 179 1190 
2
180 183 
2
181 183 
2
182 183 
3
180 183 742 
3
181 183 742 
3
182 183 742 
3
180 183 1002 
3
181 183 1002 
3
182 183 1002 
2
184 187 
2
185 187 
2
186 187 
3
184 187 626 
3
185 187 626 
3
186 187 626 
3
184 187 854 
3
185 187 854 
3
186 187 854 
3
184 187 1070 
3
185 187 1070 
3
186 187 1070 
2
188 191 
2
189 191 
2
190 191 
3
188 191 614 
3
189 191 614 
3
190 191 614 
3
188 191 1194 
3
189 191 1194 
3
190 191 1194 
2
192 195 
2
193 195 
2
194 195 
3
192 195 978 
3
193 195 978 
3
194 195 978 
3
192 195 1054 
3
193 195 1054 
3
194 195 1054 
3
192 195 1090 
3
193 195 1090 
3
194 195 1090 
2
196 199 
2
197 199 
2
198 199 
3
196 199 966 
3
197 199 966 
3
198 199 966 
3
196 199 1022 
3
197 199 1022 
3
198 199 1022 
2
200 203 
2
201 203 
2
202 203 
3
200 203 1090 
3
201 203 1090 
3
202 203 1090 
3
200 203 1118 
3
201 203 1118 
3
202 203 1118 
2
204 207 
2
205 207 
2
206 207 
3
204 207 874 
3
205 207 874 
3
206 207 874 
3
204 207 882 
3
205 207 882 
3
206 207 882 
2
208 211 
2
209 211 
2
210 211 
3
208 211 750 
3
209 211 750 
3
210 211 750 
3
208 211 1006 
3
209 211 1006 
3
210 211 1006 
2
212 215 
2
213 215 
2
214 215 
3
212 215 638 
3
213 215 638 
3
214 215 638 
3
212 215 890 
3
213 215 890 
3
214 215 890 
2
216 219 
2
217 219 
2
218 219 
3
216 219 726 
3
217 219 726 
3
218 219 726 
3
216 219 1130 
3
217 219 1130 
3
218 219 1130 
2
220 223 
2
221 223 
2
222 223 
3
220 223 1086 
3
221 223 1086 
3
222 223 1086 
3
220 223 1138 
3
221 223 1138 
3
222 223 1138 
2
224 227 
2
225 227 
2
226 227 
3
224 227 1022 
3
225 227 1022 
3
226 227 1022 
3
224 227 1050 
3
225 227 1050 
3
226 227 1050 
3
224 227 1102 
3
225 227 1102 
3
226 227 1102 
2
228 231 
2
229 231 
2
230 231 
3
228 231 878 
3
229 231 878 
3
230 231 878 
3
228 231 942 
3
229 231 942 
3
230 231 942 
2
232 235 
2
233 235 
2
234 235 
3
232 235 1066 
3
233 235 1066 
3
234 235 1066 
3
232 235 1082 
3
233 235 1082 
3
234 235 1082 
2
236 239 
2
237 239 
2
238 239 
3
236 239 794 
3
237 239 794 
3
238 239 794 
3
236 239 1042 
3
237 239 1042 
3
238 239 1042 
2
240 243 
2
241 243 
2
242 243 
3
240 243 694 
3
241 243 694 
3
242 243 694 
3
240 243 842 
3
241 243 842 
3
242 243 842 
3
240 243 1130 
3
241 243 1130 
3
242 243 1130 
2
244 247 
2
245 247 
2
246 247 
3
244 247 690 
3
245 247 690 
3
246 247 690 
3
244 247 934 
3
245 247 934 
3
246 247 934 
3
244 247 1074 
3
245 247 1074 
3
246 247 1074 
2
248 251 
2
249 251 
2
250 251 
3
248 251 1030 
3
249 251 1030 
3
250 251 1030 
3
248 251 1150 
3
249 251 1150 
3
250 251 1150 
2
252 255 
2
253 255 
2
254 255 
3
252 255 734 
3
253 255 734 
3
254 255 734 
3
252 255 990 
3
253 255 990 
3
254 255 990 
3
252 255 1166 
3
253 255 1166 
3
254 255 1166 
2
256 259 
2
257 259 
2
258 259 
3
256 259 658 
3
257 259 658 
3
258 259 658 
3
256 259 834 
3
257 259 834 
3
258 259 834 
3
256 259 862 
3
257 259 862 
3
258 259 862 
2
260 263 
2
261 263 
2
262 263 
3
260 263 886 
3
261 263 886 
3
262 263 886 
3
260 263 1106 
3
261 263 1106 
3
262 263 1106 
2
264 267 
2
265 267 
2
266 267 
3
264 267 746 
3
265 267 746 
3
266 267 746 
3
264 267 754 
3
265 267 754 
3
266 267 754 
3
264 267 906 
3
265 267 906 
3
266 267 906 
2
268 271 
2
269 271 
2
270 271 
3
268 271 810 
3
269 271 810 
3
270 271 810 
3
268 271 1066 
3
269 271 1066 
3
270 271 1066 
3
268 271 1134 
3
269 271 1134 
3
270 271 1134 
2
272 275 
2
273 275 
2
274 275 
3
272 275 694 
3
273 275 694 
3
274 275 694 
3
272 275 710 
3
273 275 710 
3
274 275 710 
2
276 279 
2
277 279 
2
278 279 
3
276 279 702 
3
277 279 702 
3
278 279 702 
3
276 279 766 
3
277 279 766 
3
278 279 766 
2
280 283 
2
281 283 
2
282 283 
3
280 283 690 
3
281 283 690 
3
282 283 690 
3
280 283 1050 
3
281 283 1050 
3
282 283 1050 
2
284 287 
2
285 287 
2
286 287 
3
284 287 790 
3
285 287 790 
3
286 287 790 
3
284 287 1106 
3
285 287 1106 
3
286 287 1106 
3
284 287 1126 
3
285 287 1126 
3
286 287 1126 
2
288 291 
2
289 291 
2
290 291 
3
288 291 814 
3
289 291 814 
3
290 291 814 
3
288 291 874 
3
289 291 874 
3
290 291 874 
3
288 291 982 
3
289 291 982 
3
290 291 982 
2
292 295 
2
293 295 
2
294 295 
3
292 295 662 
3
293 295 662 
3
294 295 662 
3
292 295 682 
3
293 295 682 
3
294 295 682 
3
292 295 710 
3
293 295 710 
3
294 295 710 
2
296 299 
2
297 299 
2
298 299 
3
296 299 722 
3
297 299 722 
3
298 299 722 
3
296 299 874 
3
297 299 874 
3
298 299 874 
2
300 303 
2
301 303 
2
302 303 
3
300 303 622 
3
301 303 622 
3
302 303 622 
3
300 303 758 
3
301 303 758 
3
302 303 758 
3
300 303 1094 
3
301 303 1094 
3
302 303 1094 
2
304 307 
2
305 307 
2
306 307 
3
304 307 758 
3
305 307 758 
3
306 307 758 
3
304 307 798 
3
305 307 798 
3
306 307 798 
2
308 311 
2
309 311 
2
310 311 
3
308 311 686 
3
309 311 686 
3
310 311 686 
3
308 311 990 
3
309 311 990 
3
310 311 990 
2
312 315 
2
313 315 
2
314 315 
3
312 315 930 
3
313 315 930 
3
314 315 930 
3
312 315 1058 
3
313 315 1058 
3
314 315 1058 
3
312 315 1114 
3
313 315 1114 
3
314 315 1114 
2
316 319 
2
317 319 
2
318 319 
3
316 319 1134 
3
317 319 1134 
3
318 319 1134 
3
316 319 1170 
3
317 319 1170 
3
318 319 1170 
2
320 323 
2
321 323 
2
322 323 
3
320 323 762 
3
321 323 762 
3
322 323 762 
3
320 323 1130 
3
321 323 1130 
3
322 323 1130 
2
324 327 
2
325 327 
2
326 327 
3
324 327 718 
3
325 327 718 
3
326 327 718 
3
324 327 1074 
3
325 327 1074 
3
326 327 1074 
2
328 331 
2
329 331 
2
330 331 
3
328 331 686 
3
329 331 686 
3
330 331 686 
3
328 331 870 
3
329 331 870 
3
330 331 870 
3
328 331 1030 
3
329 331 1030 
3
330 331 1030 
2
332 335 
2
333 335 
2
334 335 
3
332 335 938 
3
333 335 938 
3
334 335 938 
3
332 335 978 
3
333 335 978 
3
334 335 978 
2
336 339 
2
337 339 
2
338 339 
3
336 339 650 
3
337 339 650 
3
338 339 650 
3
336 339 918 
3
337 339 918 
3
338 339 918 
2
340 343 
2
341 343 
2
342 343 
3
340 343 726 
3
341 343 726 
3
342 343 726 
3
340 343 742 
3
341 343 742 
3
342 343 742 
3
340 343 1170 
3
341 343 1170 
3
342 343 1170 
2
344 347 
2
345 347 
2
346 347 
3
344 347 734 
3
345 347 734 
3
346 347 734 
3
344 347 950 
3
345 347 950 
3
346 347 950 
2
348 351 
2
349 351 
2
350 351 
3
348 351 630 
3
349 351 630 
3
350 351 630 
3
348 351 838 
3
349 351 838 
3
350 351 838 
3
348 351 926 
3
349 351 926 
3
350 351 926 
2
352 355 
2
353 355 
2
354 355 
3
352 355 698 
3
353 355 698 
3
354 355 698 
3
352 355 778 
3
353 355 778 
3
354 355 778 
3
352 355 806 
3
353 355 806 
3
354 355 806 
2
356 359 
2
357 359 
2
358 359 
3
356 359 974 
3
357 359 974 
3
358 359 974 
3
356 359 1186 
3
357 359 1186 
3
358 359 1186 
2
360 363 
2
361 363 
2
362 363 
3
360 363 946 
3
361 363 946 
3
362 363 946 
3
360 363 1102 
3
361 363 1102 
3
362 363 1102 
2
364 367 
2
365 367 
2
366 367 
3
364 367 630 
3
365 367 630 
3
366 367 630 
3
364 367 1114 
3
365 367 1114 
3
366 367 1114 
2
368 371 
2
369 371 
2
370 371 
3
368 371 662 
3
369 371 662 
3
370 371 662 
3
368 371 1006 
3
369 371 1006 
3
370 371 1006 
2
372 375 
2
373 375 
2
374 375 
3
372 375 798 
3
373 375 798 
3
374 375 798 
3
372 375 830 
3
373 375 830 
3
374 375 830 
2
376 379 
2
377 379 
2
378 379 
3
376 379 622 
3
377 379 622 
3
378 379 622 
3
376 379 786 
3
377 379 786 
3
378 379 786 
2
380 383 
2
381 383 
2
382 383 
3
380 383 754 
3
381 383 754 
3
382 383 754 
3
380 383 934 
3
381 383 934 
3
382 383 934 
2
384 387 
2
385 387 
2
386 387 
3
384 387 742 
3
385 387 742 
3
386 387 742 
3
384 387 818 
3
385 387 818 
3
386 387 818 
2
388 391 
2
389 391 
2
390 391 
3
388 391 1082 
3
389 391 1082 
3
390 391 1082 
3
388 391 1122 
3
389 391 1122 
3
390 391 1122 
2
392 395 
2
393 395 
2
394 395 
3
392 395 878 
3
393 395 878 
3
394 395 878 
3
392 395 1142 
3
393 395 1142 
3
394 395 1142 
2
396 399 
2
397 399 
2
398 399 
3
396 399 738 
3
397 399 738 
3
398 399 738 
3
396 399 898 
3
397 399 898 
3
398 399 898 
2
400 403 
2
401 403 
2
402 403 
3
400 403 702 
3
401 403 702 
3
402 403 702 
3
400 403 730 
3
401 403 730 
3
402 403 730 
2
404 407 
2
405 407 
2
406 407 
3
404 407 678 
3
405 407 678 
3
406 407 678 
3
404 407 1014 
3
405 407 1014 
3
406 407 1014 
2
408 411 
2
409 411 
2
410 411 
3
408 411 614 
3
409 411 614 
3
410 411 614 
3
408 411 982 
3
409 411 982 
3
410 411 982 
2
412 415 
2
413 415 
2
414 415 
3
412 415 1078 
3
413 415 1078 
3
414 415 1078 
3
412 415 1158 
3
413 415 1158 
3
414 415 1158 
2
416 419 
2
417 419 
2
418 419 
3
416 419 666 
3
417 419 666 
3
418 419 666 
3
416 419 998 
3
417 419 998 
3
418 419 998 
2
420 423 
2
421 423 
2
422 423 
3
420 423 790 
3
421 423 790 
3
422 423 790 
3
420 423 954 
3
421 423 954 
3
422 423 954 
2
424 427 
2
425 427 
2
426 427 
3
424 427 674 
3
425 427 674 
3
426 427 674 
3
424 427 794 
3
425 427 794 
3
426 427 794 
2
428 431 
2
429 431 
2
430 431 
3
428 431 646 
3
429 431 646 
3
430 431 646 
3
428 431 962 
3
429 431 962 
3
430 431 962 
3
428 431 1082 
3
429 431 1082 
3
430 431 1082 
2
432 435 
2
433 435 
2
434 435 
3
432 435 618 
3
433 435 618 
3
434 435 618 
3
432 435 822 
3
433 435 822 
3
434 435 822 
3
432 435 1154 
3
433 435 1154 
3
434 435 1154 
2
436 439 
2
437 439 
2
438 439 
3
436 439 678 
3
437 439 678 
3
438 439 678 
3
436 439 806 
3
437 439 806 
3
438 439 806 
2
440 443 
2
441 443 
2
442 443 
3
440 443 786 
3
441 443 786 
3
442 443 786 
3
440 443 794 
3
441 443 794 
3
442 443 794 
3
440 443 826 
3
441 443 826 
3
442 443 826 
2
444 447 
2
445 447 
2
446 447 
3
444 447 622 
3
445 447 622 
3
446 447 622 
3
444 447 1154 
3
445 447 1154 
3
446 447 1154 
2
448 451 
2
449 451 
2
450 451 
3
448 451 702 
3
449 451 702 
3
450 451 702 
3
448 451 802 
3
449 451 802 
3
450 451 802 
3
448 451 850 
3
449 451 850 
3
450 451 850 
2
452 455 
2
453 455 
2
454 455 
3
452 455 654 
3
453 455 654 
3
454 455 654 
3
452 455 674 
3
453 455 674 
3
454 455 674 
3
452 455 1018 
3
453 455 1018 
3
454 455 1018 
2
456 459 
2
457 459 
2
458 459 
3
456 459 774 
3
457 459 774 
3
458 459 774 
3
456 459 1006 
3
457 459 1006 
3
458 459 1006 
3
456 459 1158 
3
457 459 1158 
3
458 459 1158 
2
460 463 
2
461 463 
2
462 463 
3
460 463 670 
3
461 463 670 
3
462 463 670 
3
460 463 778 
3
461 463 778 
3
462 463 778 
2
464 467 
2
465 467 
2
466 467 
3
464 467 698 
3
465 467 698 
3
466 467 698 
3
464 467 1098 
3
465 467 1098 
3
466 467 1098 
2
468 471 
2
469 471 
2
470 471 
3
468 471 898 
3
469 471 898 
3
470 471 898 
3
468 471 1062 
3
469 471 1062 
3
470 471 1062 
2
472 475 
2
473 475 
2
474 475 
3
472 475 618 
3
473 475 618 
3
474 475 618 
3
472 475 626 
3
473 475 626 
3
474 475 626 
2
476 479 
2
477 479 
2
478 479 
3
476 479 854 
3
477 479 854 
3
478 479 854 
3
476 479 954 
3
477 479 954 
3
478 479 954 
2
480 483 
2
481 483 
2
482 483 
3
480 483 606 
3
481 483 606 
3
482 483 606 
3
480 483 778 
3
481 483 778 
3
482 483 778 
2
484 487 
2
485 487 
2
486 487 
3
484 487 730 
3
485 487 730 
3
486 487 730 
3
484 487 750 
3
485 487 750 
3
486 487 750 
3
484 487 894 
3
485 487 894 
3
486 487 894 
2
488 491 
2
489 491 
2
490 491 
3
488 491 706 
3
489 491 706 
3
490 491 706 
3
488 491 906 
3
489 491 906 
3
490 491 906 
2
492 495 
2
493 495 
2
494 495 
3
492 495 746 
3
493 495 746 
3
494 495 746 
3
492 495 1058 
3
493 495 1058 
3
494 495 1058 
2
496 499 
2
497 499 
2
498 499 
3
496 499 1018 
3
497 499 1018 
3
498 499 1018 
3
496 499 1162 
3
497 499 1162 
3
498 499 1162 
2
500 503 
2
501 503 
2
502 503 
3
500 503 714 
3
501 503 714 
3
502 503 714 
3
500 503 1078 
3
501 503 1078 
3
502 503 1078 
3
500 503 1146 
3
501 503 1146 
3
502 503 1146 
2
504 507 
2
505 507 
2
506 507 
3
504 507 602 
3
505 507 602 
3
506 507 602 
3
504 507 738 
3
505 507 738 
3
506 507 738 
3
504 507 1118 
3
505 507 1118 
3
506 507 1118 
2
508 511 
2
509 511 
2
510 511 
3
508 511 706 
3
509 511 706 
3
510 511 706 
3
508 511 882 
3
509 511 882 
3
510 511 882 
3
508 511 1014 
3
509 511 1014 
3
510 511 1014 
2
512 515 
2
513 515 
2
514 515 
3
512 515 782 
3
513 515 782 
3
514 515 782 
3
512 515 1074 
3
513 515 1074 
3
514 515 1074 
2
516 519 
2
517 519 
2
518 519 
3
516 519 634 
3
517 519 634 
3
518 519 634 
3
516 519 1098 
3
517 519 1098 
3
518 519 1098 
2
520 523 
2
521 523 
2
522 523 
3
520 523 706 
3
521 523 706 
3
522 523 706 
3
520 523 994 
3
521 523 994 
3
522 523 994 
2
524 527 
2
525 527 
2
526 527 
3
524 527 986 
3
525 527 986 
3
526 527 986 
3
524 527 1010 
3
525 527 1010 
3
526 527 1010 
3
524 527 1194 
3
525 527 1194 
3
526 527 1194 
2
528 531 
2
529 531 
2
530 531 
3
528 531 714 
3
529 531 714 
3
530 531 714 
3
528 531 1078 
3
529 531 1078 
3
530 531 1078 
2
532 535 
2
533 535 
2
534 535 
3
532 535 638 
3
533 535 638 
3
534 535 638 
3
532 535 810 
3
533 535 810 
3
534 535 810 
2
536 539 
2
537 539 
2
538 539 
3
536 539 670 
3
537 539 670 
3
538 539 670 
3
536 539 890 
3
537 539 890 
3
538 539 890 
3
536 539 954 
3
537 539 954 
3
538 539 954 
2
540 543 
2
541 543 
2
542 543 
3
540 543 818 
3
541 543 818 
3
542 543 818 
3
540 543 898 
3
541 543 898 
3
542 543 898 
3
540 543 1046 
3
541 543 1046 
3
542 543 1046 
2
544 547 
2
545 547 
2
546 547 
3
544 547 626 
3
545 547 626 
3
546 547 626 
3
544 547 834 
3
545 547 834 
3
546 547 834 
2
548 551 
2
549 551 
2
550 551 
3
548 551 798 
3
549 551 798 
3
550 551 798 
3
548 551 846 
3
549 551 846 
3
550 551 846 
3
548 551 918 
3
549 551 918 
3
550 551 918 
2
552 555 
2
553 555 
2
554 555 
3
552 555 638 
3
553 555 638 
3
554 555 638 
3
552 555 1002 
3
553 555 1002 
3
554 555 1002 
3
552 555 1034 
3
553 555 1034 
3
554 555 1034 
2
556 559 
2
557 559 
2
558 559 
3
556 559 734 
3
557 559 734 
3
558 559 734 
3
556 559 1054 
3
557 559 1054 
3
558 559 1054 
2
560 563 
2
561 563 
2
562 563 
3
560 563 658 
3
561 563 658 
3
562 563 658 
3
560 563 970 
3
561 563 970 
3
562 563 970 
2
564 567 
2
565 567 
2
566 567 
3
564 567 894 
3
565 567 894 
3
566 567 894 
3
564 567 926 
3
565 567 926 
3
566 567 926 
2
568 571 
2
569 571 
2
570 571 
3
568 571 994 
3
569 571 994 
3
570 571 994 
3
568 571 1174 
3
569 571 1174 
3
570 571 1174 
3
568 571 1186 
3
569 571 1186 
3
570 571 1186 
2
572 575 
2
573 575 
2
574 575 
3
572 575 754 
3
573 575 754 
3
574 575 754 
3
572 575 1182 
3
573 575 1182 
3
574 575 1182 
2
576 579 
2
577 579 
2
578 579 
3
576 579 958 
3
577 579 958 
3
578 579 958 
3
576 579 1070 
3
577 579 1070 
3
578 579 1070 
2
580 583 
2
581 583 
2
582 583 
3
580 583 814 
3
581 583 814 
3
582 583 814 
3
580 583 1134 
3
581 583 1134 
3
582 583 1134 
2
584 587 
2
585 587 
2
586 587 
3
584 587 866 
3
585 587 866 
3
586 587 866 
3
584 587 1146 
3
585 587 1146 
3
586 587 1146 
2
588 591 
2
589 591 
2
590 591 
3
588 591 658 
3
589 591 658 
3
590 591 658 
3
588 591 962 
3
589 591 962 
3
590 591 962 
2
592 595 
2
593 595 
2
594 595 
3
592 595 614 
3
593 595 614 
3
594 595 614 
3
592 595 950 
3
593 595 950 
3
594 595 950 
3
592 595 1122 
3
593 595 1122 
3
594 595 1122 
2
596 599 
2
597 599 
2
598 599 
3
596 599 802 
3
597 599 802 
3
598 599 802 
3
596 599 986 
3
597 599 986 
3
598 599 986 
2
600 603 
2
601 603 
2
602 603 
3
600 603 1302 
3
601 603 1302 
3
602 603 1302 
3
600 603 1344 
3
601 603 1344 
3
602 603 1344 
3
600 603 1364 
3
601 603 1364 
3
602 603 1364 
2
604 607 
2
605 607 
2
606 607 
3
604 607 1242 
3
605 607 1242 
3
606 607 1242 
3
604 607 1372 
3
605 607 1372 
3
606 607 1372 
2
608 611 
2
609 611 
2
610 611 
3
608 611 1392 
3
609 611 1392 
3
610 611 1392 
3
608 611 1396 
3
609 611 1396 
3
610 611 1396 
2
612 615 
2
613 615 
2
614 615 
3
612 615 1240 
3
613 615 1240 
3
614 615 1240 
3
612 615 1244 
3
613 615 1244 
3
614 615 1244 
3
612 615 1334 
3
613 615 1334 
3
614 615 1334 
2
616 619 
2
617 619 
2
618 619 
3
616 619 1214 
3
617 619 1214 
3
618 619 1214 
3
616 619 1338 
3
617 619 1338 
3
618 619 1338 
2
620 623 
2
621 623 
2
622 623 
3
620 623 1228 
3
621 623 1228 
3
622 623 1228 
3
620 623 1324 
3
621 623 1324 
3
622 623 1324 
3
620 623 1488 
3
621 623 1488 
3
622 623 1488 
2
624 627 
2
625 627 
2
626 627 
3
624 627 1338 
3
625 627 1338 
3
626 627 1338 
3
624 627 1436 
3
625 627 1436 
3
626 627 1436 
3
624 627 1466 
3
625 627 1466 
3
626 627 1466 
2
628 631 
2
629 631 
2
630 631 
3
628 631 1272 
3
629 631 1272 
3
630 631 1272 
3
628 631 1312 
3
629 631 1312 
3
630 631 1312 
3
628 631 1380 
3
629 631 1380 
3
630 631 1380 
2
632 635 
2
633 635 
2
634 635 
3
632 635 1298 
3
633 635 1298 
3
634 635 1298 
3
632 635 1432 
3
633 635 1432 
3
634 635 1432 
2
636 639 
2
637 639 
2
638 639 
3
636 639 1226 
3
637 639 1226 
3
638 639 1226 
3
636 639 1258 
3
637 639 1258 
3
638 639 1258 
3
636 639 1398 
3
637 639 1398 
3
638 639 1398 
2
640 643 
2
641 643 
2
642 643 
3
640 643 1386 
3
641 643 1386 
3
642 643 1386 
3
640 643 1476 
3
641 643 1476 
3
642 643 1476 
2
644 647 
2
645 647 
2
646 647 
3
644 647 1452 
3
645 647 1452 
3
646 647 1452 
3
644 647 1492 
3
645 647 1492 
3
646 647 1492 
2
648 651 
2
649 651 
2
650 651 
3
648 651 1210 
3
649 651 1210 
3
650 651 1210 
3
648 651 1424 
3
649 651 1424 
3
650 651 1424 
3
648 651 1440 
3
649 651 1440 
3
650 651 1440 
2
652 655 
2
653 655 
2
654 655 
3
652 655 1424 
3
653 655 1424 
3
654 655 1424 
3
652 655 1438 
3
653 655 1438 
3
654 655 1438 
2
656 659 
2
657 659 
2
658 659 
3
656 659 1214 
3
657 659 1214 
3
658 659 1214 
3
656 659 1274 
3
657 659 1274 
3
658 659 1274 
3
656 659 1370 
3
657 659 1370 
3
658 659 1370 
2
660 663 
2
661 663 
2
662 663 
3
660 663 1358 
3
661 663 1358 
3
662 663 1358 
3
660 663 1476 
3
661 663 1476 
3
662 663 1476 
2
664 667 
2
665 667 
2
666 667 
3
664 667 1390 
3
665 667 1390 
3
666 667 1390 
3
664 667 1442 
3
665 667 1442 
3
666 667 1442 
2
668 671 
2
669 671 
2
670 671 
3
668 671 1218 
3
669 671 1218 
3
670 671 1218 
3
668 671 1296 
3
669 671 1296 
3
670 671 1296 
2
672 675 
2
673 675 
2
674 675 
3
672 675 1350 
3
673 675 1350 
3
674 675 1350 
3
672 675 1410 
3
673 675 1410 
3
674 675 1410 
2
676 679 
2
677 679 
2
678 679 
3
676 679 1246 
3
677 679 1246 
3
678 679 1246 
3
676 679 1450 
3
677 679 1450 
3
678 679 1450 
3
676 679 1456 
3
677 679 1456 
3
678 679 1456 
2
680 683 
2
681 683 
2
682 683 
3
680 683 1400 
3
681 683 1400 
3
682 683 1400 
3
680 683 1484 
3
681 683 1484 
3
682 683 1484 
2
684 687 
2
685 687 
2
686 687 
3
684 687 1200 
3
685 687 1200 
3
686 687 1200 
3
684 687 1322 
3
685 687 1322 
3
686 687 1322 
3
684 687 1354 
3
685 687 1354 
3
686 687 1354 
2
688 691 
2
689 691 
2
690 691 
3
688 691 1236 
3
689 691 1236 
3
690 691 1236 
3
688 691 1248 
3
689 691 1248 
3
690 691 1248 
2
692 695 
2
693 695 
2
694 695 
3
692 695 1356 
3
693 695 1356 
3
694 695 1356 
3
692 695 1490 
3
693 695 1490 
3
694 695 1490 
2
696 699 
2
697 699 
2
698 699 
3
696 699 1294 
3
697 699 1294 
3
698 699 1294 
3
696 699 1310 
3
697 699 1310 
3
698 699 1310 
2
700 703 
2
701 703 
2
702 703 
3
700 703 1384 
3
701 703 1384 
3
702 703 1384 
3
700 703 1388 
3
701 703 1388 
3
702 703 1388 
3
700 703 1460 
3
701 703 1460 
3
702 703 1460 
2
704 707 
2
705 707 
2
706 707 
3
704 707 1236 
3
705 707 1236 
3
706 707 1236 
3
704 707 1250 
3
705 707 1250 
3
706 707 1250 
3
704 707 1408 
3
705 707 1408 
3
706 707 1408 
2
708 711 
2
709 711 
2
710 711 
3
708 711 1206 
3
709 711 1206 
3
710 711 1206 
3
708 711 1356 
3
709 711 1356 
3
710 711 1356 
3
708 711 1464 
3
709 711 1464 
3
710 711 1464 
2
712 715 
2
713 715 
2
714 715 
3
712 715 1442 
3
713 715 1442 
3
714 715 1442 
3
712 715 1498 
3
713 715 1498 
3
714 715 1498 
2
716 719 
2
717 719 
2
718 719 
3
716 719 1218 
3
717 719 1218 
3
718 719 1218 
3
716 719 1374 
3
717 719 1374 
3
718 719 1374 
2
720 723 
2
721 723 
2
722 723 
3
720 723 1354 
3
721 723 1354 
3
722 723 1354 
3
720 723 1480 
3
721 723 1480 
3
722 723 1480 
2
724 727 
2
725 727 
2
726 727 
3
724 727 1252 
3
725 727 1252 
3
726 727 1252 
3
724 727 1268 
3
725 727 1268 
3
726 727 1268 
2
728 731 
2
729 731 
2
730 731 
3
728 731 1388 
3
729 731 1388 
3
730 731 1388 
3
728 731 1422 
3
729 731 1422 
3
730 731 1422 
2
732 735 
2
733 735 
2
734 735 
3
732 735 1220 
3
733 735 1220 
3
734 735 1220 
3
732 735 1270 
3
733 735 1270 
3
734 735 1270 
3
732 735 1492 
3
733 735 1492 
3
734 735 1492 
2
736 739 
2
737 739 
2
738 739 
3
736 739 1216 
3
737 739 1216 
3
738 739 1216 
3
736 739 1342 
3
737 739 1342 
3
738 739 1342 
2
740 743 
2
741 743 
2
742 743 
3
740 743 1202 
3
741 743 1202 
3
742 743 1202 
3
740 743 1366 
3
741 743 1366 
3
742 743 1366 
3
740 743 1378 
3
741 743 1378 
3
742 743 1378 
2
744 747 
2
745 747 
2
746 747 
3
744 747 1210 
3
745 747 1210 
3
746 747 1210 
3
744 747 1300 
3
745 747 1300 
3
746 747 1300 
2
748 751 
2
749 751 
2
750 751 
3
748 751 1264 
3
749 751 1264 
3
750 751 1264 
3
748 751 1328 
3
749 751 1328 
3
750 751 1328 
2
752 755 
2
753 755 
2
754 755 
3
752 755 1266 
3
753 755 1266 
3
754 755 1266 
3
752 755 1372 
3
753 755 1372 
3
754 755 1372 
3
752 755 1406 
3
753 755 1406 
3
754 755 1406 
2
756 759 
2
757 759 
2
758 759 
3
756 759 1416 
3
757 759 1416 
3
758 759 1416 
3
756 759 1432 
3
757 759 1432 
3
758 759 1432 
2
760 763 
2
761 763 
2
762 763 
3
760 763 1302 
3
761 763 1302 
3
762 763 1302 
3
760 763 1494 
3
761 763 1494 
3
762 763 1494 
2
764 767 
2
765 767 
2
766 767 
3
764 767 1280 
3
765 767 1280 
3
766 767 1280 
3
764 767 1384 
3
765 767 1384 
3
766 767 1384 
2
768 771 
2
769 771 
2
770 771 
3
768 771 1252 
3
769 771 1252 
3
770 771 1252 
3
768 771 1346 
3
769 771 1346 
3
770 771 1346 
3
768 771 1426 
3
769 771 1426 
3
770 771 1426 
2
772 775 
2
773 775 
2
774 775 
3
772 775 1344 
3
773 775 1344 
3
774 775 1344 
3
772 775 1460 
3
773 775 1460 
3
774 775 1460 
2
776 779 
2
777 779 
2
778 779 
3
776 779 1242 
3
777 779 1242 
3
778 779 1242 
3
776 779 1296 
3
777 779 1296 
3
778 779 1296 
3
776 779 1430 
3
777 779 1430 
3
778 779 1430 
2
780 783 
2
781 783 
2
782 783 
3
780 783 1284 
3
781 783 1284 
3
782 783 1284 
3
780 783 1334 
3
781 783 1334 
3
782 783 1334 
2
784 787 
2
785 787 
2
786 787 
3
784 787 1258 
3
785 787 1258 
3
786 787 1258 
3
784 787 1324 
3
785 787 1324 
3
786 787 1324 
2
788 791 
2
789 791 
2
790 791 
3
788 791 1202 
3
789 791 1202 
3
790 791 1202 
3
788 791 1230 
3
789 791 1230 
3
790 791 1230 
2
792 795 
2
793 795 
2
794 795 
3
792 795 1204 
3
793 795 1204 
3
794 795 1204 
3
792 795 1350 
3
793 795 1350 
3
794 795 1350 
3
792 795 1472 
3
793 795 1472 
3
794 795 1472 
2
796 799 
2
797 799 
2
798 799 
3
796 799 1216 
3
797 799 1216 
3
798 799 1216 
3
796 799 1382 
3
797 799 1382 
3
798 799 1382 
3
796 799 1416 
3
797 799 1416 
3
798 799 1416 
2
800 803 
2
801 803 
2
802 803 
3
800 803 1420 
3
801 803 1420 
3
802 803 1420 
3
800 803 1462 
3
801 803 1462 
3
802 803 1462 
2
804 807 
2
805 807 
2
806 807 
3
804 807 1246 
3
805 807 1246 
3
806 807 1246 
3
804 807 1434 
3
805 807 1434 
3
806 807 1434 
2
808 811 
2
809 811 
2
810 811 
3
808 811 1214 
3
809 811 1214 
3
810 811 1214 
3
808 811 1398 
3
809 811 1398 
3
810 811 1398 
2
812 815 
2
813 815 
2
814 815 
3
812 815 1380 
3
813 815 1380 
3
814 815 1380 
3
812 815 1448 
3
813 815 1448 
3
814 815 1448 
2
816 819 
2
817 819 
2
818 819 
3
816 819 1290 
3
817 819 1290 
3
818 819 1290 
3
816 819 1378 
3
817 819 1378 
3
818 819 1378 
2
820 823 
2
821 823 
2
822 823 
3
820 823 1288 
3
821 823 1288 
3
822 823 1288 
3
820 823 1306 
3
821 823 1306 
3
822 823 1306 
3
820 823 1314 
3
821 823 1314 
3
822 823 1314 
2
824 827 
2
825 827 
2
826 827 
3
824 827 1254 
3
825 827 1254 
3
826 827 1254 
3
824 827 1290 
3
825 827 1290 
3
826 827 1290 
2
828 831 
2
829 831 
2
830 831 
3
828 831 1210 
3
829 831 1210 
3
830 831 1210 
3
828 831 1382 
3
829 831 1382 
3
830 831 1382 
2
832 835 
2
833 835 
2
834 835 
3
832 835 1228 
3
833 835 1228 
3
834 835 1228 
3
832 835 1436 
3
833 835 1436 
3
834 835 1436 
2
836 839 
2
837 839 
2
838 839 
3
836 839 1204 
3
837 839 1204 
3
838 839 1204 
3
836 839 1206 
3
837 839 1206 
3
838 839 1206 
2
840 843 
2
841 843 
2
842 843 
3
840 843 1216 
3
841 843 1216 
3
842 843 1216 
3
840 843 1360 
3
841 843 1360 
3
842 843 1360 
2
844 847 
2
845 847 
2
846 847 
3
844 847 1288 
3
845 847 1288 
3
846 847 1288 
3
844 847 1412 
3
845 847 1412 
3
846 847 1412 
2
848 851 
2
849 851 
2
850 851 
3
848 851 1202 
3
849 851 1202 
3
850 851 1202 
3
848 851 1322 
3
849 851 1322 
3
850 851 1322 
2
852 855 
2
853 855 
2
854 855 
3
852 855 1464 
3
853 855 1464 
3
854 855 1464 
3
852 855 1496 
3
853 855 1496 
3
854 855 1496 
2
856 859 
2
857 859 
2
858 859 
3
856 859 1262 
3
857 859 1262 
3
858 859 1262 
3
856 859 1418 
3
857 859 1418 
3
858 859 1418 
2
860 863 
2
861 863 
2
862 863 
3
860 863 1208 
3
861 863 1208 
3
862 863 1208 
3
860 863 1334 
3
861 863 1334 
3
862 863 1334 
2
864 867 
2
865 867 
2
866 867 
3
864 867 1280 
3
865 867 1280 
3
866 867 1280 
3
864 867 1320 
3
865 867 1320 
3
866 867 1320 
3
864 867 1360 
3
865 867 1360 
3
866 867 1360 
2
868 871 
2
869 871 
2
870 871 
3
868 871 1262 
3
869 871 1262 
3
870 871 1262 
3
868 871 1276 
3
869 871 1276 
3
870 871 1276 
2
872 875 
2
873 875 
2
874 875 
3
872 875 1278 
3
873 875 1278 
3
874 875 1278 
3
872 875 1478 
3
873 875 1478 
3
874 875 1478 
3
872 875 1480 
3
873 875 1480 
3
874 875 1480 
2
876 879 
2
877 879 
2
878 879 
3
876 879 1222 
3
877 879 1222 
3
878 879 1222 
3
876 879 1290 
3
877 879 1290 
3
878 879 1290 
3
876 879 1326 
3
877 879 1326 
3
878 879 1326 
2
880 883 
2
881 883 
2
882 883 
3
880 883 1264 
3
881 883 1264 
3
882 883 1264 
3
880 883 1278 
3
881 883 1278 
3
882 883 1278 
2
884 887 
2
885 887 
2
886 887 
3
884 887 1282 
3
885 887 1282 
3
886 887 1282 
3
884 887 1414 
3
885 887 1414 
3
886 887 1414 
2
888 891 
2
889 891 
2
890 891 
3
888 891 1224 
3
889 891 1224 
3
890 891 1224 
3
888 891 1226 
3
889 891 1226 
3
890 891 1226 
2
892 895 
2
893 895 
2
894 895 
3
892 895 1264 
3
893 895 1264 
3
894 895 1264 
3
892 895 1368 
3
893 895 1368 
3
894 895 1368 
3
892 895 1428 
3
893 895 1428 
3
894 895 1428 
2
896 899 
2
897 899 
2
898 899 
3
896 899 1234 
3
897 899 1234 
3
898 899 1234 
3
896 899 1342 
3
897 899 1342 
3
898 899 1342 
3
896 899 1348 
3
897 899 1348 
3
898 899 1348 
2
900 903 
2
901 903 
2
902 903 
3
900 903 1352 
3
901 903 1352 
3
902 903 1352 
3
900 903 1454 
3
901 903 1454 
3
902 903 1454 
2
904 907 
2
905 907 
2
906 907 
3
904 907 1238 
3
905 907 1238 
3
906 907 1238 
3
904 907 1408 
3
905 907 1408 
3
906 907 1408 
2
908 911 
2
909 911 
2
910 911 
3
908 911 1212 
3
909 911 1212 
3
910 911 1212 
3
908 911 1452 
3
909 911 1452 
3
910 911 1452 
3
908 911 1490 
3
909 911 1490 
3
910 911 1490 
2
912 915 
2
913 915 
2
914 915 
3
912 915 1294 
3
913 915 1294 
3
914 915 1294 
3
912 915 1368 
3
913 915 1368 
3
914 915 1368 
2
916 919 
2
917 919 
2
918 919 
3
916 919 1224 
3
917 919 1224 
3
918 919 1224 
3
916 919 1440 
3
917 919 1440 
3
918 919 1440 
2
920 923 
2
921 923 
2
922 923 
3
920 923 1256 
3
921 923 1256 
3
922 923 1256 
3
920 923 1306 
3
921 923 1306 
3
922 923 1306 
2
924 927 
2
925 927 
2
926 927 
3
924 927 1380 
3
925 927 1380 
3
926 927 1380 
3
924 927 1428 
3
925 927 1428 
3
926 927 1428 
2
928 931 
2
929 931 
2
930 931 
3
928 931 1402 
3
929 931 1402 
3
930 931 1402 
3
928 931 1438 
3
929 931 1438 
3
930 931 1438 
2
932 935 
2
933 935 
2
934 935 
3
932 935 1266 
3
933 935 1266 
3
934 935 1266 
3
932 935 1306 
3
933 935 1306 
3
934 935 1306 
2
936 939 
2
937 939 
2
938 939 
3
936 939 1292 
3
937 939 1292 
3
938 939 1292 
3
936 939 1318 
3
937 939 1318 
3
938 939 1318 
3
936 939 1468 
3
937 939 1468 
3
938 939 1468 
2
940 943 
2
941 943 
2
942 943 
3
940 943 1222 
3
941 943 1222 
3
942 943 1222 
3
940 943 1258 
3
941 943 1258 
3
942 943 1258 
2
944 947 
2
945 947 
2
946 947 
3
944 947 1286 
3
945 947 1286 
3
946 947 1286 
3
944 947 1352 
3
945 947 1352 
3
946 947 1352 
3
944 947 1418 
3
945 947 1418 
3
946 947 1418 
2
948 951 
2
949 951 
2
950 951 
3
948 951 1270 
3
949 951 1270 
3
950 951 1270 
3
948 951 1490 
3
949 951 1490 
3
950 951 1490 
2
952 955 
2
953 955 
2
954 955 
3
952 955 1218 
3
953 955 1218 
3
954 955 1218 
3
952 955 1230 
3
953 955 1230 
3
954 955 1230 
3
952 955 1496 
3
953 955 1496 
3
954 955 1496 
2
956 959 
2
957 959 
2
958 959 
3
956 959 1304 
3
957 959 1304 
3
958 959 1304 
3
956 959 1396 
3
957 959 1396 
3
958 959 1396 
3
956 959 1444 
3
957 959 1444 
3
958 959 1444 
2
960 963 
2
961 963 
2
962 963 
3
960 963 1238 
3
961 963 1238 
3
962 963 1238 
3
960 963 1370 
3
961 963 1370 
3
962 963 1370 
2
964 967 
2
965 967 
2
966 967 
3
964 967 1224 
3
965 967 1224 
3
966 967 1224 
3
964 967 1308 
3
965 967 1308 
3
966 967 1308 
3
964 967 1404 
3
965 967 1404 
3
966 967 1404 
2
968 971 
2
969 971 
2
970 971 
3
968 971 1274 
3
969 971 1274 
3
970 971 1274 
3
968 971 1410 
3
969 971 1410 
3
970 971 1410 
2
972 975 
2
973 975 
2
974 975 
3
972 975 1254 
3
973 975 1254 
3
974 975 1254 
3
972 975 1362 
3
973 975 1362 
3
974 975 1362 
3
972 975 1412 
3
973 975 1412 
3
974 975 1412 
2
976 979 
2
977 979 
2
978 979 
3
976 979 1292 
3
977 979 1292 
3
978 979 1292 
3
976 979 1302 
3
977 979 1302 
3
978 979 1302 
2
980 983 
2
981 983 
2
982 983 
3
980 983 1244 
3
981 983 1244 
3
982 983 1244 
3
980 983 1392 
3
981 983 1392 
3
982 983 1392 
2
984 987 
2
985 987 
2
986 987 
3
984 987 1410 
3
985 987 1410 
3
986 987 1410 
3
984 987 1446 
3
985 987 1446 
3
986 987 1446 
3
984 987 1462 
3
985 987 1462 
3
986 987 1462 
2
988 991 
2
989 991 
2
990 991 
3
988 991 1200 
3
989 991 1200 
3
990 991 1200 
3
988 991 1336 
3
989 991 1336 
3
990 991 1336 
2
992 995 
2
993 995 
2
994 995 
3
992 995 1250 
3
993 995 1250 
3
994 995 1250 
3
992 995 1422 
3
993 995 1422 
3
994 995 1422 
2
996 999 
2
997 999 
2
998 999 
3
996 999 1386 
3
997 999 1386 
3
998 999 1386 
3
996 999 1390 
3
997 999 1390 
3
998 999 1390 
3
996 999 1420 
3
997 999 1420 
3
998 999 1420 
2
1000 1003 
2
1001 1003 
2
1002 1003 
3
1000 1003 1352 
3
1001 1003 1352 
3
1002 1003 1352 
3
1000 1003 1366 
3
1001 1003 1366 
3
1002 1003 1366 
2
1004 1007 
2
1005 1007 
2
1006 1007 
3
1004 1007 1328 
3
1005 1007 1328 
3
1006 1007 1328 
3
1004 1007 1358 
3
1005 1007 1358 
3
1006 1007 1358 
3
1004 1007 1438 
3
1005 1007 1438 
3
1006 1007 1438 
2
1008 1011 
2
1009 1011 
2
1010 1011 
3
1008 1011 1308 
3
1009 1011 1308 
3
1010 1011 1308 
3
1008 1011 1412 
3
1009 1011 1412 
3
1010 1011 1412 
2
1012 1015 
2
1013 1015 
2
1014 1015 
3
1012 1015 1354 
3
1013 1015 1354 
3
1014 1015 1354 
3
1012 1015 1456 
3
1013 1015 1456 
3
1014 1015 1456 
2
1016 1019 
2
1017 1019 
2
1018 1019 
3
1016 1019 1294 
3
1017 1019 1294 
3
1018 1019 1294 
3
1016 1019 1376 
3
1017 1019 1376 
3
1018 1019 1376 
3
1016 1019 1470 
3
1017 1019 1470 
3
1018 1019 1470 
2
1020 1023 
2
1021 1023 
2
1022 1023 
3
1020 1023 1404 
3
1021 1023 1404 
3
1022 1023 1404 
3
1020 1023 1450 
3
1021 1023 1450 
3
1022 1023 1450 
2
1024 1027 
2
1025 1027 
2
1026 1027 
3
1024 1027 1458 
3
1025 1027 1458 
3
1026 1027 1458 
3
1024 1027 1466 
3
1025 1027 1466 
3
1026 1027 1466 
2
1028 1031 
2
1029 1031 
2
1030 1031 
3
1028 1031 1232 
3
1029 1031 1232 
3
1030 1031 1232 
3
1028 1031 1460 
3
1029 1031 1460 
3
1030 1031 1460 
2
1032 1035 
2
1033 1035 
2
1034 1035 
3
1032 1035 1318 
3
1033 1035 1318 
3
1034 1035 1318 
3
1032 1035 1486 
3
1033 1035 1486 
3
1034 1035 1486 
2
1036 1039 
2
1037 1039 
2
1038 1039 
3
1036 1039 1314 
3
1037 1039 1314 
3
1038 1039 1314 
3
1036 1039 1434 
3
1037 1039 1434 
3
1038 1039 1434 
2
1040 1043 
2
1041 1043 
2
1042 1043 
3
1040 1043 1236 
3
1041 1043 1236 
3
1042 1043 1236 
3
1040 1043 1472 
3
1041 1043 1472 
3
1042 1043 1472 
2
1044 1047 
2
1045 1047 
2
1046 1047 
3
1044 1047 1272 
3
1045 1047 1272 
3
1046 1047 1272 
3
1044 1047 1420 
3
1045 1047 1420 
3
1046 1047 1420 
2
1048 1051 
2
1049 1051 
2
1050 1051 
3
1048 1051 1248 
3
1049 1051 1248 
3
1050 1051 1248 
3
1048 1051 1276 
3
1049 1051 1276 
3
1050 1051 1276 
3
1048 1051 1486 
3
1049 1051 1486 
3
1050 1051 1486 
2
1052 1055 
2
1053 1055 
2
1054 1055 
3
1052 1055 1220 
3
1053 1055 1220 
3
1054 1055 1220 
3
1052 1055 1234 
3
1053 1055 1234 
3
1054 1055 1234 
2
1056 1059 
2
1057 1059 
2
1058 1059 
3
1056 1059 1300 
3
1057 1059 1300 
3
1058 1059 1300 
3
1056 1059 1340 
3
1057 1059 1340 
3
1058 1059 1340 
3
1056 1059 1454 
3
1057 1059 1454 
3
1058 1059 1454 
2
1060 1063 
2
1061 1063 
2
1062 1063 
3
1060 1063 1336 
3
1061 1063 1336 
3
1062 1063 1336 
3
1060 1063 1348 
3
1061 1063 1348 
3
1062 1063 1348 
2
1064 1067 
2
1065 1067 
2
1066 1067 
3
1064 1067 1304 
3
1065 1067 1304 
3
1066 1067 1304 
3
1064 1067 1482 
3
1065 1067 1482 
3
1066 1067 1482 
2
1068 1071 
2
1069 1071 
2
1070 1071 
3
1068 1071 1444 
3
1069 1071 1444 
3
1070 1071 1444 
3
1068 1071 1478 
3
1069 1071 1478 
3
1070 1071 1478 
2
1072 1075 
2
1073 1075 
2
1074 1075 
3
1072 1075 1284 
3
1073 1075 1284 
3
1074 1075 1284 
3
1072 1075 1374 
3
1073 1075 1374 
3
1074 1075 1374 
3
1072 1075 1422 
3
1073 1075 1422 
3
1074 1075 1422 
2
1076 1079 
2
1077 1079 
2
1078 1079 
3
1076 1079 1260 
3
1077 1079 1260 
3
1078 1079 1260 
3
1076 1079 1282 
3
1077 1079 1282 
3
1078 1079 1282 
3
1076 1079 1498 
3
1077 1079 1498 
3
1078 1079 1498 
2
1080 1083 
2
1081 1083 
2
1082 1083 
3
1080 1083 1316 
3
1081 1083 1316 
3
1082 1083 1316 
3
1080 1083 1442 
3
1081 1083 1442 
3
1082 1083 1442 
3
1080 1083 1482 
3
1081 1083 1482 
3
1082 1083 1482 
2
1084 1087 
2
1085 1087 
2
1086 1087 
3
1084 1087 1474 
3
1085 1087 1474 
3
1086 1087 1474 
3
1084 1087 1478 
3
1085 1087 1478 
3
1086 1087 1478 
2
1088 1091 
2
1089 1091 
2
1090 1091 
3
1088 1091 1238 
3
1089 1091 1238 
3
1090 1091 1238 
3
1088 1091 1256 
3
1089 1091 1256 
3
1090 1091 1256 
3
1088 1091 1394 
3
1089 1091 1394 
3
1090 1091 1394 
2
1092 1095 
2
1093 1095 
2
1094 1095 
3
1092 1095 1280 
3
1093 1095 1280 
3
1094 1095 1280 
3
1092 1095 1364 
3
1093 1095 1364 
3
1094 1095 1364 
2
1096 1099 
2
1097 1099 
2
1098 1099 
3
1096 1099 1298 
3
1097 1099 1298 
3
1098 1099 1298 
3
1096 1099 1310 
3
1097 1099 1310 
3
1098 1099 1310 
3
1096 1099 1392 
3
1097 1099 1392 
3
1098 1099 1392 
2
1100 1103 
2
1101 1103 
2
1102 1103 
3
1100 1103 1286 
3
1101 1103 1286 
3
1102 1103 1286 
3
1100 1103 1468 
3
1101 1103 1468 
3
1102 1103 1468 
2
1104 1107 
2
1105 1107 
2
1106 1107 
3
1104 1107 1330 
3
1105 1107 1330 
3
1106 1107 1330 
3
1104 1107 1336 
3
1105 1107 1336 
3
1106 1107 1336 
3
1104 1107 1414 
3
1105 1107 1414 
3
1106 1107 1414 
2
1108 1111 
2
1109 1111 
2
1110 1111 
3
1108 1111 1234 
3
1109 1111 1234 
3
1110 1111 1234 
3
1108 1111 1426 
3
1109 1111 1426 
3
1110 1111 1426 
2
1112 1115 
2
1113 1115 
2
1114 1115 
3
1112 1115 1304 
3
1113 1115 1304 
3
1114 1115 1304 
3
1112 1115 1312 
3
1113 1115 1312 
3
1114 1115 1312 
2
1116 1119 
2
1117 1119 
2
1118 1119 
3
1116 1119 1394 
3
1117 1119 1394 
3
1118 1119 1394 
3
1116 1119 1484 
3
1117 1119 1484 
3
1118 1119 1484 
2
1120 1123 
2
1121 1123 
2
1122 1123 
3
1120 1123 1316 
3
1121 1123 1316 
3
1122 1123 1316 
3
1120 1123 1430 
3
1121 1123 1430 
3
1122 1123 1430 
2
1124 1127 
2
1125 1127 
2
1126 1127 
3
1124 1127 1212 
3
1125 1127 1212 
3
1126 1127 1212 
3
1124 1127 1466 
3
1125 1127 1466 
3
1126 1127 1466 
2
1128 1131 
2
1129 1131 
2
1130 1131 
3
1128 1131 1268 
3
1129 1131 1268 
3
1130 1131 1268 
3
1128 1131 1434 
3
1129 1131 1434 
3
1130 1131 1434 
3
1128 1131 1494 
3
1129 1131 1494 
3
1130 1131 1494 
2
1132 1135 
2
1133 1135 
2
1134 1135 
3
1132 1135 1262 
3
1133 1135 1262 
3
1134 1135 1262 
3
1132 1135 1332 
3
1133 1135 1332 
3
1134 1135 1332 
3
1132 1135 1448 
3
1133 1135 1448 
3
1134 1135 1448 
2
1136 1139 
2
1137 1139 
2
1138 1139 
3
1136 1139 1208 
3
1137 1139 1208 
3
1138 1139 1208 
3
1136 1139 1474 
3
1137 1139 1474 
3
1138 1139 1474 
3
1136 1139 1484 
3
1137 1139 1484 
3
1138 1139 1484 
2
1140 1143 
2
1141 1143 
2
1142 1143 
3
1140 1143 1326 
3
1141 1143 1326 
3
1142 1143 1326 
3
1140 1143 1450 
3
1141 1143 1450 
3
1142 1143 1450 
2
1144 1147 
2
1145 1147 
2
1146 1147 
3
1144 1147 1320 
3
1145 1147 1320 
3
1146 1147 1320 
3
1144 1147 1486 
3
1145 1147 1486 
3
1146 1147 1486 
2
1148 1151 
2
1149 1151 
2
1150 1151 
3
1148 1151 1232 
3
1149 1151 1232 
3
1150 1151 1232 
3
1148 1151 1402 
3
1149 1151 1402 
3
1150 1151 1402 
3
1148 1151 1476 
3
1149 1151 1476 
3
1150 1151 1476 
2
1152 1155 
2
1153 1155 
2
1154 1155 
3
1152 1155 1430 
3
1153 1155 1430 
3
1154 1155 1430 
3
1152 1155 1488 
3
1153 1155 1488 
3
1154 1155 1488 
2
1156 1159 
2
1157 1159 
2
1158 1159 
3
1156 1159 1260 
3
1157 1159 1260 
3
1158 1159 1260 
3
1156 1159 1282 
3
1157 1159 1282 
3
1158 1159 1282 
2
1160 1163 
2
1161 1163 
2
1162 1163 
3
1160 1163 1228 
3
1161 1163 1228 
3
1162 1163 1228 
3
1160 1163 1376 
3
1161 1163 1376 
3
1162 1163 1376 
2
1164 1167 
2
1165 1167 
2
1166 1167 
3
1164 1167 1204 
3
1165 1167 1204 
3
1166 1167 1204 
3
1164 1167 1346 
3
1165 1167 1346 
3
1166 1167 1346 
2
1168 1171 
2
1169 1171 
2
1170 1171 
3
1168 1171 1332 
3
1169 1171 1332 
3
1170 1171 1332 
3
1168 1171 1492 
3
1169 1171 1492 
3
1170 1171 1492 
2
1172 1175 
2
1173 1175 
2
1174 1175 
3
1172 1175 1400 
3
1173 1175 1400 
3
1174 1175 1400 
3
1172 1175 1432 
3
1173 1175 1432 
3
1174 1175 1432 
3
1172 1175 1458 
3
1173 1175 1458 
3
1174 1175 1458 
2
1176 1179 
2
1177 1179 
2
1178 1179 
3
1176 1179 1340 
3
1177 1179 1340 
3
1178 1179 1340 
3
1176 1179 1446 
3
1177 1179 1446 
3
1178 1179 1446 
2
1180 1183 
2
1181 1183 
2
1182 1183 
3
1180 1183 1406 
3
1181 1183 1406 
3
1182 1183 1406 
3
1180 1183 1468 
3
1181 1183 1468 
3
1182 1183 1468 
2
1184 1187 
2
1185 1187 
2
1186 1187 
3
1184 1187 1362 
3
1185 1187 1362 
3
1186 1187 1362 
3
1184 1187 1372 
3
1185 1187 1372 
3
1186 1187 1372 
2
1188 1191 
2
1189 1191 
2
1190 1191 
3
1188 1191 1340 
3
1189 1191 1340 
3
1190 1191 1340 
3
1188 1191 1470 
3
1189 1191 1470 
3
1190 1191 1470 
2
1192 1195 
2
1193 1195 
2
1194 1195 
3
1192 1195 1240 
3
1193 1195 1240 
3
1194 1195 1240 
3
1192 1195 1252 
3
1193 1195 1252 
3
1194 1195 1252 
2
1196 1199 
2
1197 1199 
2
1198 1199 
3
1196 1199 1330 
3
1197 1199 1330 
3
1198 1199 1330 
3
1196 1199 1464 
3
1197 1199 1464 
3
1198 1199 1464 
2
1200 1201 
2
1202 1203 
2
1204 1205 
2
1206 1207 
2
1208 1209 
2
1210 1211 
2
1212 1213 
2
1214 1215 
2
1216 1217 
2
1218 1219 
2
1220 1221 
2
1222 1223 
2
1224 1225 
2
1226 1227 
2
1228 1229 
2
1230 1231 
2
1232 1233 
2
1234 1235 
2
1236 1237 
2
1238 1239 
2
1240 1241 
2
1242 1243 
2
1244 1245 
2
1246 1247 
2
1248 1249 
2
1250 1251 
2
1252 1253 
2
1254 1255 
2
1256 1257 
2
1258 1259 
2
1260 1261 
2
1262 1263 
2
1264 1265 
2
1266 1267 
2
1268 1269 
2
1270 1271 
2
1272 1273 
2
1274 1275 
2
1276 1277 
2
1278 1279 
2
1280 1281 
2
1282 1283 
2
1284 1285 
2
1286 1287 
2
1288 1289 
2
1290 1291 
2
1292 1293 
2
1294 1295 
2
1296 1297 
2
1298 1299 
2
1300 1301 
2
1302 1303 
2
1304 1305 
2
1306 1307 
2
1308 1309 
2
1310 1311 
2
1312 1313 
2
1314 1315 
2
1316 1317 
2
1318 1319 
2
1320 1321 
2
1322 1323 
2
1324 1325 
2
1326 1327 
2
1328 1329 
2
1330 1331 
2
1332 1333 
2
1334 1335 
2
1336 1337 
2
1338 1339 
2
1340 1341 
2
1342 1343 
2
1344 1345 
2
1346 1347 
2
1348 1349 
2
1350 1351 
2
1352 1353 
2
1354 1355 
2
1356 1357 
2
1358 1359 
2
1360 1361 
2
1362 1363 
2
1364 1365 
2
1366 1367 
2
1368 1369 
2
1370 1371 
2
1372 1373 
2
1374 1375 
2
1376 1377 
2
1378 1379 
2
1380 1381 
2
1382 1383 
2
1384 1385 
2
1386 1387 
2
1388 1389 
2
1390 1391 
2
1392 1393 
2
1394 1395 
2
1396 1397 
2
1398 1399 
2
1400 1401 
2
1402 1403 
2
1404 1405 
2
1406 1407 
2
1408 1409 
2
1410 1411 
2
1412 1413 
2
1414 1415 
2
1416 1417 
2
1418 1419 
2
1420 1421 
2
1422 1423 
2
1424 1425 
2
1426 1427 
2
1428 1429 
2
1430 1431 
2
1432 1433 
2
1434 1435 
2
1436 1437 
2
1438 1439 
2
1440 1441 
2
1442 1443 
2
1444 1445 
2
1446 1447 
2
1448 1449 
2
1450 1451 
2
1452 1453 
2
1454 1455 
2
1456 1457 
2
1458 1459 
2
1460 1461 
2
1462 1463 
2
1464 1465 
2
1466 1467 
2
1468 1469 
2
1470 1471 
2
1472 1473 
2
1474 1475 
2
1476 1477 
2
1478 1479 
2
1480 1481 
2
1482 1483 
2
1484 1485 
2
1486 1487 
2
1488 1489 
2
1490 1491 
2
1492 1493 
2
1494 1495 
2
1496 1497 
2
1498 1499 