20 160
0 6
0 9
0 13
0 2
0 15
0 8
0 11
0 18
0 10
0 14
0 4
0 3
0 17
0 16
0 7
0 1
1 16
1 13
1 10
1 8
1 9
1 18
1 3
1 11
1 14
1 5
1 15
1 6
2 3
2 12
2 8
2 6
2 17
2 10
2 15
2 16
2 4
2 11
2 18
2 14
2 7
2 9
2 13
3 11
3 13
3 16
3 4
3 18
3 12
3 5
3 7
3 6
3 8
3 17
3 15
3 14
3 19
3 10
3 9
4 12
4 18
4 15
4 17
4 5
4 9
4 7
4 10
4 14
4 8
4 11
5 6
5 8
5 16
5 7
5 18
5 9
5 11
5 14
5 10
5 19
5 17
5 13
5 12
5 15
6 16
6 8
6 13
6 10
6 11
6 18
6 12
6 9
6 14
6 17
7 12
7 18
7 13
7 15
7 11
7 14
7 9
7 8
7 16
8 10
8 19
8 9
8 16
8 13
8 11
8 15
8 17
9 18
9 15
9 11
9 10
9 14
9 19
9 16
9 13
10 12
10 17
10 14
10 18
10 11
10 13
11 13
11 18
11 17
11 19
11 12
12 18
12 19
12 14
12 15
12 16
13 16
13 15
13 19
13 18
13 14
14 16
14 19
14 17
15 19
15 16
15 18
16 17
16 19
17 18
