20 130
0 14
0 18
0 4
0 5
0 15
0 19
0 7
0 11
0 16
0 8
0 9
0 3
1 2
1 4
1 14
1 17
1 3
1 19
1 16
1 12
1 6
1 8
1 13
2 16
2 19
2 9
2 6
2 8
2 17
2 5
2 3
2 13
3 5
3 12
3 7
3 13
3 18
3 10
3 9
3 15
3 16
3 6
3 11
3 14
4 5
4 7
4 12
4 17
4 14
4 8
4 18
4 13
4 16
5 10
5 9
5 11
5 13
5 18
5 14
5 12
5 6
5 8
5 15
5 7
6 15
6 8
6 9
6 11
6 19
6 12
6 16
6 10
6 13
7 11
7 8
7 18
7 17
7 10
7 13
7 12
8 13
8 9
8 16
8 18
8 10
8 12
8 19
8 14
8 15
9 12
9 17
9 14
9 15
9 11
10 15
10 17
10 12
10 19
10 16
10 18
11 17
11 18
11 16
11 13
12 16
12 18
12 14
12 17
12 15
13 19
13 17
13 14
13 15
14 17
14 16
15 18
15 16
15 17
15 19
16 17
16 19
17 19
17 18
18 19
