30 222
0 4
0 6
0 2
0 27
0 26
0 21
0 7
0 17
0 14
0 22
0 5
0 1
0 20
0 3
0 9
1 19
1 28
1 23
1 10
1 27
1 22
1 24
1 8
1 25
1 7
1 3
1 21
2 14
2 5
2 3
2 7
2 20
2 24
2 16
2 23
2 25
2 11
2 28
2 26
2 9
2 17
2 12
2 22
2 19
3 11
3 5
3 20
3 13
3 26
3 18
3 28
3 8
3 9
3 23
3 12
3 6
3 21
3 17
3 22
4 9
4 16
4 28
4 15
4 11
4 27
4 10
4 22
4 24
4 12
4 13
4 5
4 18
4 29
5 17
5 6
5 12
5 14
5 7
5 20
5 10
5 8
5 21
5 29
5 27
5 9
6 10
6 26
6 25
6 29
6 12
6 23
6 15
7 12
7 13
7 16
7 22
7 24
7 21
7 20
7 15
7 23
7 19
7 8
7 9
8 14
8 28
8 9
8 23
8 22
8 15
8 16
8 26
8 12
8 29
8 13
8 27
8 21
9 15
9 18
9 12
9 13
9 16
9 22
9 10
9 29
9 17
9 21
10 14
10 26
10 27
10 18
10 22
10 13
10 15
10 24
10 17
11 20
11 23
11 25
11 19
11 18
11 12
11 28
12 23
12 28
12 14
12 27
12 25
12 20
12 22
12 15
12 29
12 19
13 17
13 19
13 25
13 21
13 16
13 28
13 27
13 15
13 18
13 22
13 14
14 18
14 28
14 26
14 23
14 20
14 29
14 27
14 19
15 18
15 27
15 28
15 23
15 25
15 22
16 18
16 21
16 25
16 17
16 27
16 20
16 19
17 24
17 22
17 18
17 26
17 28
17 27
18 27
18 29
18 24
19 29
19 21
19 23
20 27
20 24
21 24
21 25
22 26
22 29
23 24
23 25
23 29
24 28
24 25
24 29
24 26
25 29
25 26
26 27
26 29
28 29
